10
3 2 20 8 21 9 22
4 6 22 7 13 8 16 9 13
7 1 17 3 20 4 18 5 18 7 22 8 22 9 16
6 1 17 2 20 4 22 5 23 8 14 9 15
7 0 21 3 22 5 15 6 23 7 17 8 21 9 21
1 2 19
6 0 24 2 21 3 19 4 18 7 19 9 17
7 0 18 2 22 3 16 4 18 6 20 8 23 9 24
3 5 13 6 20 7 21
4 2 12 3 13 6 22 8 19
4
8 3 0.0016
8 0 0.0024000000000000002
0 2 0.0022
8 1 0.0015
16
2 7 0.0015 0.14195319570127074
0 3 0.0022 0.13743099681904936
5 0 0.0024000000000000002 0.12297753738879547
4 9 0.0017000000000000001 0.1292707047086664
7 8 0.0013000000000000002 0.1077234018305855
5 1 0.002 0.119585149875131
9 8 0.0023 0.13323493747211015
4 1 0.0024000000000000002 0.12066118923478399
4 0 0.0015 0.1299697852086107
1 0 0.0021000000000000003 0.11228811985342482
5 6 0.0019 0.12758515804781972
2 7 0.0014 0.11837093166135679
5 4 0.0016 0.11603657344302569
6 5 0.0016 0.13446842842065979
7 5 0.0023 0.10346740948342739
0 7 0.0015 0.11861325861845134
