10
5 1 20 5 18 6 24 7 19 8 14
4 0 14 3 15 4 15 9 22
8 0 24 1 22 3 12 4 16 5 13 6 21 7 22 9 18
6 0 20 1 23 2 13 5 20 6 14 9 18
8 0 22 1 12 2 13 3 19 5 20 6 14 7 24 9 21
7 0 17 1 23 2 15 3 21 4 20 6 24 8 14
8 1 13 2 19 3 23 4 21 5 14 7 17 8 20 9 15
5 0 21 2 24 3 20 5 19 8 24
6 0 18 2 16 3 21 4 16 5 24 6 12
1 8 18
4
9 1 0.0024000000000000002
5 1 0.0014
4 2 0.0014
3 7 0.0024000000000000002
16
7 4 0.0016 0.13005212822553683
8 5 0.0023 0.1380171594848632
3 0 0.0012000000000000001 0.14264143126433926
3 1 0.0018000000000000002 0.1130481912383862
2 7 0.0021000000000000003 0.1143079593852554
9 5 0.0023 0.109796701018265
6 3 0.0021000000000000003 0.10801587823816446
8 5 0.002 0.13932788772465277
8 2 0.0014 0.1379002356524752
3 7 0.002 0.12686523920800558
7 4 0.0015 0.13250762985597442
2 5 0.0015 0.13718687600318252
7 4 0.0018000000000000002 0.1196880583562058
7 3 0.002 0.11406348367625974
2 7 0.0021000000000000003 0.13219642269649762
7 1 0.0016 0.10240960976657919
