10
1 8 24
1 9 20
5 1 22 3 12 5 23 6 18 7 17
7 1 18 2 14 4 18 6 23 7 14 8 15 9 12
1 1 13
7 0 14 1 22 2 18 4 15 7 20 8 23 9 13
4 0 23 1 13 4 19 9 12
6 1 23 4 24 5 22 6 23 8 23 9 21
5 0 19 1 24 4 23 7 14 9 19
4 1 13 2 12 7 20 8 23
4
8 1 0.0018000000000000002
3 4 0.0023
8 9 0.0019
4 5 0.0012000000000000001
16
1 2 0.0017000000000000001 0.14351714761551362
7 3 0.0021000000000000003 0.12401437223906767
4 3 0.002 0.1252948165811787
7 8 0.0014 0.14357052062322623
3 1 0.0014 0.14895014257995356
3 5 0.0015 0.12932106056709577
5 8 0.0018000000000000002 0.10492786070626005
3 4 0.002 0.1120151009197066
5 8 0.0015 0.10605052740092266
0 6 0.0014 0.11023078043919662
0 1 0.0018000000000000002 0.1328814163467525
4 9 0.0012000000000000001 0.133740050518564
0 7 0.0022 0.14233982329435885
0 9 0.0012000000000000001 0.14804968293646192
9 6 0.0019 0.1291886872479719
5 4 0.0012000000000000001 0.11649225736362837
