10
1 6 22
5 0 14 2 23 3 15 5 15 9 18
4 4 21 5 19 7 24 8 21
1 5 21
8 0 21 1 20 2 16 3 15 5 17 6 15 7 20 9 19
1 4 23
3 1 17 2 22 8 24
4 2 20 5 24 8 23 9 12
6 0 19 2 15 4 21 6 24 7 22 9 12
1 0 24
4
9 8 0.0021000000000000003
6 5 0.002
9 8 0.0017000000000000001
1 3 0.0019
16
8 6 0.0018000000000000002 0.1477348591301646
3 4 0.0013000000000000002 0.1324797072421043
9 2 0.0012000000000000001 0.11548143690430811
8 6 0.002 0.13469462860471831
2 5 0.0017000000000000001 0.14874359675962495
8 0 0.0014 0.10772346964331495
1 0 0.0013000000000000002 0.1459829896887213
7 9 0.0012000000000000001 0.10621409393542239
5 0 0.0018000000000000002 0.11232195236939604
5 7 0.0017000000000000001 0.14870581585290948
0 6 0.0024000000000000002 0.1419766515328872
7 9 0.0019 0.12101410044942618
4 2 0.0013000000000000002 0.13391613011971437
0 9 0.0017000000000000001 0.14014995198941485
6 4 0.0017000000000000001 0.11732440458833494
1 2 0.0019 0.1237151142221441
