10
4 1 21 2 24 7 12 9 18
8 0 19 2 18 3 20 4 13 6 23 7 19 8 13 9 17
8 0 14 1 13 3 20 5 21 6 19 7 24 8 19 9 21
4 1 12 2 20 4 18 5 17
2 1 12 2 14
4 0 13 1 15 3 15 4 19
3 1 20 2 16 9 17
5 0 24 4 18 5 13 6 18 8 17
2 1 20 7 18
7 0 16 2 22 3 18 4 15 6 16 7 17 8 22
4
5 2 0.0024000000000000002
3 0 0.0023
2 6 0.0019
4 1 0.0023
16
4 1 0.0022 0.1486264077203587
7 1 0.0022 0.13176213680051627
0 6 0.0018000000000000002 0.13421442059264
8 3 0.0015 0.10847451111516129
7 9 0.0019 0.10092850509351467
6 4 0.0016 0.10550435668714525
3 9 0.0018000000000000002 0.1273756672674591
8 3 0.002 0.1290183433003399
9 0 0.0022 0.14431350165820495
5 2 0.0024000000000000002 0.13568007823700307
2 7 0.0023 0.1447405648657154
3 7 0.0017000000000000001 0.14601835245008699
4 5 0.0012000000000000001 0.12254710771423064
6 9 0.0023 0.12053796730512903
5 8 0.0021000000000000003 0.11902740578099971
9 7 0.0023 0.14051248894795776
