10
2 4 15 6 20
3 0 19 3 22 9 16
7 1 23 4 15 5 19 6 22 7 19 8 22 9 13
8 0 19 1 16 2 16 5 20 6 20 7 21 8 21 9 19
6 0 24 2 23 3 21 6 21 7 14 8 16
3 2 18 4 17 9 23
4 3 23 4 13 7 14 8 14
8 0 20 1 22 2 17 3 14 4 18 5 21 6 16 8 24
3 0 16 5 15 7 24
3 5 22 6 19 8 24
4
1 0 0.0013000000000000002
6 7 0.002
8 4 0.0012000000000000001
2 1 0.002
16
7 4 0.0024000000000000002 0.1461133139834478
2 6 0.0018000000000000002 0.14063550161461297
9 7 0.0015 0.12214124135975969
0 4 0.0013000000000000002 0.14961570841392613
6 7 0.0016 0.14151795030685488
8 3 0.0014 0.14896550316770535
3 8 0.0021000000000000003 0.1434221409601423
1 8 0.0017000000000000001 0.11490580458711558
0 1 0.0014 0.1430795660381335
0 5 0.002 0.11698584994739974
0 4 0.0023 0.10401007479001212
9 1 0.0021000000000000003 0.11483962318583808
9 6 0.0021000000000000003 0.10984660553177908
8 9 0.0014 0.12502477409556248
1 5 0.0014 0.14980739458847725
3 1 0.0014 0.12456313933606525
