10
1 6 19
5 0 16 4 20 5 17 6 21 9 21
1 4 14
7 0 22 1 24 2 21 4 22 5 12 7 22 8 23
1 8 18
8 0 23 1 24 3 19 4 19 6 24 7 22 8 15 9 14
2 2 16 8 22
3 5 24 6 21 8 18
4 4 12 5 19 6 23 7 16
2 0 21 6 18
4
1 8 0.0018000000000000002
6 0 0.0016
5 0 0.0013000000000000002
5 6 0.002
16
9 8 0.0018000000000000002 0.10683865675284195
2 5 0.0017000000000000001 0.10436398203287249
9 7 0.0016 0.11626573752677671
5 3 0.0023 0.12295549896566005
8 3 0.0019 0.14475411278842976
8 4 0.0019 0.10901734836010421
1 9 0.0017000000000000001 0.13370206277097077
7 3 0.0012000000000000001 0.14116312600605244
5 6 0.0015 0.1464822799426578
6 5 0.0022 0.13409495862697982
2 4 0.0018000000000000002 0.12456274899745083
4 0 0.0016 0.14354584526440273
4 7 0.0022 0.13829341924816302
6 8 0.0015 0.1254965843465063
8 1 0.0022 0.10072909711366601
8 6 0.0018000000000000002 0.12521446958507676
