10
4 2 14 3 12 4 20 5 16
8 0 16 2 18 3 23 4 14 5 14 6 16 7 14 8 19
8 0 17 1 24 3 19 4 21 5 18 6 12 7 16 8 17
6 0 14 4 20 6 22 7 16 8 18 9 16
5 0 16 1 19 2 19 8 23 9 23
8 0 15 1 22 2 14 3 21 4 19 6 17 8 20 9 16
8 0 14 1 16 2 12 3 17 5 20 7 18 8 24 9 20
8 0 22 1 18 2 24 3 12 4 17 5 18 6 20 8 22
3 2 18 5 22 7 21
7 0 19 1 16 2 20 4 13 5 21 6 15 8 21
4
1 3 0.0013000000000000002
1 9 0.0015
2 5 0.0018000000000000002
5 4 0.0018000000000000002
16
0 9 0.0018000000000000002 0.11214102941298006
1 2 0.0016 0.12883483426844847
2 8 0.0014 0.11883873630578895
3 9 0.0014 0.11681151640541318
7 6 0.002 0.11820619058580065
4 2 0.0013000000000000002 0.12892311859176814
2 4 0.002 0.12326747796340232
8 2 0.0013000000000000002 0.11182646993026944
0 4 0.0012000000000000001 0.11967474013793153
3 7 0.0019 0.1150647667378121
9 1 0.0017000000000000001 0.13392420279246628
1 5 0.0022 0.1201673814080203
1 6 0.0013000000000000002 0.12384294324210182
0 5 0.0022 0.11011812518219233
2 9 0.002 0.12432053919546363
5 8 0.0021000000000000003 0.11694913601334071
