10
3 5 15 7 18 9 17
7 2 15 3 14 4 24 5 15 6 13 7 21 9 13
5 1 24 4 20 6 19 7 24 8 23
6 1 18 2 19 4 20 7 23 8 14 9 21
2 8 16 9 15
4 1 16 4 24 7 20 9 14
5 0 22 1 24 2 16 3 13 9 14
1 9 23
8 0 23 1 20 2 16 3 23 4 13 6 20 7 22 9 24
7 0 19 2 19 3 18 4 24 6 19 7 17 8 20
4
2 7 0.0015
4 6 0.002
1 8 0.0014
6 2 0.0014
16
7 3 0.0018000000000000002 0.11557019704688234
5 4 0.0013000000000000002 0.13505717316537588
6 4 0.0013000000000000002 0.10325204213495195
1 9 0.0013000000000000002 0.14396593294578025
9 1 0.0016 0.10145638139459073
0 8 0.0018000000000000002 0.14261846981960313
5 7 0.0023 0.12171245438619838
3 7 0.0019 0.14335597458686533
6 3 0.0016 0.1289389164104593
7 2 0.0024000000000000002 0.14615725851265945
1 2 0.0023 0.1310722277225277
2 7 0.0013000000000000002 0.11324179784051297
7 6 0.0022 0.10424210166813316
5 6 0.0012000000000000001 0.12215664997372039
7 1 0.0015 0.13793751325487336
8 2 0.0014 0.11012202583981894
