10
6 1 20 4 20 5 20 6 12 8 21 9 19
6 0 17 2 18 3 20 5 16 6 18 7 17
2 6 23 8 24
3 1 23 5 17 7 13
6 0 13 1 12 2 21 3 14 5 16 8 19
6 1 21 2 20 3 17 4 22 6 18 8 18
2 3 17 8 21
8 0 24 1 13 2 15 3 24 4 17 5 17 6 23 9 12
6 2 18 3 15 4 14 5 16 6 22 7 12
2 1 14 3 14
4
6 4 0.0023
7 8 0.0017000000000000001
6 8 0.002
4 3 0.0014
16
8 0 0.002 0.11721726754592286
1 6 0.0024000000000000002 0.13177951126131512
1 2 0.0017000000000000001 0.13278867505129746
7 3 0.0017000000000000001 0.14781057538640105
8 7 0.0016 0.11709608816822123
2 0 0.0022 0.1255728175612757
1 6 0.0012000000000000001 0.1454495233800146
8 9 0.0015 0.13192094324687226
9 1 0.0014 0.1025814649069887
3 0 0.0024000000000000002 0.13907792024921908
4 0 0.0019 0.11683379139353751
6 2 0.0016 0.1066440175740283
4 6 0.0024000000000000002 0.12901622229765522
7 2 0.0014 0.11229814302297085
8 3 0.0017000000000000001 0.14541761493908123
5 9 0.0023 0.12143498963040378
