10
8 1 18 2 18 4 20 5 17 6 21 7 13 8 16 9 24
6 0 13 2 19 3 13 7 24 8 12 9 21
1 6 24
6 2 19 4 15 6 18 7 22 8 15 9 12
5 3 20 6 24 7 20 8 16 9 22
7 0 24 1 23 2 18 3 24 6 16 8 22 9 15
5 1 24 2 17 3 20 7 19 8 18
8 0 24 1 20 2 17 3 15 5 15 6 24 8 15 9 15
6 1 13 4 15 5 17 6 18 7 14 9 12
7 0 16 1 18 3 18 4 17 6 17 7 23 8 21
4
4 0 0.0024000000000000002
6 8 0.0021000000000000003
1 3 0.0013000000000000002
2 1 0.0021000000000000003
16
4 6 0.0024000000000000002 0.12731742847177324
5 0 0.0016 0.10267878608961087
4 3 0.0023 0.13992663519025425
8 9 0.0012000000000000001 0.12124142036010828
8 9 0.0014 0.12290552835384257
6 4 0.0014 0.10755062480165961
2 9 0.0016 0.11827636941928593
0 7 0.0021000000000000003 0.14049926531904267
3 2 0.0013000000000000002 0.10561484362254134
2 8 0.0024000000000000002 0.1083791192207009
9 4 0.0012000000000000001 0.14016823096215364
4 2 0.0016 0.11506357419387661
4 8 0.0022 0.14500666274423674
1 0 0.002 0.11951441765478875
8 0 0.0022 0.1078806672800416
3 6 0.0022 0.11112162504515202
