10
1 2 18
1 9 14
6 1 21 4 22 5 21 6 14 7 21 8 17
1 9 14
6 0 16 1 12 3 18 6 23 7 24 9 12
8 0 24 1 22 2 17 3 20 4 22 7 16 8 23 9 23
7 2 22 3 14 4 24 5 16 7 18 8 17 9 20
3 3 15 5 14 8 15
5 0 17 2 19 5 13 7 18 9 13
1 2 15
4
0 5 0.0012000000000000001
8 3 0.0016
6 3 0.0023
8 3 0.002
16
1 8 0.0016 0.11911153759148196
6 0 0.0021000000000000003 0.11169389489303129
4 0 0.0021000000000000003 0.11248989821838679
3 8 0.0022 0.11644762036155949
3 8 0.0019 0.10017637796353498
2 8 0.0019 0.13722018020874505
8 1 0.0019 0.10090466740875836
2 6 0.0021000000000000003 0.14690616478627735
0 1 0.0018000000000000002 0.14375168126395102
9 5 0.0024000000000000002 0.14572227908334615
7 9 0.0016 0.14275676029387058
7 8 0.0021000000000000003 0.1485402734706522
5 4 0.002 0.14068643629764896
8 9 0.0021000000000000003 0.14952792141045462
2 3 0.0018000000000000002 0.1017835732510724
2 5 0.0013000000000000002 0.10575284523117201
