10
5 3 12 6 14 7 16 8 24 9 24
3 0 12 4 12 9 13
4 4 18 5 21 8 18 9 17
1 7 19
3 0 18 3 17 5 22
3 0 17 1 12 2 22
6 1 14 3 20 4 13 5 22 8 23 9 23
6 1 21 2 13 4 18 6 13 8 24 9 24
6 0 23 2 23 3 22 5 16 6 17 9 21
6 0 12 1 16 3 14 4 17 5 23 6 14
4
4 5 0.0023
7 0 0.0016
4 8 0.0017000000000000001
5 4 0.0024000000000000002
16
5 6 0.0012000000000000001 0.1208369925286728
5 1 0.0021000000000000003 0.1385056772240139
4 8 0.0015 0.1372114498691076
6 2 0.0019 0.10725149290775789
3 6 0.0018000000000000002 0.1348896144122246
1 7 0.0016 0.12333386030233282
6 0 0.0021000000000000003 0.13081665059202802
2 6 0.0022 0.10850651470159337
8 7 0.0016 0.11450909593423815
2 6 0.002 0.14501355268549304
7 2 0.0021000000000000003 0.13060393531824985
5 8 0.0018000000000000002 0.14568442932415906
9 0 0.0022 0.14983598933079306
7 9 0.0021000000000000003 0.1026215506943011
2 9 0.0015 0.14239548764674853
2 0 0.002 0.11053749190265913
