10
3 2 16 3 19 9 13
3 2 24 3 14 6 17
8 0 21 1 14 3 24 4 17 5 15 6 24 7 13 9 16
6 0 14 1 17 2 18 5 17 7 14 8 17
8 0 18 1 24 2 15 5 12 6 12 7 20 8 23 9 24
2 6 12 8 22
8 0 20 2 22 3 14 4 13 5 23 7 17 8 12 9 22
7 1 20 2 12 4 23 5 21 6 20 8 14 9 19
3 1 15 6 13 9 20
8 0 23 1 13 2 21 3 19 4 16 6 15 7 24 8 15
4
7 3 0.0016
8 2 0.0018000000000000002
1 9 0.0016
5 9 0.0013000000000000002
16
7 2 0.0013000000000000002 0.11188629772067077
1 0 0.0017000000000000001 0.14624204159069518
0 5 0.0014 0.1483356774468228
5 1 0.0017000000000000001 0.10681397288011782
0 9 0.0017000000000000001 0.10194910910047367
8 7 0.0012000000000000001 0.12815187701881678
1 9 0.0018000000000000002 0.10433179752070341
2 9 0.0022 0.1197866761889345
9 6 0.0019 0.13941060725096485
0 6 0.0016 0.1289025152073729
0 1 0.0021000000000000003 0.12271235016138063
1 8 0.0013000000000000002 0.10914152872693622
7 6 0.0016 0.10228735299125664
3 5 0.0012000000000000001 0.12517755695405336
8 5 0.0017000000000000001 0.13871908725596502
5 9 0.002 0.12417051968576957
