10
2 4 14 6 22
5 0 14 4 24 6 22 7 24 8 21
5 0 12 1 22 6 17 8 24 9 12
3 0 18 2 20 8 23
7 0 23 1 23 2 18 3 16 6 19 8 18 9 17
7 1 20 2 16 4 13 6 20 7 20 8 23 9 22
8 0 22 1 20 2 23 4 14 5 13 7 24 8 18 9 15
5 2 12 3 24 5 16 6 17 8 24
7 0 16 1 15 3 21 4 20 5 17 7 12 9 15
4 1 22 2 12 3 15 6 21
4
2 5 0.002
4 1 0.0016
6 3 0.0013000000000000002
7 1 0.0015
16
8 6 0.0024000000000000002 0.12832780184334636
6 8 0.0012000000000000001 0.13067716624784942
4 7 0.0022 0.1356966334118944
6 5 0.0023 0.13897258375609578
1 0 0.0017000000000000001 0.14274548907372936
3 5 0.0023 0.11473007333321009
7 8 0.0024000000000000002 0.11126004325858099
4 8 0.0018000000000000002 0.1391976649762384
2 4 0.0022 0.14276159724130438
0 2 0.0023 0.11148281047977678
8 1 0.0016 0.11936832964871073
8 6 0.0013000000000000002 0.13624481461369867
6 9 0.0023 0.1150741068885605
5 3 0.0016 0.10983624153484789
0 7 0.0014 0.11942318908801032
4 2 0.0015 0.10223623895196
