10
8 1 20 2 22 3 16 4 20 5 16 6 13 7 13 8 14
6 0 14 4 17 5 22 6 14 7 22 8 23
4 3 16 4 20 5 13 9 20
6 0 14 1 19 2 18 5 22 6 16 7 20
4 1 17 2 19 5 14 9 19
7 0 24 1 19 2 16 3 13 6 24 8 18 9 21
7 0 15 1 12 2 19 3 22 4 18 5 17 9 23
4 0 22 2 21 3 21 5 22
2 1 21 6 22
4 4 20 5 23 7 17 8 20
4
4 8 0.0017000000000000001
3 4 0.0016
1 0 0.0016
1 7 0.0012000000000000001
16
4 6 0.0014 0.11950082893845437
4 2 0.0014 0.11627362342397388
6 0 0.0015 0.12644244346469435
5 4 0.0017000000000000001 0.14517188478166765
0 9 0.0019 0.11859715001943089
8 5 0.0012000000000000001 0.14716308876003834
0 9 0.0017000000000000001 0.11440926792527074
5 8 0.0013000000000000002 0.14623930290753487
0 4 0.0016 0.11702937684635706
4 5 0.0022 0.10859511080016407
0 8 0.0012000000000000001 0.10607342976764547
7 4 0.0013000000000000002 0.13327148729889393
7 3 0.002 0.12339103363846064
6 4 0.0024000000000000002 0.1282565157026565
4 3 0.002 0.10023356225151453
1 6 0.0018000000000000002 0.14048414219635025
