10
5 1 14 2 17 5 24 6 18 8 13
7 0 21 4 14 5 16 6 14 7 23 8 14 9 24
8 1 22 3 21 4 12 5 20 6 23 7 18 8 24 9 16
7 1 12 2 20 5 13 6 23 7 16 8 12 9 17
8 0 16 1 24 2 22 3 21 5 20 6 22 7 18 9 18
4 2 21 3 21 4 14 9 24
3 2 14 5 13 8 22
5 1 13 2 21 5 22 6 15 9 24
7 1 22 2 20 3 23 4 12 6 13 7 17 9 14
7 0 23 1 12 2 16 3 20 5 14 6 22 7 19
4
3 4 0.0021000000000000003
7 5 0.0022
4 6 0.0013000000000000002
7 2 0.0024000000000000002
16
6 8 0.0021000000000000003 0.10260587526866417
0 7 0.0024000000000000002 0.10746858371980055
8 9 0.0021000000000000003 0.12622308899347714
0 1 0.0024000000000000002 0.14950885087297422
9 2 0.0013000000000000002 0.11838720571408727
7 5 0.0024000000000000002 0.14821609951688192
2 3 0.0014 0.11407666165553684
2 3 0.0013000000000000002 0.13069570323827628
3 4 0.002 0.11041289727464565
8 4 0.0015 0.14087890570964134
6 8 0.0015 0.10197319948911998
8 7 0.0024000000000000002 0.1394779145663472
6 5 0.0015 0.14770831066074916
2 1 0.0023 0.12295970281602404
7 5 0.0024000000000000002 0.11258724997847769
2 8 0.0012000000000000001 0.12001095192112732
