10
2 2 20 4 13
2 3 15 8 13
3 1 13 3 14 5 15
7 0 20 1 18 2 13 5 17 6 17 7 13 9 23
4 0 16 3 12 6 23 8 16
3 1 18 3 22 7 19
7 0 22 1 17 2 24 3 24 4 22 8 24 9 20
2 0 23 3 24
6 0 23 1 13 2 18 3 21 5 24 9 17
6 1 19 2 16 3 23 4 13 5 23 7 20
4
6 2 0.0017000000000000001
6 5 0.0012000000000000001
9 8 0.0017000000000000001
2 4 0.002
16
2 4 0.0016 0.10382311667309532
9 2 0.0019 0.12310345714539404
9 2 0.0015 0.14314209082021573
3 4 0.0013000000000000002 0.11673803364330926
0 5 0.0013000000000000002 0.13405750903293245
9 0 0.0015 0.10573315911578256
4 1 0.0017000000000000001 0.1094009123002638
3 4 0.0023 0.11948313639922097
6 7 0.0022 0.13395381839593168
8 6 0.0015 0.11811976437392518
5 4 0.0014 0.13488230636311443
3 5 0.0012000000000000001 0.13855107693578128
4 7 0.0015 0.10812923725028951
7 4 0.0023 0.11245183940840094
7 2 0.0022 0.10335370238051053
3 7 0.0016 0.10591948849369462
