10
1 3 22
8 0 24 2 15 3 18 4 20 5 22 7 20 8 15 9 16
6 0 13 1 13 3 24 4 18 6 22 9 15
8 0 24 1 18 2 18 4 17 6 18 7 18 8 23 9 14
6 0 16 2 20 3 19 6 19 8 17 9 18
6 0 17 1 15 3 18 4 24 6 23 7 20
7 0 15 2 18 3 18 4 22 5 14 7 18 8 15
4 2 20 4 23 6 12 8 19
4 0 19 6 22 7 24 9 19
1 6 15
4
7 9 0.002
6 7 0.0018000000000000002
5 3 0.002
3 4 0.0016
16
7 5 0.0016 0.11307900376018427
3 4 0.0019 0.12624522259583168
4 7 0.0019 0.12597043675243916
3 9 0.0023 0.10842766312233582
5 0 0.0018000000000000002 0.1124702763976653
3 4 0.0023 0.13928637936566174
1 0 0.0018000000000000002 0.10785811112930217
7 0 0.0019 0.1129050763823605
4 5 0.0018000000000000002 0.11401659081506962
2 6 0.0017000000000000001 0.14218646513417707
1 2 0.0013000000000000002 0.12735021672524272
5 3 0.0018000000000000002 0.10517376984264287
5 3 0.0017000000000000001 0.10285567216586472
2 9 0.002 0.14186132256924971
0 7 0.0012000000000000001 0.1138993959945679
3 2 0.0015 0.10125132016889839
