10
7 1 20 4 16 5 15 6 13 7 12 8 20 9 20
1 2 15
7 1 22 3 24 4 24 6 14 7 18 8 16 9 15
4 2 12 4 15 6 19 8 22
3 0 15 1 14 3 24
4 1 14 4 24 8 23 9 16
5 1 13 2 16 7 21 8 15 9 17
4 3 18 5 14 8 22 9 21
7 1 14 2 22 3 12 5 12 6 17 7 22 9 24
1 6 18
4
8 1 0.0017000000000000001
2 9 0.0021000000000000003
6 1 0.0012000000000000001
7 9 0.0014
16
0 4 0.0015 0.11584216160767496
8 5 0.0024000000000000002 0.1280016691986287
2 6 0.0019 0.14678696837819838
6 2 0.0017000000000000001 0.11075564383931741
8 3 0.0012000000000000001 0.12760139494149778
8 6 0.002 0.10818092262990163
4 5 0.0013000000000000002 0.12498287680317782
3 4 0.002 0.12979300490497342
4 7 0.0022 0.12670111191541308
8 1 0.0022 0.13954229757670886
0 8 0.0018000000000000002 0.14992432839068784
2 1 0.0019 0.12525387947791386
9 7 0.0018000000000000002 0.1282304618294209
1 3 0.0024000000000000002 0.13351457937434547
0 2 0.0016 0.1335701177596988
0 6 0.0012000000000000001 0.10740936852893666
