10
4 3 18 4 18 5 18 7 14
1 2 19
6 0 13 1 14 3 12 5 12 6 24 9 20
4 2 22 6 17 7 18 9 24
3 7 21 8 21 9 21
7 0 15 1 13 2 17 4 15 7 23 8 14 9 20
7 0 18 1 16 2 24 3 19 4 15 8 19 9 12
1 4 21
1 2 16
3 0 21 2 13 4 16
4
4 1 0.0017000000000000001
3 8 0.0015
7 8 0.0018000000000000002
3 5 0.0012000000000000001
16
3 2 0.0024000000000000002 0.13827954406687204
7 0 0.0018000000000000002 0.10960083288025115
1 4 0.0019 0.13480234624307844
1 8 0.0018000000000000002 0.13929621624754307
6 8 0.0022 0.13134974060150062
5 1 0.0023 0.11745182058787107
5 6 0.0021000000000000003 0.13843112573626992
3 2 0.0024000000000000002 0.14228595487319878
1 7 0.0015 0.14214406438199095
8 5 0.0012000000000000001 0.10762289940382719
3 2 0.0016 0.11570710778234097
1 0 0.002 0.11021049872126824
1 5 0.0014 0.12683729396840562
9 8 0.0018000000000000002 0.11972413983978494
2 4 0.0014 0.10827301224111444
3 9 0.0013000000000000002 0.1488946349408325
