10
1 4 15
6 0 22 2 22 4 17 6 15 8 15 9 21
3 0 12 4 22 6 20
3 0 23 1 15 6 23
6 0 13 1 13 2 22 3 19 7 13 9 18
5 0 17 1 23 2 21 7 16 8 24
4 0 24 1 22 2 22 8 19
4 4 21 5 15 6 17 8 19
5 1 16 4 19 6 12 7 24 9 21
1 5 15
4
0 1 0.0023
8 2 0.0012000000000000001
0 3 0.0016
7 0 0.0023
16
2 8 0.0016 0.14358931246521608
4 8 0.0021000000000000003 0.10779046198392218
4 2 0.0021000000000000003 0.14863748941883448
6 2 0.0018000000000000002 0.1263989301749583
6 2 0.002 0.1116561367585511
3 5 0.0024000000000000002 0.12844405263555866
2 9 0.0016 0.13713774324264127
8 4 0.0018000000000000002 0.1263242922497574
4 6 0.0023 0.14151339569751162
8 7 0.0023 0.12962802151030184
2 6 0.0019 0.10757916751312248
7 0 0.0019 0.1054333262612958
5 3 0.0016 0.10547362619807954
4 2 0.0021000000000000003 0.1266545602437005
8 0 0.0019 0.10818057202822255
5 9 0.0021000000000000003 0.12535325836660838
