10
6 1 16 2 21 3 14 6 15 7 17 8 24
3 4 21 6 17 7 24
4 0 16 1 12 3 14 8 17
4 4 20 5 13 8 23 9 17
2 5 22 6 14
6 0 22 1 18 4 12 6 24 7 17 8 12
5 0 16 2 23 3 15 4 18 8 13
5 2 17 3 20 4 23 8 16 9 23
7 0 17 1 13 2 18 3 15 5 15 6 12 9 21
7 1 22 2 15 4 20 5 23 6 20 7 17 8 14
4
6 5 0.0021000000000000003
4 2 0.0022
0 9 0.0019
0 5 0.0021000000000000003
16
9 4 0.0023 0.14486283799585756
1 3 0.0012000000000000001 0.13126376252292093
6 8 0.0013000000000000002 0.1064977891577126
8 3 0.0014 0.1484304156337044
6 9 0.0014 0.13515915679989843
7 9 0.0012000000000000001 0.1312690441637711
5 7 0.0021000000000000003 0.1206308212006686
3 2 0.0015 0.13328091140388929
5 3 0.0024000000000000002 0.1288657445318604
5 6 0.0024000000000000002 0.10248168721979625
6 1 0.0022 0.10360467932205122
8 6 0.0021000000000000003 0.139316408723428
5 8 0.0012000000000000001 0.1396827280446127
8 9 0.0016 0.13855531991267062
8 3 0.0016 0.10684792280808744
0 8 0.0018000000000000002 0.12427070577332541
