25
9 1 21 5 20 7 21 8 24 10 14 20 18 21 13 23 18 24 15
5 3 13 12 23 17 22 22 24 23 18
2 4 24 19 12
1 13 19
5 11 24 12 14 14 21 21 22 22 16
14 1 17 2 19 3 12 7 21 8 13 12 22 13 20 14 19 16 14 18 13 19 21 20 22 21 20 24 19
7 0 19 4 14 5 15 11 13 14 13 17 22 24 24
9 0 16 1 22 3 20 9 12 12 20 13 13 16 19 20 15 22 22
9 3 21 5 15 9 13 13 24 18 15 19 16 20 13 21 18 22 15
23 0 18 1 23 2 16 3 23 4 24 5 24 6 18 7 14 10 15 11 14 12 22 13 24 14 18 15 23 16 15 17 12 18 15 19 15 20 18 21 17 22 20 23 22 24 24
6 0 17 5 24 13 19 17 14 21 23 22 13
12 2 24 3 12 4 19 5 19 6 13 8 14 12 14 13 12 15 21 17 16 20 13 21 12
2 17 22 20 13
2 14 19 23 24
13 0 12 2 12 3 19 6 20 9 18 11 20 12 16 13 21 15 14 16 21 17 13 19 22 20 16
4 12 24 16 20 18 22 22 13
12 0 16 1 16 3 12 4 22 5 23 8 20 12 19 14 20 15 14 19 21 22 18 23 23
20 0 21 2 13 3 13 5 14 6 20 7 19 8 21 9 17 10 19 11 20 12 14 13 18 14 16 15 15 16 21 18 21 20 23 21 15 22 12 24 16
18 1 13 2 13 3 22 4 15 5 13 6 20 7 21 8 13 9 20 10 23 12 20 13 21 14 15 15 12 16 16 17 13 19 21 22 17
20 0 23 2 22 3 23 4 14 5 15 6 24 7 12 8 14 9 22 10 24 11 19 12 13 13 14 14 14 15 19 16 24 17 13 18 13 22 23 24 21
17 0 23 1 22 2 18 3 22 5 19 6 23 7 24 11 23 12 12 13 13 14 14 15 19 16 22 18 16 21 24 23 24 24 18
23 0 18 1 16 2 12 4 16 5 12 6 19 7 18 8 15 9 13 10 18 11 16 12 24 13 15 14 21 15 13 16 17 17 18 18 21 19 15 20 23 22 22 23 22 24 14
11 0 22 4 17 5 19 6 20 7 14 8 23 12 16 15 14 16 24 19 24 21 14
4 9 14 12 17 13 18 19 19
13 2 14 3 14 5 19 7 19 8 12 9 13 11 16 14 21 15 12 16 21 18 21 20 24 23 19
12
6 22 0.0024000000000000002
12 21 0.002
9 5 0.0021000000000000003
23 7 0.0021000000000000003
1 18 0.0022
8 24 0.0012000000000000001
20 4 0.002
21 22 0.0016
22 9 0.0014
15 10 0.002
3 17 0.0018000000000000002
3 4 0.0022
12
22 9 0.0018000000000000002 0.14702691594980044
8 11 0.0018000000000000002 0.1021495751184103
8 14 0.002 0.10407809078636512
4 5 0.0012000000000000001 0.1315958722454746
16 4 0.0019 0.14912680704077033
4 13 0.0012000000000000001 0.11056921877581345
24 6 0.0023 0.13943332142397002
7 14 0.0019 0.14006328565105383
22 11 0.0014 0.11594599563217603
2 17 0.0021000000000000003 0.13940382116651978
5 11 0.0023 0.1392959448815223
8 11 0.0018000000000000002 0.12218878523181356
