25
5 1 16 10 19 11 20 18 20 21 24
23 0 14 2 17 3 14 4 22 5 13 6 21 7 19 8 17 9 23 10 22 11 19 12 16 13 18 14 17 15 15 16 17 17 13 19 13 20 24 21 21 22 16 23 15 24 20
7 3 16 5 22 9 13 13 17 17 14 23 15 24 14
6 7 16 8 17 13 21 14 20 17 17 22 24
5 0 23 10 14 11 24 22 12 24 19
15 0 24 1 16 2 22 3 20 4 21 7 13 8 21 9 14 13 15 14 13 15 12 18 16 20 17 22 20 24 14
16 0 22 2 15 3 12 5 21 7 16 8 24 12 20 13 12 14 22 15 17 16 17 17 16 19 17 22 12 23 12 24 18
17 0 20 1 18 2 21 4 21 5 18 6 20 8 12 9 23 10 16 12 14 14 12 15 23 19 14 20 23 21 21 23 17 24 22
16 0 14 1 18 2 12 3 17 4 19 5 23 6 15 7 24 11 15 12 23 15 14 16 15 17 23 18 14 21 12 24 15
11 1 13 3 20 5 23 10 20 13 16 15 22 16 16 17 16 19 23 22 19 23 13
18 0 16 2 12 3 18 7 13 8 13 9 15 11 18 12 21 14 17 15 21 16 21 17 15 18 14 19 22 21 20 22 24 23 21 24 12
6 1 23 3 24 8 17 12 24 16 17 23 19
15 0 12 1 21 2 21 3 18 5 22 8 18 10 13 11 18 16 13 17 19 18 17 19 13 20 16 21 23 24 12
19 1 13 2 16 3 16 4 13 6 16 8 12 9 20 10 19 11 18 14 14 15 23 16 24 17 22 18 17 20 21 21 19 22 18 23 21 24 13
18 1 18 3 16 4 15 5 21 6 14 7 24 10 21 11 19 12 16 13 12 15 15 16 23 17 13 18 18 21 22 22 20 23 19 24 22
16 0 13 1 15 2 23 3 20 4 15 5 22 9 20 10 14 11 15 12 18 13 19 16 24 17 15 20 15 22 12 24 14
7 1 24 5 15 8 19 18 12 19 19 23 15 24 17
5 6 14 9 24 12 14 13 13 22 22
5 0 15 6 23 10 21 11 13 24 22
6 3 21 6 21 8 22 10 18 17 18 18 18
10 0 12 2 22 4 13 5 24 9 23 12 14 13 22 14 20 23 12 24 17
14 0 20 2 17 4 21 5 15 7 21 8 24 11 18 12 21 13 14 18 14 19 24 20 23 22 21 24 14
22 0 12 1 24 2 13 3 15 4 15 5 13 6 12 7 14 8 24 9 21 10 23 11 19 12 19 13 14 14 12 15 15 17 15 18 12 19 14 20 23 21 18 24 16
13 0 16 1 19 2 22 3 23 4 18 5 14 6 18 7 23 12 23 14 17 16 14 20 14 24 21
21 0 20 1 19 2 24 3 15 4 22 6 13 7 17 8 24 9 15 10 22 12 21 13 15 14 20 16 20 17 15 18 17 19 20 20 23 21 24 22 14 23 23
12
14 21 0.002
6 9 0.0023
18 24 0.0017000000000000001
12 0 0.0014
9 16 0.0022
22 6 0.0024000000000000002
23 12 0.0015
6 17 0.0024000000000000002
15 13 0.0013000000000000002
10 0 0.0012000000000000001
19 12 0.0016
22 17 0.0024000000000000002
12
20 2 0.0016 0.10830888603756957
7 19 0.0014 0.14607551729704069
14 23 0.0019 0.1240120135319192
23 21 0.0024000000000000002 0.14102455575808295
23 15 0.0018000000000000002 0.10722495218614175
9 11 0.0019 0.10005833394016168
24 11 0.0023 0.12000808144104624
4 6 0.0016 0.11299384070025582
24 23 0.0018000000000000002 0.1406415177619294
11 17 0.0021000000000000003 0.10022687431688557
22 21 0.0014 0.10360231225307445
2 4 0.0014 0.1046649318583629
