20
13 1 19 2 23 3 23 5 17 7 18 8 18 9 22 10 12 11 24 12 16 13 23 14 18 18 19
6 2 17 6 24 9 14 10 15 11 23 13 16
12 0 12 1 16 4 14 5 12 6 19 7 17 8 20 10 16 11 24 16 15 17 16 18 22
3 2 20 8 23 17 22
13 1 22 2 20 3 19 5 24 6 22 7 24 8 22 10 19 11 21 14 14 15 24 17 24 19 19
3 0 18 2 12 11 22
10 0 16 1 19 2 16 4 20 7 14 11 15 12 21 16 15 17 16 19 23
11 0 21 1 13 2 24 6 17 8 12 10 23 12 16 14 21 15 21 16 19 19 21
3 4 22 12 23 13 16
16 0 19 1 20 2 13 3 23 4 15 5 19 7 13 8 13 11 13 12 16 13 15 14 15 15 19 16 16 17 22 19 15
17 0 13 1 17 3 19 4 17 5 16 6 22 8 14 9 12 11 19 12 15 13 13 14 18 15 14 16 24 17 23 18 17 19 12
7 0 14 1 19 3 20 4 15 5 18 14 24 17 23
12 1 24 2 13 3 12 4 18 6 19 8 21 10 15 13 17 14 21 15 20 18 21 19 24
7 3 22 4 22 10 14 11 18 12 17 14 24 18 15
3 0 14 13 24 16 19
15 0 19 1 23 2 12 3 19 4 15 6 16 8 23 9 19 10 16 12 13 13 13 14 15 16 21 18 18 19 15
2 10 14 12 24
13 0 13 1 12 2 13 3 13 5 15 6 23 7 17 10 24 11 14 12 13 15 23 16 18 19 21
17 0 17 1 18 2 17 3 17 4 21 5 23 7 21 8 19 9 16 11 15 12 15 13 23 14 17 15 20 16 19 17 14 19 19
9 4 18 5 23 6 24 7 19 8 19 11 19 12 20 13 22 14 13
8
14 9 0.0014
11 19 0.0022
19 4 0.0022
17 4 0.0013000000000000002
0 4 0.0021000000000000003
10 3 0.0013000000000000002
18 2 0.0019
3 11 0.0019
16
4 12 0.0019 0.14035090266660366
4 2 0.0023 0.13991722451922872
0 9 0.0019 0.12330711957593374
16 3 0.0021000000000000003 0.13932827429658298
12 3 0.0017000000000000001 0.14624389146052275
14 5 0.0024000000000000002 0.14116197073724987
8 3 0.0018000000000000002 0.1488063970270501
14 18 0.0014 0.14882442252093836
11 8 0.0016 0.11077248982469017
5 12 0.0021000000000000003 0.1457328045827198
11 10 0.0023 0.14527481059901953
0 1 0.0019 0.11370689130416474
10 18 0.0018000000000000002 0.139560002136615
6 1 0.0015 0.10450452101250991
12 6 0.0023 0.1247819999996464
10 2 0.0017000000000000001 0.14207106419027896
