20
7 1 15 2 24 13 13 14 19 16 23 17 20 19 16
6 2 13 6 22 10 21 12 16 14 23 17 13
4 4 15 5 12 7 20 19 16
15 1 24 2 18 4 18 5 18 6 22 7 23 8 15 10 16 11 15 12 15 13 15 14 24 15 18 18 12 19 15
6 1 22 5 13 11 21 12 24 16 24 17 13
2 6 16 13 17
7 0 17 1 24 9 14 11 15 15 19 17 15 19 22
11 0 14 2 14 3 22 5 21 8 12 9 14 10 17 11 15 16 23 17 19 19 14
11 0 14 1 13 5 22 6 17 9 23 11 17 12 13 15 20 16 23 18 20 19 19
6 3 14 5 13 7 17 8 21 17 17 19 16
10 1 17 2 20 3 12 6 22 8 13 9 16 13 17 14 15 15 16 17 17
15 0 14 1 18 2 14 3 24 4 19 5 22 7 22 8 19 9 21 10 22 12 13 14 18 15 14 16 14 17 24
17 0 18 1 17 2 21 3 23 4 14 5 14 6 17 7 12 8 17 9 24 10 18 13 24 14 23 15 17 16 18 17 18 18 15
5 0 13 4 13 6 19 14 19 19 16
17 0 22 1 14 2 17 3 15 5 14 6 15 8 14 9 22 10 17 11 18 12 23 13 15 15 24 16 23 17 13 18 19 19 21
1 2 20
3 3 14 13 15 18 15
15 0 22 2 17 4 23 6 24 7 18 8 18 9 14 10 17 11 19 12 15 13 24 15 23 16 24 18 24 19 18
18 0 22 1 22 2 13 3 23 4 18 6 12 7 20 8 24 9 16 10 17 11 16 12 18 13 21 14 22 15 19 16 16 17 12 19 20
9 1 15 4 15 5 20 9 22 11 16 12 23 13 22 16 19 17 22
8
4 15 0.0021000000000000003
5 9 0.0013000000000000002
9 17 0.0014
11 18 0.0017000000000000001
9 1 0.0022
9 10 0.0019
7 6 0.0016
7 19 0.0012000000000000001
16
4 16 0.0021000000000000003 0.13217366584839446
18 5 0.0016 0.11419909202763312
4 10 0.0015 0.149194359870429
18 16 0.0019 0.1080520179395634
0 12 0.0016 0.148402058171511
8 13 0.0019 0.10754514148771382
2 19 0.002 0.13258780197052644
10 14 0.0019 0.1318514130447035
8 12 0.0021000000000000003 0.1324626585206599
12 7 0.0017000000000000001 0.14524234467371225
7 5 0.0021000000000000003 0.1261992984146556
9 7 0.0023 0.14172876634028275
10 7 0.0022 0.13541704218873182
18 8 0.0014 0.12382199860461776
18 2 0.0016 0.12136369709280512
12 19 0.0014 0.14384316048395457
