20
9 1 22 2 19 5 13 6 12 8 16 12 12 15 12 17 21 18 12
5 0 17 2 13 15 15 18 21 19 15
13 0 17 1 20 3 23 5 16 6 19 9 20 10 16 12 18 13 24 14 14 15 16 16 19 18 21
12 1 16 2 22 4 18 5 20 6 24 7 22 10 14 11 24 12 16 13 16 15 12 18 14
14 0 19 1 12 2 18 3 16 6 19 7 20 9 23 10 22 12 16 13 14 14 12 17 15 18 20 19 15
10 0 18 1 17 3 16 4 12 6 17 8 13 9 15 11 14 16 13 19 19
16 0 22 1 19 2 13 3 22 4 23 5 15 7 20 8 12 10 20 11 13 12 13 13 18 16 15 17 16 18 22 19 14
10 2 16 4 12 6 18 9 13 10 20 12 24 13 22 14 13 15 16 16 16
3 6 24 10 21 17 14
9 4 19 6 13 7 19 10 15 12 18 13 24 14 18 16 15 19 15
4 5 15 7 20 13 20 19 23
16 0 18 1 15 2 14 3 21 4 21 5 22 6 20 7 14 8 21 9 16 10 14 12 13 13 19 15 19 18 21 19 23
2 2 17 10 14
12 2 24 3 19 6 12 7 13 8 23 9 20 11 13 12 24 14 15 17 13 18 23 19 15
8 0 23 2 12 6 24 10 17 11 17 12 15 15 12 16 22
12 0 12 1 16 4 21 6 21 9 19 11 21 12 24 13 21 14 15 16 14 17 12 19 20
12 0 13 1 24 2 17 3 12 6 18 7 23 11 13 13 19 14 19 17 23 18 19 19 15
2 5 16 13 20
17 0 22 2 19 3 21 4 16 5 19 6 23 7 12 8 21 9 16 10 17 11 21 12 19 13 24 15 24 16 21 17 19 19 20
9 0 15 1 12 2 19 4 20 13 17 14 13 16 17 17 13 18 22
8
16 10 0.0015
7 1 0.0012000000000000001
3 13 0.0014
18 10 0.0022
0 12 0.0017000000000000001
8 6 0.0015
2 3 0.0018000000000000002
14 3 0.0021000000000000003
16
6 2 0.0024000000000000002 0.13189623273566106
16 14 0.0017000000000000001 0.11258880135749431
15 18 0.0022 0.12066161428894429
17 2 0.002 0.1464886112048326
11 5 0.0018000000000000002 0.12873627676615348
11 10 0.0018000000000000002 0.14904247649914565
1 0 0.0024000000000000002 0.10247432784557482
15 13 0.0014 0.11097218543643571
0 7 0.0012000000000000001 0.13761625699230012
10 17 0.0023 0.10178438688025192
17 15 0.0016 0.1192719056544308
18 11 0.0021000000000000003 0.14733939374203198
3 9 0.0016 0.12004293821720956
15 3 0.0018000000000000002 0.1266813912507923
16 13 0.0021000000000000003 0.10788954932359994
4 12 0.0012000000000000001 0.11427193509222537
