20
18 1 12 2 13 3 19 4 15 5 24 6 24 7 14 8 13 9 19 10 17 11 13 12 24 14 20 15 24 16 24 17 16 18 15 19 23
7 0 14 2 17 5 22 7 24 10 15 17 13 18 22
7 0 17 6 13 10 13 15 13 16 20 17 18 19 21
18 0 23 1 24 2 19 4 18 5 20 6 18 7 24 8 19 9 21 10 17 11 18 12 16 13 15 14 20 15 18 16 14 17 12 18 12
5 1 16 8 15 11 17 12 13 17 14
3 1 21 9 20 18 24
1 5 24
18 0 17 1 20 2 13 3 16 4 24 5 24 6 12 8 20 9 17 10 12 11 12 12 24 13 21 15 24 16 12 17 23 18 12 19 16
7 2 17 4 19 7 18 9 18 12 15 14 15 17 24
1 5 17
7 2 19 4 15 11 15 13 12 15 18 16 14 18 24
1 2 24
3 1 13 2 19 6 24
2 8 15 14 19
10 1 13 3 13 4 16 6 18 7 17 8 14 9 13 11 15 13 21 18 24
15 0 16 1 21 2 12 4 14 6 21 7 16 8 22 9 14 11 13 12 17 13 19 14 12 16 15 17 15 18 22
12 0 18 1 15 4 15 6 21 8 21 10 24 11 16 13 15 15 23 17 19 18 12 19 17
12 0 19 2 23 4 16 5 19 9 20 10 17 11 18 13 24 14 15 15 20 16 15 19 17
17 0 22 2 23 3 21 4 21 5 19 6 21 7 14 8 14 9 23 10 18 12 15 13 16 14 24 15 15 16 21 17 21 19 20
11 2 14 4 22 5 18 6 13 7 13 9 18 10 13 12 17 15 17 17 24 18 12
8
11 16 0.0013000000000000002
6 11 0.0016
19 2 0.0021000000000000003
8 7 0.0017000000000000001
4 7 0.0016
5 12 0.002
13 6 0.0017000000000000001
12 18 0.0012000000000000001
16
19 9 0.0016 0.10015208517624065
5 3 0.0021000000000000003 0.127664940222676
5 13 0.0021000000000000003 0.11989611435728276
16 1 0.002 0.12516512046535683
18 5 0.002 0.12945200214344132
1 15 0.0024000000000000002 0.14759683335128254
0 11 0.002 0.12868221016318024
3 17 0.0018000000000000002 0.1139096991295948
7 6 0.0017000000000000001 0.13557672914288874
4 1 0.0012000000000000001 0.14935801702587204
3 19 0.0016 0.11028753572066557
13 8 0.0015 0.12824074595068613
6 4 0.0015 0.14757945564556912
0 11 0.0016 0.11653068515318787
14 11 0.0021000000000000003 0.1176084942017799
19 8 0.0014 0.10628577443463612
