20
7 1 16 6 15 7 21 11 23 13 24 17 12 18 15
8 2 23 4 22 5 20 7 20 10 17 16 14 17 18 18 23
16 1 23 3 14 4 24 5 16 6 12 7 13 9 21 10 22 11 24 12 14 14 20 15 15 16 24 17 13 18 12 19 18
13 1 18 2 14 5 19 6 21 7 24 8 18 9 18 11 14 12 17 14 21 16 14 17 22 19 24
8 2 16 3 16 7 12 11 19 14 18 16 15 18 21 19 24
16 3 15 4 21 6 24 7 15 8 15 9 22 10 21 11 14 12 12 13 20 14 21 15 12 16 18 17 20 18 13 19 23
16 0 15 1 15 2 24 3 18 5 24 7 18 8 21 9 19 10 13 11 19 12 23 13 18 15 15 17 16 18 20 19 13
17 0 22 1 19 2 22 3 18 4 12 5 13 6 23 8 20 9 23 10 20 11 12 12 13 14 19 15 14 16 13 17 18 19 16
2 2 21 3 24
2 2 13 18 14
1 17 16
17 0 14 1 12 3 12 4 24 5 22 6 19 7 15 8 13 9 16 10 16 12 15 13 23 14 19 15 17 16 14 18 12 19 23
13 0 19 1 22 2 13 3 21 4 20 5 23 8 18 9 14 11 16 13 13 17 20 18 24 19 15
13 0 20 1 24 3 14 6 24 7 18 8 24 9 21 10 15 11 21 12 22 16 15 17 19 19 13
18 0 22 1 14 2 15 3 14 4 18 6 14 7 19 8 23 9 20 10 15 11 12 12 12 13 16 15 20 16 20 17 23 18 22 19 13
18 0 14 1 23 2 14 3 22 4 17 5 24 6 18 8 23 9 21 10 22 11 23 12 15 13 17 14 17 16 17 17 23 18 23 19 12
18 0 21 1 20 2 17 3 17 4 18 5 21 6 22 7 16 8 13 9 14 10 21 11 20 13 18 14 20 15 22 17 17 18 22 19 22
8 1 17 2 20 3 20 12 23 13 12 14 15 16 14 18 20
18 0 21 1 24 2 15 3 12 4 23 5 15 6 24 7 24 8 21 9 15 10 16 11 13 12 24 13 19 14 13 15 22 16 13 17 19
9 4 15 5 23 6 18 7 20 8 19 11 22 15 16 17 20 18 14
8
5 17 0.0021000000000000003
9 15 0.0021000000000000003
15 2 0.0018000000000000002
3 19 0.002
12 8 0.0015
2 7 0.0014
17 5 0.002
13 17 0.0015
16
4 18 0.0012000000000000001 0.13729309895724812
18 13 0.0016 0.10382367258814539
4 1 0.0024000000000000002 0.12035799745514969
19 2 0.0017000000000000001 0.12274208369803633
12 0 0.0019 0.1468106030308102
10 8 0.0016 0.14169555126451502
14 4 0.0015 0.11864074315232231
2 6 0.0021000000000000003 0.14109549568766433
10 2 0.0023 0.1489385240225492
10 14 0.0021000000000000003 0.11779931440352881
2 8 0.0018000000000000002 0.11013655967830387
16 13 0.0021000000000000003 0.13173463742529926
0 3 0.0012000000000000001 0.11519846093950686
0 17 0.0012000000000000001 0.14048857509761425
14 9 0.002 0.14046329789416123
3 7 0.0016 0.10040975504386551
