20
5 1 22 4 14 5 16 7 24 18 13
5 0 23 3 17 4 13 6 13 9 14
18 0 21 1 14 3 17 4 18 5 17 6 13 7 13 9 22 10 23 11 21 12 20 13 24 14 17 15 13 16 20 17 17 18 16 19 12
4 4 13 11 24 12 22 16 13
6 1 17 5 23 10 16 13 12 16 12 18 13
3 1 12 4 15 19 19
3 0 12 8 15 17 20
16 0 13 1 12 2 19 4 15 6 23 8 20 9 21 10 17 11 20 12 16 13 15 14 24 16 22 17 21 18 16 19 22
13 1 19 3 13 4 19 5 23 6 19 7 22 10 20 11 18 12 15 13 14 16 24 18 23 19 22
1 1 23
8 1 23 6 20 7 12 13 23 14 13 15 18 17 18 18 18
16 0 24 1 21 2 16 3 17 4 19 6 14 7 20 8 24 9 20 12 22 13 13 15 14 16 21 17 18 18 20 19 24
8 3 20 5 21 7 12 9 21 11 12 13 23 16 16 18 22
6 0 23 6 12 7 19 9 24 17 18 18 20
15 0 21 1 16 2 15 4 16 6 20 7 24 10 15 11 24 12 22 13 19 15 24 16 24 17 21 18 24 19 12
4 0 22 6 18 9 23 17 19
16 0 24 1 17 2 24 3 22 4 23 5 20 7 19 8 23 9 18 10 21 11 21 12 24 14 19 15 16 18 18 19 14
6 2 20 3 22 4 20 8 21 10 19 12 24
4 2 15 5 16 9 17 12 19
16 0 24 1 18 2 22 3 12 4 15 7 15 8 16 9 15 10 23 12 12 13 24 14 13 15 18 16 22 17 14 18 17
8
14 18 0.0016
11 13 0.0013000000000000002
9 16 0.0023
1 3 0.0018000000000000002
9 15 0.0019
0 11 0.0023
2 11 0.0021000000000000003
8 7 0.0014
16
7 11 0.002 0.10692140543001366
16 4 0.0021000000000000003 0.13992809927762515
14 10 0.002 0.12008609989710108
5 14 0.0022 0.12199358297119556
14 17 0.0023 0.1094096120930385
3 10 0.0024000000000000002 0.1410871571763156
4 10 0.0023 0.12363829726954154
7 9 0.0013000000000000002 0.14066096470986642
16 6 0.002 0.13743698643578367
10 0 0.0021000000000000003 0.14311040027434663
2 3 0.0013000000000000002 0.1161647817925358
11 5 0.0014 0.13190447951838546
14 1 0.0023 0.13170595288036852
3 19 0.0017000000000000001 0.11538009886275516
9 15 0.0023 0.10098439420672625
8 5 0.0017000000000000001 0.13147528569677236
