20
4 10 19 14 13 17 23 19 16
4 2 18 3 17 8 13 10 22
5 3 16 6 24 7 12 16 14 17 19
14 1 15 2 23 5 18 6 21 7 17 8 22 9 21 10 12 11 13 13 15 14 19 15 24 16 24 19 21
14 2 23 3 14 5 24 7 18 9 12 10 12 11 16 13 22 14 19 15 19 16 17 17 18 18 20 19 17
10 0 21 1 20 2 12 3 17 4 24 9 22 11 16 12 16 15 12 18 12
17 0 15 1 18 2 21 3 21 4 19 5 23 7 12 8 21 9 17 11 23 12 21 13 16 15 14 16 23 17 21 18 18 19 24
3 6 16 8 17 16 24
16 0 17 1 24 2 21 3 20 4 14 5 18 9 17 10 22 11 19 13 15 14 24 15 23 16 18 17 15 18 19 19 19
10 0 18 1 14 2 13 4 13 5 17 8 12 11 22 12 20 14 18 16 18
6 3 24 6 13 8 20 9 20 12 14 14 20
17 0 17 1 21 2 19 3 22 4 13 5 14 6 15 7 22 8 14 9 17 10 18 12 15 13 21 14 16 15 18 16 22 19 21
12 0 23 1 24 2 22 3 22 4 22 5 14 7 17 9 21 11 23 13 22 17 18 19 17
15 0 22 1 15 3 16 5 22 6 21 7 12 8 23 9 20 11 24 12 24 14 17 16 12 17 23 18 12 19 18
11 1 12 3 17 6 12 7 13 8 20 9 24 10 12 12 13 13 15 15 14 18 19
13 2 20 3 13 5 17 6 20 7 20 8 13 9 23 11 15 13 24 14 15 16 16 17 20 18 17
16 0 20 1 24 2 24 3 14 4 14 6 21 7 12 8 13 9 21 11 17 12 14 13 19 14 13 15 12 17 20 18 21
2 1 22 9 17
13 0 23 2 22 3 18 5 18 7 17 8 16 9 19 11 16 12 23 13 15 16 22 17 18 19 13
17 1 20 2 12 3 14 4 16 5 23 6 21 7 20 8 17 9 14 10 17 11 22 12 19 13 23 14 14 15 16 16 21 17 15
8
0 14 0.0022
5 2 0.0022
0 11 0.0016
8 14 0.0012000000000000001
17 5 0.0018000000000000002
7 11 0.0021000000000000003
14 7 0.0023
3 0 0.0021000000000000003
16
5 2 0.0015 0.14214610614214782
5 3 0.0012000000000000001 0.1390882595594097
13 18 0.0024000000000000002 0.14537901757989843
16 10 0.0015 0.14742028209514096
0 13 0.0013000000000000002 0.14373802000363134
9 11 0.0021000000000000003 0.1436853792622219
9 5 0.0023 0.1285442058057474
10 6 0.0019 0.12494090367002718
18 6 0.0023 0.11650776809091237
6 9 0.0012000000000000001 0.14268898251984288
12 8 0.0012000000000000001 0.13071631302648712
13 1 0.0012000000000000001 0.12570491065363076
1 10 0.0016 0.11121176047483954
5 13 0.0019 0.14467349636345062
12 5 0.0017000000000000001 0.10441551139044802
10 5 0.0021000000000000003 0.10696018199228902
