20
3 10 12 13 19 18 16
7 0 15 7 17 8 20 12 24 14 14 15 14 19 13
11 7 24 8 15 9 24 10 14 11 22 12 22 14 21 15 13 17 22 18 14 19 21
7 1 19 2 13 4 15 6 24 16 18 18 23 19 16
18 0 23 1 21 2 12 3 22 5 17 6 18 7 12 8 19 9 15 10 15 11 23 12 18 13 24 14 22 15 12 16 19 17 21 18 21
3 1 20 14 22 17 20
16 0 20 1 14 2 14 3 16 4 14 7 23 8 24 9 24 10 24 11 22 12 21 14 20 15 14 16 21 17 17 19 13
6 5 16 9 24 11 21 14 21 18 19 19 20
7 0 12 1 19 10 14 12 19 13 17 15 19 16 24
5 2 22 3 14 7 14 16 12 17 17
8 1 18 6 15 7 21 14 22 15 19 16 19 17 21 18 22
18 0 20 1 13 2 24 3 23 4 14 5 18 6 16 7 18 9 19 10 23 12 13 13 12 14 23 15 22 16 23 17 17 18 16 19 23
2 15 20 16 17
16 0 17 1 18 2 16 3 15 5 22 6 17 7 14 8 24 9 21 10 15 12 21 14 24 15 12 16 19 17 23 18 12
16 0 20 1 12 2 13 3 21 4 21 5 13 6 24 7 18 8 12 9 20 10 24 11 13 12 19 15 13 18 12 19 18
15 0 12 1 16 4 14 5 23 6 16 7 21 9 15 10 12 11 18 12 24 13 17 14 12 16 20 17 16 19 13
14 1 23 2 16 3 16 4 12 5 20 6 12 7 16 8 18 9 15 10 13 11 22 14 24 15 23 17 23
14 1 15 2 18 4 20 5 13 6 24 7 22 8 12 9 16 11 18 12 15 13 24 14 24 16 16 18 23
12 0 14 3 23 6 21 7 12 8 18 9 17 10 13 11 22 12 14 15 14 16 18 17 12
16 0 23 1 18 2 19 3 23 5 13 6 17 7 19 8 22 10 16 12 15 13 21 14 19 15 13 16 12 17 18 18 12
8
5 14 0.0018000000000000002
4 2 0.0015
6 11 0.0019
19 18 0.0014
13 2 0.0019
11 9 0.0017000000000000001
4 16 0.0024000000000000002
17 3 0.0015
16
8 13 0.0024000000000000002 0.11299374521385412
1 3 0.0016 0.11336949810900022
9 7 0.0013000000000000002 0.1303934499900365
4 2 0.0022 0.12668177671170547
6 0 0.002 0.13203755700621886
2 17 0.0022 0.12063877317097231
2 11 0.0018000000000000002 0.1350754369545936
1 17 0.0016 0.11996362454066713
3 17 0.0015 0.11748965266902298
17 0 0.0023 0.10627009400726958
8 14 0.0024000000000000002 0.12071559420682991
11 18 0.0014 0.1162013088235233
7 15 0.002 0.13320047802093743
9 3 0.0016 0.10956049550455801
11 5 0.0021000000000000003 0.13160946551388042
10 1 0.002 0.10752986171665913
