20
7 4 21 5 12 7 12 8 15 9 19 15 21 18 12
9 3 23 4 21 5 18 10 22 11 16 13 16 16 12 17 22 18 23
18 0 21 1 24 3 14 5 21 6 24 7 18 8 12 9 12 10 20 11 14 12 20 13 21 14 23 15 22 16 20 17 23 18 17 19 15
14 0 23 1 14 2 13 4 12 5 20 8 18 10 22 11 22 12 14 13 22 15 12 17 15 18 20 19 17
16 0 18 1 13 2 15 3 22 5 19 6 12 7 18 8 20 9 18 10 18 11 19 14 18 16 17 17 23 18 21 19 23
16 0 23 1 23 2 15 3 18 6 15 7 14 8 15 9 16 10 20 11 18 12 16 15 24 16 18 17 15 18 20 19 12
10 0 21 1 13 2 22 4 21 5 24 10 17 11 23 12 12 17 15 19 15
13 1 16 3 24 4 12 5 15 6 19 9 15 10 22 12 13 14 13 15 24 17 18 18 14 19 23
4 0 16 2 13 7 17 15 12
5 2 16 8 20 13 14 14 16 15 21
9 0 17 6 13 9 18 11 12 12 18 14 17 15 18 17 13 18 12
2 10 20 17 24
6 6 12 11 19 13 20 15 15 16 16 18 19
7 3 22 4 13 5 21 6 14 17 16 18 13 19 24
12 2 23 3 21 4 18 5 21 6 18 7 18 9 22 12 13 13 15 16 20 17 21 18 23
16 0 21 1 13 2 19 3 13 4 14 5 15 6 18 7 15 9 14 10 19 11 20 12 12 13 12 14 13 16 15 19 12
7 1 12 3 12 8 15 14 18 17 15 18 20 19 13
5 3 18 6 13 7 17 8 13 13 22
17 0 23 1 13 2 24 3 13 4 23 5 17 6 17 7 14 8 17 9 16 11 22 12 15 13 14 15 24 16 15 17 18 19 20
9 0 17 2 20 3 22 5 15 6 19 8 19 14 24 15 14 16 22
8
4 5 0.002
5 14 0.0017000000000000001
13 11 0.0018000000000000002
4 0 0.0015
8 11 0.0022
8 5 0.002
1 7 0.0021000000000000003
9 15 0.0017000000000000001
16
15 17 0.0016 0.1059636300066524
0 8 0.0014 0.1055464928499689
10 2 0.0013000000000000002 0.11322765294892784
2 8 0.0016 0.13075397815443135
17 0 0.0022 0.10486392442674576
9 0 0.002 0.14241302492385155
4 16 0.0019 0.11731843616370417
9 19 0.0023 0.13193938783750636
10 17 0.0016 0.1343022733323767
19 10 0.0017000000000000001 0.12117224309182409
10 7 0.0023 0.14925717334604716
0 16 0.0021000000000000003 0.1160336123624631
1 3 0.0019 0.1495223205921727
1 2 0.0016 0.1297195226832902
2 14 0.0019 0.10330614175392533
1 10 0.0024000000000000002 0.12942133604813683
