20
15 1 19 2 22 3 16 4 12 5 24 6 23 8 22 9 23 10 20 11 20 12 24 16 14 17 21 18 14 19 14
3 7 24 17 22 19 21
13 0 22 1 16 3 21 4 20 5 13 6 23 7 15 9 19 10 17 12 16 13 22 16 17 17 15
10 0 22 2 21 5 24 6 22 8 23 9 20 11 20 15 14 17 16 19 18
8 0 14 5 21 6 21 12 16 13 16 15 22 18 13 19 17
8 0 24 2 16 3 14 9 20 12 21 13 23 18 22 19 23
13 0 15 2 17 3 17 4 14 7 24 8 19 9 22 12 12 13 23 14 23 15 22 17 14 19 15
7 0 14 3 15 8 13 9 16 10 19 12 16 18 18
18 0 21 1 22 2 17 3 13 4 24 5 12 6 20 7 21 9 20 10 21 11 16 12 12 14 22 15 17 16 16 17 15 18 12 19 15
12 1 24 2 16 3 15 4 18 7 20 8 17 11 21 12 15 14 18 15 13 17 19 18 22
17 0 17 1 18 2 21 3 14 4 22 5 16 6 16 7 20 8 12 9 24 11 12 12 20 13 20 14 17 16 19 17 14 19 24
3 5 16 10 20 19 12
1 4 23
8 0 15 2 16 4 23 5 18 9 21 10 12 16 19 19 18
18 1 12 2 21 3 24 4 14 5 22 6 24 7 24 8 20 9 12 10 24 11 17 12 17 13 21 15 23 16 22 17 23 18 13 19 13
8 4 22 7 18 9 20 11 23 12 21 13 24 16 24 19 22
18 0 23 1 18 2 13 3 20 4 19 5 14 6 14 7 18 8 12 9 16 10 17 11 17 12 24 13 20 14 21 15 19 17 15 19 19
13 0 21 1 12 2 24 3 17 4 21 5 24 6 20 7 16 10 24 11 16 12 12 14 15 15 23
14 0 18 1 14 3 18 4 12 5 22 7 15 9 21 10 13 11 16 12 20 13 21 14 19 15 12 19 22
15 0 12 1 18 2 21 3 12 4 15 5 14 6 16 7 18 8 22 9 19 11 15 13 19 14 18 17 17 18 15
8
15 17 0.002
14 9 0.0014
2 14 0.002
2 8 0.0012000000000000001
9 19 0.0017000000000000001
10 3 0.0017000000000000001
17 5 0.0022
14 16 0.0019
16
1 13 0.002 0.14949105735168972
8 15 0.0016 0.1370631226842772
4 3 0.0019 0.12432862625666365
19 2 0.0012000000000000001 0.1294686759512989
15 3 0.0018000000000000002 0.1287285631696661
10 4 0.0018000000000000002 0.13995500703309538
8 11 0.0022 0.13323644569901716
7 12 0.002 0.13413536774592605
10 3 0.0014 0.11621000667810588
16 5 0.0019 0.12337535489604275
18 3 0.0018000000000000002 0.12587435272553243
14 15 0.0012000000000000001 0.14520477336103188
14 18 0.0015 0.13480383639809357
13 10 0.0014 0.10676485005291747
7 16 0.0018000000000000002 0.11182749001070073
12 18 0.0015 0.10476679881092575
