20
18 1 21 2 12 3 20 4 24 5 23 6 23 8 21 9 23 10 19 11 17 12 13 13 17 14 19 15 12 16 20 17 21 18 19 19 24
17 0 22 2 21 3 20 4 18 5 23 6 23 7 18 8 15 9 21 10 19 13 15 14 22 15 21 16 22 17 17 18 19 19 20
6 0 16 3 24 4 12 6 20 13 14 16 23
3 6 14 13 20 19 12
9 0 20 1 13 3 22 6 16 12 12 14 15 15 24 17 22 19 13
11 2 18 3 22 4 15 6 22 8 21 9 15 10 21 13 22 14 12 15 13 16 13
18 0 21 2 15 3 20 4 17 5 21 7 13 8 19 9 13 10 13 11 22 12 19 13 18 14 19 15 13 16 22 17 22 18 18 19 24
4 4 21 5 23 14 17 18 19
8 1 13 2 16 7 24 10 18 12 21 14 23 15 14 19 20
9 1 13 2 23 7 13 8 20 10 12 12 15 16 15 17 16 19 21
2 6 23 18 13
8 1 12 4 22 7 18 8 19 9 21 12 14 13 16 15 12
5 6 12 10 12 13 12 15 15 19 16
2 15 13 17 23
3 8 17 13 22 16 21
3 6 17 7 16 14 20
2 0 22 4 12
14 1 15 2 20 3 24 4 12 5 23 7 18 8 23 9 24 10 20 12 24 13 24 16 18 18 13 19 16
14 0 12 1 16 2 17 3 24 4 19 5 21 6 20 7 17 8 19 10 24 13 22 14 22 16 23 17 23
11 2 16 3 24 4 22 6 17 7 13 8 16 10 20 11 23 12 14 16 18 18 15
8
17 8 0.0013000000000000002
8 7 0.0024000000000000002
14 10 0.0012000000000000001
12 1 0.0022
2 0 0.0024000000000000002
18 13 0.0015
7 3 0.0018000000000000002
3 6 0.0021000000000000003
16
6 8 0.0024000000000000002 0.13619361517649306
15 16 0.0018000000000000002 0.14166043850077784
10 6 0.0014 0.10711923936844901
1 18 0.0018000000000000002 0.11621350125464347
17 2 0.0019 0.14932158816705515
6 12 0.0017000000000000001 0.12328694901464346
9 11 0.0017000000000000001 0.10938115373068147
16 9 0.0016 0.10347831997742589
10 11 0.0024000000000000002 0.10071092922948989
11 5 0.0012000000000000001 0.13480993351104395
14 17 0.0015 0.10061520249023348
8 5 0.0018000000000000002 0.1197968822090013
8 0 0.0015 0.14454549334343078
18 19 0.0017000000000000001 0.11134473252461603
8 9 0.0015 0.1441280552102576
17 13 0.0014 0.12831996981520113
