20
15 1 16 2 16 4 16 5 15 6 17 8 23 9 22 10 15 11 15 13 23 14 14 15 15 16 13 17 21 18 21
8 2 22 5 14 8 21 9 15 10 20 12 21 13 12 17 21
1 16 15
7 1 23 8 24 9 19 10 20 13 13 18 23 19 22
6 1 20 2 22 5 14 12 22 15 13 17 21
9 2 22 4 22 6 18 7 19 12 22 14 22 15 18 18 12 19 12
18 0 17 1 13 2 14 3 24 4 14 5 20 8 23 9 19 10 13 11 24 12 19 13 18 14 15 15 13 16 20 17 23 18 17 19 24
3 5 23 9 18 17 21
9 0 16 1 12 2 15 3 13 5 19 6 15 10 12 12 23 14 16
5 12 19 13 20 15 18 16 23 19 22
12 0 12 2 22 4 17 6 21 7 21 9 13 12 19 13 22 14 13 15 22 18 19 19 12
14 0 15 3 13 5 18 6 15 7 19 8 20 9 20 12 20 13 21 14 22 15 21 16 14 17 23 19 21
2 1 16 15 12
18 0 15 1 21 2 12 3 13 5 15 6 22 7 17 8 23 9 24 10 15 11 21 12 22 14 21 15 13 16 14 17 17 18 12 19 12
9 1 24 3 23 4 14 6 14 11 13 12 20 13 23 15 21 18 13
12 0 15 1 16 4 24 5 12 8 16 9 15 10 19 11 13 12 16 14 14 17 16 18 23
15 0 19 1 17 2 20 4 22 5 15 6 17 8 22 9 14 10 21 11 15 12 17 14 12 17 24 18 15 19 18
6 7 14 8 21 10 13 14 12 15 17 19 14
2 13 20 16 13
16 0 21 2 23 3 24 4 24 5 24 6 23 8 23 9 24 10 23 11 24 12 23 13 24 14 23 15 18 16 20 18 14
8
2 13 0.0021000000000000003
7 3 0.0016
9 7 0.0024000000000000002
3 1 0.0018000000000000002
8 7 0.0023
9 3 0.0015
2 7 0.0019
9 14 0.0012000000000000001
16
17 18 0.0013000000000000002 0.10253795844017037
15 5 0.0016 0.1309630122263247
18 10 0.002 0.11554414872366944
17 1 0.0024000000000000002 0.13367209595642754
7 10 0.0012000000000000001 0.11531633354689043
17 4 0.0017000000000000001 0.1285615024525191
10 13 0.0017000000000000001 0.11322252988451105
4 17 0.0022 0.11951597587120148
2 5 0.0018000000000000002 0.10211128690453794
14 18 0.0014 0.13926183057637853
3 7 0.0013000000000000002 0.10468424714712035
14 8 0.0012000000000000001 0.11972961461007768
15 16 0.0015 0.13829241242718882
13 17 0.0021000000000000003 0.1106382893374364
14 0 0.0017000000000000001 0.14978788148611277
14 4 0.0021000000000000003 0.1454827529415852
