20
15 1 19 4 15 7 20 8 22 9 13 10 13 11 18 12 22 13 12 14 18 15 14 16 15 17 16 18 15 19 17
2 16 13 18 16
12 0 13 3 15 4 16 7 15 8 19 9 13 10 20 12 24 13 22 16 22 17 19 18 17
7 0 20 7 14 9 20 10 22 16 19 17 23 19 20
1 1 20
2 3 23 12 24
2 2 12 19 20
8 0 14 2 12 13 13 14 18 16 21 17 23 18 23 19 14
18 0 20 1 14 2 16 3 12 4 16 5 16 6 14 7 19 9 23 10 16 11 14 12 18 13 18 14 15 15 19 16 12 18 16 19 21
3 1 18 8 12 17 14
12 1 15 2 15 3 23 4 16 6 20 9 20 11 18 12 16 13 20 15 18 17 19 18 19
17 0 16 1 13 2 22 3 18 5 15 6 22 7 19 8 15 9 14 10 20 12 15 13 20 14 22 16 20 17 21 18 16 19 13
13 1 18 2 18 3 21 4 21 5 14 6 17 8 16 9 23 11 15 15 16 16 18 18 21 19 17
16 0 24 2 12 3 14 4 18 5 21 6 22 7 13 8 15 10 16 11 13 12 20 14 17 15 12 17 23 18 13 19 17
13 1 23 3 23 4 21 5 14 6 13 7 12 11 16 13 16 15 22 16 19 17 23 18 22 19 22
6 3 16 7 14 9 23 10 18 14 12 17 24
12 6 14 7 15 9 16 10 22 11 16 12 15 13 18 14 20 15 13 17 23 18 15 19 17
13 1 23 2 13 3 20 4 12 6 22 7 21 8 20 11 24 13 15 14 13 16 16 18 23 19 23
4 0 23 11 24 13 12 17 13
6 3 22 7 12 9 22 10 14 12 23 16 23
8
3 5 0.0016
18 13 0.0012000000000000001
13 11 0.002
3 16 0.0022
4 15 0.0022
10 19 0.0018000000000000002
2 9 0.0023
17 14 0.0018000000000000002
16
5 8 0.0023 0.10161994941377286
9 13 0.0023 0.10851161984710285
8 4 0.0021000000000000003 0.11002887894541562
12 8 0.0017000000000000001 0.12340079933017059
4 10 0.0019 0.10246172609073312
3 14 0.0012000000000000001 0.11082312212262296
0 10 0.0013000000000000002 0.11687008859674465
9 11 0.0013000000000000002 0.10978803884912032
12 5 0.0013000000000000002 0.10720145398281575
7 12 0.0017000000000000001 0.1418909809074339
3 12 0.0019 0.12660460716121222
1 8 0.0012000000000000001 0.12160955231657382
18 10 0.0023 0.13685143367405633
17 10 0.0021000000000000003 0.14471271579653194
14 16 0.0024000000000000002 0.13321230633047668
10 6 0.0022 0.14774863488598955
