20
1 4 21
16 0 12 2 19 3 12 4 14 5 15 6 20 7 16 8 18 9 17 11 24 12 23 14 17 15 16 17 23 18 14 19 15
16 1 19 3 16 5 15 6 17 7 18 8 23 9 24 10 16 11 16 12 16 13 13 14 20 15 19 16 15 17 19 19 19
8 0 15 1 21 4 15 7 12 8 16 12 22 15 17 17 24
15 0 17 1 24 3 13 5 22 6 19 7 16 8 22 9 16 10 13 13 24 14 19 15 23 16 22 17 14 19 24
14 0 19 1 24 2 12 3 15 6 19 7 15 9 16 10 21 11 23 13 13 14 23 15 15 17 24 19 14
9 3 19 5 16 8 22 10 14 11 15 13 23 14 23 17 18 19 23
3 8 19 12 22 15 24
3 3 22 9 17 14 18
14 0 19 1 23 2 13 3 22 4 23 7 23 8 13 10 21 11 15 13 24 15 21 16 23 17 15 18 19
18 0 18 1 14 2 17 3 14 4 22 5 22 6 16 7 19 8 21 9 20 11 21 12 15 13 24 14 23 16 20 17 17 18 19 19 16
4 1 19 5 13 14 12 18 12
18 0 16 1 13 2 16 3 20 4 21 5 14 6 13 7 22 8 13 9 23 11 19 13 23 14 13 15 17 16 13 17 24 18 18 19 23
11 1 19 3 21 4 23 6 13 7 14 8 13 12 15 15 16 17 19 18 20 19 24
12 0 24 1 15 2 19 3 20 6 18 9 23 10 24 11 12 12 24 13 13 18 13 19 15
7 2 18 3 16 6 21 11 21 12 18 16 13 18 16
14 0 12 1 24 2 21 5 24 6 14 7 18 8 23 9 14 10 20 11 14 12 23 17 18 18 24 19 22
16 0 12 1 17 2 18 3 24 5 20 7 20 8 24 9 24 10 22 12 23 13 16 14 22 15 22 16 23 18 12 19 15
13 1 16 4 14 5 12 7 20 8 24 9 21 10 17 13 16 14 16 15 20 16 24 17 13 19 14
16 0 23 1 21 3 23 4 24 5 21 6 12 7 12 8 12 10 17 11 15 12 24 13 17 15 15 16 12 17 19 18 16
8
10 11 0.0016
17 6 0.0013000000000000002
7 11 0.0018000000000000002
1 11 0.0017000000000000001
19 4 0.0022
13 17 0.0024000000000000002
19 7 0.0022
8 10 0.0012000000000000001
16
6 0 0.0023 0.11221574474356469
6 3 0.002 0.12751140262801228
1 16 0.0024000000000000002 0.10816712957090986
15 14 0.0018000000000000002 0.10943237149521312
3 9 0.0022 0.12368972744357923
0 9 0.0018000000000000002 0.10626080762421554
5 7 0.0014 0.1450615151449472
18 5 0.0014 0.11446382174334263
3 17 0.002 0.1347299700507813
13 18 0.0016 0.11599853729364931
2 4 0.0021000000000000003 0.14742742968233907
4 3 0.0018000000000000002 0.14620943383688068
16 19 0.0012000000000000001 0.10364107901289843
9 14 0.0016 0.13180699766591364
0 14 0.002 0.10980677063315589
1 2 0.0013000000000000002 0.1460463692541049
