20
16 1 24 3 19 4 24 5 14 6 21 7 24 8 15 9 12 11 16 12 14 13 14 14 17 15 23 17 18 18 21 19 14
3 5 16 10 13 18 24
7 0 13 1 18 11 16 12 22 13 24 17 19 19 13
7 5 18 7 23 8 16 11 19 12 19 13 16 16 23
11 0 23 2 13 7 16 9 22 10 15 12 23 13 23 15 17 16 20 18 17 19 15
15 0 19 1 20 3 18 4 21 6 12 9 17 11 14 12 23 13 19 14 15 15 15 16 22 17 14 18 16 19 21
12 0 24 1 20 5 21 7 14 8 23 9 22 12 21 13 22 14 16 16 23 17 15 18 22
16 1 18 2 22 3 20 5 20 6 13 8 22 9 12 11 21 12 22 13 17 14 24 15 15 16 24 17 19 18 15 19 19
13 0 18 2 23 3 13 5 20 6 17 7 19 9 16 11 23 13 13 14 23 15 19 17 13 18 15
10 3 14 4 18 5 18 8 12 10 24 12 23 13 16 14 21 15 22 17 17
4 3 20 8 20 12 22 19 12
11 0 20 4 14 7 14 9 22 12 16 13 23 14 15 16 21 17 15 18 24 19 16
17 0 12 1 13 3 14 4 15 5 22 6 13 7 18 8 22 9 14 10 17 11 12 13 20 15 18 16 22 17 20 18 24 19 18
6 2 16 3 18 5 23 6 20 15 14 17 15
5 0 21 2 20 5 22 6 16 11 21
11 1 16 4 23 6 22 8 24 9 14 10 18 12 23 14 17 16 17 18 22 19 22
11 2 18 3 18 4 16 6 12 7 21 8 17 11 20 13 20 14 13 18 12 19 23
5 5 17 7 18 14 15 16 21 19 19
7 0 20 1 19 4 19 5 16 9 16 16 17 19 15
5 3 13 5 13 12 22 14 15 15 18
8
8 17 0.0022
19 15 0.0014
11 10 0.0018000000000000002
12 19 0.0018000000000000002
10 7 0.0012000000000000001
12 8 0.0024000000000000002
18 2 0.0024000000000000002
7 1 0.0015
16
19 11 0.0012000000000000001 0.1457667272483101
5 11 0.0019 0.14204103006995328
18 13 0.0021000000000000003 0.10372733524432674
8 9 0.0023 0.10098063604234907
0 10 0.0015 0.11574379531725508
10 4 0.0012000000000000001 0.13780237369633508
16 6 0.0016 0.10089778562297623
0 13 0.0022 0.13460907734984262
17 9 0.0019 0.14362523167684488
11 13 0.0024000000000000002 0.13046324524985106
7 9 0.0012000000000000001 0.10006559290662831
7 1 0.0016 0.14493633025356562
15 19 0.0012000000000000001 0.11602534121220182
11 3 0.0023 0.12354806484577763
18 2 0.0016 0.12666269214008502
2 14 0.0023 0.1468441068557584
