20
10 2 15 3 18 4 15 5 21 7 17 9 13 12 24 15 15 16 22 18 21
3 3 22 10 19 15 19
1 11 21
3 0 21 10 13 12 14
16 0 19 1 18 3 24 5 19 6 22 7 22 8 22 9 17 10 16 11 12 13 23 14 22 15 16 16 21 18 20 19 16
13 0 14 3 18 6 18 7 14 8 23 9 19 10 23 13 15 14 24 15 15 17 20 18 18 19 12
6 1 13 5 23 10 16 12 16 16 23 17 21
4 1 20 2 15 8 13 12 18
4 6 24 7 22 9 15 12 18
16 0 20 1 21 2 20 3 15 4 17 5 15 7 15 8 15 10 13 12 14 13 14 14 23 16 16 17 14 18 18 19 18
6 2 18 3 14 7 22 13 23 15 14 17 12
12 0 12 1 15 2 15 4 15 5 17 8 17 9 13 10 13 13 12 14 16 17 13 19 13
18 1 15 2 24 3 21 4 16 5 16 6 20 7 22 8 21 9 23 10 20 11 14 13 18 14 14 15 23 16 21 17 21 18 15 19 24
5 2 17 7 17 8 17 11 20 15 20
3 1 13 6 21 10 21
3 3 18 10 24 17 20
16 0 12 1 19 2 17 3 16 4 16 5 19 6 22 7 12 10 13 11 19 13 24 14 17 15 15 17 12 18 23 19 15
2 0 18 15 16
18 0 15 1 23 2 23 3 23 4 17 5 12 6 14 7 19 8 17 9 20 10 21 11 17 12 15 14 24 15 20 16 15 17 23 19 15
14 3 17 4 23 5 17 6 23 7 20 8 22 9 24 10 23 11 19 14 22 15 21 16 21 17 14 18 12
8
13 6 0.0022
17 19 0.0021000000000000003
6 5 0.0013000000000000002
10 1 0.0018000000000000002
0 8 0.0021000000000000003
11 18 0.0018000000000000002
1 15 0.0023
18 1 0.0015
16
7 16 0.0024000000000000002 0.10326602052695819
17 9 0.0015 0.10696708656418889
4 8 0.0012000000000000001 0.1420439851890685
9 0 0.0012000000000000001 0.13377986237602357
0 12 0.0019 0.10889733839246023
6 17 0.0023 0.10257391332866908
15 7 0.0018000000000000002 0.11918092588886951
16 4 0.0016 0.12254950078317206
4 16 0.0015 0.10744629040893221
13 11 0.0021000000000000003 0.1468727775838115
10 7 0.0012000000000000001 0.10670052300439022
13 8 0.0021000000000000003 0.10108065434939446
2 12 0.0014 0.1378261789765449
18 9 0.0016 0.12517275267372574
5 14 0.0014 0.12483254011895323
8 10 0.0022 0.1278224929248464
