15
6 2 20 3 13 7 22 12 16 13 20 14 21
12 0 20 2 20 4 12 5 23 6 14 8 18 9 12 10 15 11 18 12 22 13 18 14 15
4 3 16 5 21 7 19 14 17
1 13 21
10 0 12 1 19 2 21 7 21 8 22 10 18 11 12 12 23 13 12 14 17
5 4 19 7 17 8 23 10 12 11 19
6 0 17 1 15 4 20 10 20 12 19 13 15
1 12 22
4 2 24 6 19 13 15 14 15
2 4 13 13 13
12 0 19 1 20 2 23 3 22 5 22 7 20 8 19 9 24 11 23 12 24 13 22 14 15
12 0 24 1 14 2 17 4 17 5 13 6 16 7 14 9 21 10 21 12 13 13 22 14 16
10 0 24 1 20 2 13 3 12 4 22 6 14 7 23 8 19 9 20 10 12
3 6 23 11 14 14 16
10 0 22 1 12 2 15 4 23 6 15 8 20 9 13 10 21 12 22 13 17
11
13 10 0.0014
3 9 0.0017000000000000001
4 9 0.002
5 3 0.0016
10 6 0.002
2 10 0.0016
1 6 0.0016
4 1 0.0019
12 4 0.0022
4 8 0.0023
9 13 0.0012000000000000001
11
2 4 0.0012000000000000001 0.12966009311993745
6 3 0.0018000000000000002 0.1299406243077724
3 10 0.0017000000000000001 0.12970197600442335
6 14 0.0021000000000000003 0.1093411995179044
10 4 0.0012000000000000001 0.11522200139836251
10 8 0.0017000000000000001 0.14056972910561366
7 12 0.0012000000000000001 0.14674784411559696
13 6 0.0012000000000000001 0.14955765228736181
14 10 0.0014 0.12904607367322513
4 13 0.0023 0.10869151717973922
9 5 0.002 0.10852529044124368
