15
2 3 20 13 12
10 2 20 3 16 4 16 5 22 8 16 9 23 10 14 11 24 12 17 14 22
2 0 16 4 12
5 1 19 2 23 6 23 10 23 11 18
3 0 14 8 21 14 21
6 0 22 1 21 6 22 8 23 9 23 12 17
5 2 20 3 22 8 13 11 18 12 12
1 4 18
4 2 21 5 12 10 17 11 14
6 1 21 3 21 4 18 6 20 10 12 14 19
11 0 19 1 15 2 22 5 13 6 15 7 16 9 22 11 18 12 24 13 21 14 17
5 0 15 7 24 8 20 9 23 13 14
10 1 23 2 16 5 12 6 19 7 13 8 15 9 24 10 14 11 23 14 14
7 1 22 3 12 6 13 7 19 8 24 10 17 12 20
7 0 12 3 18 5 21 7 22 9 23 11 12 12 17
11
4 12 0.0018000000000000002
14 9 0.0015
13 7 0.0023
7 9 0.0021000000000000003
4 1 0.0012000000000000001
7 9 0.0023
7 3 0.0022
9 3 0.0012000000000000001
14 5 0.0013000000000000002
14 13 0.002
7 0 0.0015
11
2 8 0.0012000000000000001 0.11100956553085296
0 7 0.002 0.10052716435391829
1 0 0.0014 0.10963104031292369
9 4 0.0019 0.14327992941420858
6 0 0.0013000000000000002 0.11216110406430911
11 14 0.0012000000000000001 0.11235686941055469
3 4 0.0022 0.1394712259214197
9 13 0.0015 0.13154537688315204
4 12 0.002 0.13736886725490022
0 8 0.0013000000000000002 0.11882231275295403
9 11 0.0022 0.14880696765100637
