15
10 1 21 2 15 3 21 4 17 5 15 6 21 7 21 8 17 10 15 13 12
3 12 21 13 23 14 21
9 0 20 1 17 3 16 4 24 8 24 9 13 10 15 12 20 13 18
11 0 16 2 15 4 12 5 12 7 12 9 22 10 18 11 12 12 12 13 20 14 20
4 0 12 5 12 8 23 13 21
12 0 12 1 17 2 13 3 14 4 19 6 16 7 23 8 20 9 15 11 21 12 14 13 12
4 0 23 4 22 9 12 10 14
12 0 21 1 21 2 13 3 15 4 20 5 18 6 21 8 23 9 13 10 19 11 20 13 24
1 13 23
6 0 16 1 24 5 22 6 14 8 23 10 16
10 0 15 3 24 4 20 5 14 6 24 8 16 9 22 11 17 13 12 14 21
4 2 15 4 13 12 16 14 23
4 0 13 7 16 13 20 14 19
10 0 16 1 19 3 15 4 22 5 24 6 23 7 20 10 19 12 20 14 19
11 0 24 1 16 2 15 3 24 6 23 7 22 8 14 10 24 11 14 12 20 13 14
11
9 6 0.0018000000000000002
4 12 0.002
3 11 0.0023
2 10 0.0023
2 1 0.0021000000000000003
14 0 0.0015
4 13 0.0013000000000000002
12 13 0.0019
5 1 0.0021000000000000003
2 13 0.0017000000000000001
3 10 0.0018000000000000002
11
8 7 0.0017000000000000001 0.1370850294870884
12 5 0.0024000000000000002 0.142762029515241
5 10 0.0018000000000000002 0.10001066150672344
8 0 0.0021000000000000003 0.10374292139229546
10 0 0.002 0.10861952835162053
1 2 0.0015 0.10887636477528917
3 2 0.0013000000000000002 0.14278293142754317
9 12 0.0014 0.11533047962388744
4 7 0.0024000000000000002 0.10819965829666937
6 0 0.0022 0.11202329534772335
1 14 0.0015 0.12275627358148658
