15
2 6 23 12 15
8 0 20 2 14 4 15 6 12 7 15 9 17 11 20 14 22
2 0 14 6 19
3 0 13 5 14 6 24
5 1 23 2 12 7 13 11 20 13 24
12 0 18 1 15 2 23 3 16 4 22 7 14 8 23 9 15 10 18 11 13 12 16 14 22
10 0 18 2 14 3 13 4 22 7 12 9 18 10 13 11 23 12 20 13 18
10 0 21 1 14 2 12 6 21 8 22 9 20 11 12 12 20 13 14 14 16
4 0 13 1 22 9 24 13 12
7 0 12 2 24 5 12 6 13 11 17 12 14 14 15
5 1 19 4 14 5 15 6 16 12 20
9 2 16 4 19 5 15 6 22 7 13 8 12 10 23 12 19 13 18
12 0 21 1 17 3 24 4 17 5 17 6 13 8 22 9 23 10 19 11 20 13 16 14 15
10 0 12 1 13 2 15 3 16 5 12 7 22 8 19 9 17 10 24 12 14
11 0 21 1 17 3 15 4 24 5 16 6 13 7 14 9 24 10 15 11 13 12 12
11
8 12 0.0022
13 5 0.0019
13 4 0.0012000000000000001
3 10 0.002
8 7 0.0024000000000000002
3 10 0.002
5 14 0.0016
5 0 0.0014
2 8 0.0021000000000000003
0 11 0.0024000000000000002
5 2 0.0015
11
14 12 0.0023 0.11050687796677355
2 8 0.0018000000000000002 0.13002460064010452
5 0 0.0019 0.12764663471654117
1 7 0.0013000000000000002 0.14701669555875707
3 13 0.0024000000000000002 0.13978685293671825
0 5 0.0015 0.1053228245241326
7 13 0.0024000000000000002 0.1353414055283156
7 0 0.0014 0.139064838584915
6 12 0.0013000000000000002 0.12241248728794389
1 2 0.0022 0.13886991699983892
4 12 0.0019 0.11043171082825431
