15
10 1 22 3 13 4 20 5 17 7 24 10 13 11 12 12 23 13 15 14 14
4 4 20 7 12 11 22 13 20
12 1 15 3 21 4 22 5 17 6 20 7 18 8 20 9 14 10 17 12 13 13 20 14 17
13 0 12 1 21 2 15 4 24 5 19 6 19 8 21 9 14 10 21 11 21 12 19 13 20 14 13
2 2 23 8 19
11 0 19 1 17 2 13 4 21 7 20 8 22 9 18 10 23 11 12 12 16 13 20
13 0 13 1 19 2 16 3 21 4 15 5 15 7 19 8 19 9 19 10 20 11 18 13 14 14 23
12 0 23 1 16 2 22 5 16 6 15 8 12 9 17 10 14 11 17 12 23 13 20 14 14
8 0 20 2 12 3 13 4 19 6 14 9 15 13 18 14 24
5 2 24 4 21 6 14 8 20 13 17
3 5 17 12 22 13 22
5 5 19 6 20 8 18 9 13 10 24
6 1 22 2 14 8 16 10 15 11 13 13 20
1 7 16
8 2 13 3 18 4 14 5 18 7 23 8 17 10 24 12 16
11
0 13 0.0016
1 13 0.0013000000000000002
12 2 0.0012000000000000001
14 6 0.0018000000000000002
5 2 0.0022
12 9 0.0015
8 1 0.002
12 0 0.0013000000000000002
6 4 0.0013000000000000002
8 3 0.0018000000000000002
4 6 0.0024000000000000002
11
11 5 0.0013000000000000002 0.13139163533607728
6 9 0.0017000000000000001 0.11192667265653572
7 12 0.0017000000000000001 0.10735011957735723
14 2 0.0016 0.11615220641970765
2 1 0.0016 0.12586640073406374
0 13 0.0022 0.11846308037623335
0 10 0.0021000000000000003 0.12892868532495622
13 4 0.002 0.130414986883472
11 3 0.0018000000000000002 0.12229607454037136
14 0 0.0017000000000000001 0.13316315947615628
7 10 0.0021000000000000003 0.1412792744016776
