15
2 1 24 7 19
1 6 17
11 0 13 4 23 5 21 7 17 8 13 9 19 10 21 11 15 12 24 13 15 14 23
4 0 19 5 15 9 17 13 13
13 0 22 2 14 3 23 5 12 6 19 7 17 8 19 9 12 10 22 11 20 12 17 13 20 14 13
8 2 13 3 23 6 23 7 16 8 24 9 13 10 16 12 13
4 3 13 9 22 12 19 13 17
10 1 23 2 13 5 15 6 16 8 22 9 16 10 21 12 17 13 15 14 24
6 0 13 1 14 5 22 7 12 10 16 13 19
7 0 21 2 15 3 24 5 12 8 17 10 12 14 21
11 1 19 2 20 3 17 4 15 5 15 6 19 7 18 9 13 11 20 12 23 14 12
1 6 18
9 0 21 1 14 2 15 3 13 5 14 6 23 9 15 10 14 14 17
9 0 15 1 15 2 20 3 14 4 17 5 18 6 18 7 18 8 22
1 0 19
11
3 14 0.0017000000000000001
11 8 0.0024000000000000002
14 7 0.0013000000000000002
3 14 0.002
0 7 0.002
10 12 0.0017000000000000001
14 12 0.0014
3 4 0.0017000000000000001
1 4 0.0013000000000000002
7 1 0.0012000000000000001
4 6 0.0014
11
12 10 0.0019 0.1057306712870717
1 10 0.0012000000000000001 0.1110334785722674
8 9 0.0017000000000000001 0.11809046976136858
1 0 0.0022 0.13177136072326237
10 6 0.0012000000000000001 0.11787484230868972
2 1 0.0019 0.11440954244192282
3 5 0.0019 0.13194829239373784
3 10 0.0012000000000000001 0.11771064597367065
6 11 0.0017000000000000001 0.1017086236724822
5 1 0.0022 0.10537091986893395
12 4 0.0015 0.11013253485310201
