15
7 4 19 5 12 7 23 10 13 12 19 13 17 14 19
7 2 16 3 15 4 16 6 24 8 24 12 22 14 17
5 0 22 8 16 9 21 12 19 14 13
12 0 15 1 14 2 20 4 20 5 18 7 23 8 16 9 17 11 19 12 13 13 22 14 19
4 3 14 11 17 12 20 13 19
1 9 17
13 0 20 1 22 2 24 3 12 4 22 5 13 7 14 8 17 9 13 10 20 11 19 12 16 14 13
5 0 13 2 16 3 21 5 15 14 17
13 0 22 1 20 2 19 4 22 5 18 6 13 7 17 9 17 10 16 11 17 12 18 13 18 14 14
10 0 20 1 14 2 17 5 19 6 17 7 18 10 23 11 22 13 12 14 20
12 0 16 1 21 2 19 3 12 5 12 6 21 8 13 9 17 11 13 12 13 13 13 14 19
8 0 23 2 24 4 20 5 12 6 17 7 17 8 14 14 20
5 2 23 3 14 5 16 9 18 14 20
4 1 18 4 12 9 22 14 22
7 0 19 2 18 4 13 6 12 9 24 10 16 13 16
11
7 11 0.0018000000000000002
3 10 0.0019
10 1 0.0019
13 9 0.0019
8 9 0.0014
0 13 0.0024000000000000002
8 4 0.0014
13 5 0.0021000000000000003
11 4 0.0023
4 13 0.0017000000000000001
3 14 0.0017000000000000001
11
9 10 0.0018000000000000002 0.13946917520338936
10 7 0.0012000000000000001 0.11617071299470814
7 8 0.0019 0.1207130239766727
13 5 0.0016 0.12696848319420703
10 6 0.0014 0.1131793303373776
7 3 0.0022 0.10379532891299405
8 12 0.0019 0.13741195617851326
6 9 0.0016 0.12748650427220495
7 8 0.0018000000000000002 0.1282875743260429
1 2 0.0018000000000000002 0.10644631081223604
8 10 0.0014 0.10857599298451577
