15
11 1 22 2 14 4 18 5 18 6 23 7 15 10 22 11 22 12 12 13 12 14 17
9 0 22 3 13 5 18 6 13 10 24 11 16 12 23 13 15 14 18
2 8 19 10 20
6 1 22 5 24 8 14 9 20 11 18 14 15
10 1 24 2 15 3 24 6 21 7 16 8 13 9 14 10 15 13 12 14 18
1 6 24
12 0 23 1 21 3 17 4 18 5 23 7 22 8 21 9 18 10 18 12 15 13 21 14 23
10 0 23 1 12 2 17 4 14 5 15 9 21 10 14 11 16 12 14 14 21
9 1 21 2 22 3 14 5 20 6 14 7 24 9 14 11 24 14 22
10 0 18 1 16 2 16 4 16 6 16 8 21 10 18 11 16 13 12 14 15
6 2 20 4 16 7 22 8 24 9 17 14 24
1 7 17
9 1 14 2 16 3 18 4 24 6 15 7 22 9 18 11 22 14 14
4 2 23 4 22 5 19 14 22
10 0 23 2 18 4 23 6 17 7 24 8 14 9 24 11 20 12 16 13 15
11
12 3 0.0019
0 14 0.0015
11 1 0.0023
3 6 0.0024000000000000002
10 13 0.0013000000000000002
4 9 0.0022
12 4 0.0013000000000000002
10 2 0.0016
9 2 0.0022
2 11 0.0022
3 0 0.0012000000000000001
11
9 6 0.0022 0.13323720149110632
11 4 0.0019 0.11574054596654683
10 7 0.0015 0.1308190291517363
12 7 0.002 0.10498968665778872
11 10 0.0021000000000000003 0.14070990533989086
10 5 0.0021000000000000003 0.14933895108777023
7 10 0.0012000000000000001 0.13713031292081257
3 11 0.0018000000000000002 0.1465351670418917
11 12 0.0013000000000000002 0.10398131095635697
2 0 0.0018000000000000002 0.11937213979844805
2 9 0.002 0.14235589279337824
