15
8 2 17 3 13 5 17 6 16 8 21 9 21 10 13 13 16
11 0 24 2 16 3 12 5 14 6 13 8 22 9 15 10 19 11 18 12 19 13 16
7 3 22 4 12 5 23 6 15 7 16 8 18 9 20
12 0 15 1 18 2 24 4 13 5 24 6 23 7 12 8 19 10 15 11 14 13 18 14 17
7 0 21 2 23 3 19 5 12 7 16 11 13 14 22
3 2 20 9 22 14 18
11 0 18 1 17 3 21 5 21 7 22 8 12 9 15 10 19 12 24 13 15 14 12
13 0 18 1 14 2 20 3 18 4 20 5 24 6 18 8 17 9 21 10 14 11 17 12 23 13 21
7 0 19 4 15 6 19 9 18 11 23 13 18 14 24
8 0 13 2 13 3 22 7 22 10 17 12 13 13 12 14 15
2 8 21 14 24
8 1 14 3 12 4 24 5 13 9 16 10 13 13 23 14 24
9 0 21 2 17 3 19 6 23 7 23 8 15 9 12 11 14 13 16
2 7 18 8 22
13 0 22 1 21 2 14 3 12 4 13 5 20 6 19 7 16 8 24 9 13 10 17 11 13 12 21
11
5 7 0.0013000000000000002
0 13 0.0019
1 9 0.0013000000000000002
7 14 0.0013000000000000002
13 6 0.0014
4 14 0.0021000000000000003
6 1 0.0017000000000000001
5 6 0.0024000000000000002
13 3 0.002
0 2 0.0015
10 12 0.0023
11
14 9 0.0024000000000000002 0.13790408610707625
6 13 0.0013000000000000002 0.13728081507497877
11 4 0.0024000000000000002 0.11880627945504255
2 13 0.0015 0.14811242193345203
7 14 0.0016 0.11853826821327199
2 6 0.0021000000000000003 0.11068708135301793
1 6 0.0022 0.14384067084928642
9 3 0.0023 0.10578707291583433
3 11 0.0024000000000000002 0.1339103665033248
10 14 0.0019 0.14542454262658847
6 1 0.0015 0.14209836864919248
