15
5 5 20 7 22 8 17 9 12 13 17
6 2 13 3 23 6 13 8 14 9 17 10 20
6 0 15 1 14 4 21 6 13 7 16 13 23
4 1 17 2 23 8 16 10 12
4 3 22 7 16 9 21 11 14
13 0 19 1 18 2 20 3 17 4 23 6 21 7 14 8 23 9 23 10 15 12 15 13 22 14 22
7 1 15 2 24 4 15 8 23 10 17 12 23 13 20
12 0 23 2 12 3 13 4 16 5 23 6 18 8 17 9 17 10 17 11 16 12 19 13 22
1 3 14
10 0 21 1 16 3 13 4 14 6 22 7 24 8 22 12 19 13 15 14 18
13 0 22 1 22 2 19 3 18 5 18 6 14 7 24 8 21 9 17 11 22 12 19 13 19 14 23
3 2 16 4 24 6 17
11 0 12 1 19 4 22 5 20 6 12 8 12 9 14 10 23 11 16 13 18 14 23
6 0 16 4 22 8 22 10 12 11 12 12 20
6 0 14 2 18 5 15 9 15 11 16 13 16
11
12 13 0.0019
0 5 0.002
12 2 0.0017000000000000001
2 14 0.002
7 3 0.0018000000000000002
14 10 0.0018000000000000002
3 11 0.0023
3 2 0.0017000000000000001
0 1 0.002
11 10 0.0024000000000000002
11 3 0.002
11
7 8 0.0015 0.13651246508751652
2 7 0.0023 0.1448504076994856
5 3 0.0014 0.11323020338240673
9 8 0.0018000000000000002 0.127764050373471
8 0 0.0021000000000000003 0.1079638641045534
9 4 0.0014 0.1290842754099146
9 7 0.0013000000000000002 0.11967794695458804
9 1 0.0013000000000000002 0.13896097504147645
0 12 0.0016 0.1407560893756938
6 5 0.0015 0.12977571568658222
14 3 0.0023 0.13306029839676134
