15
9 1 14 3 21 4 20 5 20 6 12 7 17 10 22 13 23 14 17
5 0 24 2 23 10 18 12 17 14 23
10 0 14 1 13 3 20 4 17 6 12 8 19 9 15 12 18 13 14 14 18
11 0 23 2 18 5 21 6 14 8 22 9 24 10 17 11 18 12 24 13 16 14 24
8 1 13 3 20 6 13 7 17 10 12 11 20 13 21 14 15
7 1 19 2 13 4 19 7 18 9 22 10 18 12 21
2 5 17 9 17
12 0 13 2 21 3 12 4 18 5 18 6 16 8 21 9 22 10 24 11 20 12 14 13 12
10 0 15 1 14 3 16 4 12 5 17 10 13 11 15 12 15 13 22 14 19
13 0 22 2 18 3 16 4 12 5 23 6 24 7 15 8 14 10 16 11 23 12 12 13 18 14 22
3 4 22 7 19 9 21
9 3 23 5 23 6 17 8 24 9 14 10 19 12 18 13 16 14 22
2 1 15 14 24
11 1 14 4 15 5 18 6 16 7 23 8 17 9 14 10 17 11 13 12 24 14 17
2 4 22 9 23
11
4 11 0.0012000000000000001
8 11 0.0019
5 4 0.002
9 10 0.0021000000000000003
13 14 0.002
2 8 0.0024000000000000002
13 7 0.0012000000000000001
10 11 0.0017000000000000001
0 11 0.002
2 12 0.0012000000000000001
11 14 0.0015
11
8 6 0.0018000000000000002 0.14757613675489328
11 13 0.0013000000000000002 0.14146381291177035
5 6 0.0024000000000000002 0.1375296295959133
14 5 0.0012000000000000001 0.11008421513743832
11 4 0.0014 0.12634490230332188
2 7 0.0013000000000000002 0.14516493431510966
12 14 0.0019 0.11914243290575326
10 4 0.0016 0.11475183439886107
2 8 0.0023 0.1268935608792224
7 14 0.0012000000000000001 0.11762154888086278
6 0 0.0023 0.11422692036323583
