15
12 1 22 3 23 4 19 6 18 7 24 8 21 9 20 10 16 11 15 12 19 13 16 14 22
1 6 13
1 3 16
10 0 15 2 21 4 24 6 16 7 24 10 20 11 22 12 20 13 14 14 22
6 0 22 5 14 8 13 10 20 11 18 13 17
11 0 24 2 14 3 12 4 19 6 17 8 23 10 20 11 22 12 17 13 17 14 12
6 1 21 2 15 3 12 5 23 7 15 13 13
3 9 23 10 24 11 23
9 1 20 2 13 3 12 5 21 10 18 11 14 12 16 13 19 14 22
13 0 13 1 19 2 18 3 20 4 22 6 18 7 19 8 22 10 20 11 13 12 20 13 19 14 14
2 1 22 14 16
5 2 15 5 18 6 18 10 24 14 15
3 0 16 7 24 14 17
12 0 24 1 19 2 23 3 13 4 12 6 22 7 15 8 19 9 13 10 15 12 20 14 19
13 0 12 1 20 2 16 3 18 4 23 5 18 6 19 7 22 8 23 9 23 10 12 11 18 12 17
11
13 7 0.0016
1 12 0.0015
3 8 0.0019
4 9 0.0022
3 12 0.0018000000000000002
12 5 0.0017000000000000001
6 8 0.0014
10 2 0.0018000000000000002
4 7 0.0018000000000000002
1 11 0.0019
3 6 0.0022
11
3 9 0.0012000000000000001 0.11059906783203406
11 8 0.0012000000000000001 0.137054085633617
5 12 0.0021000000000000003 0.12878004861245027
0 3 0.002 0.11705387961891241
0 9 0.0017000000000000001 0.10411035797060195
4 1 0.0018000000000000002 0.11203155830155422
9 14 0.0024000000000000002 0.12465779374800198
7 12 0.0017000000000000001 0.14493453178743804
0 7 0.0017000000000000001 0.12262049978369258
13 1 0.0021000000000000003 0.11479974571343654
12 4 0.0023 0.13474620917065805
