15
8 4 21 5 20 6 17 7 12 8 19 10 23 12 17 14 16
8 3 20 4 17 5 19 7 21 8 12 9 24 13 24 14 12
9 1 14 4 13 5 13 7 15 8 24 9 17 10 20 11 23 12 23
6 0 13 1 15 5 18 8 20 10 24 13 19
7 1 17 2 23 3 24 5 20 6 13 8 23 9 20
13 0 22 2 14 3 17 4 23 6 17 7 17 8 17 9 24 10 20 11 16 12 12 13 17 14 17
3 5 18 8 20 13 17
7 1 19 2 22 4 17 6 13 8 24 9 13 13 17
12 1 21 2 14 3 16 4 18 5 21 6 19 7 23 10 16 11 19 12 24 13 20 14 19
12 0 14 1 16 2 20 3 17 4 22 5 23 6 21 8 17 10 19 11 22 12 20 13 13
12 0 12 1 13 4 12 5 19 6 15 7 23 8 13 9 24 11 22 12 15 13 23 14 12
5 0 24 4 12 6 12 13 12 14 19
1 1 14
10 0 23 2 24 3 19 5 16 7 21 8 21 10 13 11 13 12 14 14 19
5 3 16 6 14 7 20 12 24 13 18
11
10 2 0.0021000000000000003
8 0 0.0018000000000000002
13 3 0.0015
0 9 0.0017000000000000001
2 0 0.0015
1 4 0.0016
13 9 0.0014
12 6 0.0016
13 12 0.0014
9 5 0.0021000000000000003
12 8 0.0018000000000000002
11
6 7 0.0019 0.12237635929889876
6 5 0.0012000000000000001 0.14728002926077038
7 12 0.0022 0.10199381658618298
13 11 0.0012000000000000001 0.10963097168067273
9 10 0.0018000000000000002 0.14068145894805748
14 13 0.0019 0.1444494852062762
2 12 0.0017000000000000001 0.10240798793475399
9 3 0.0015 0.11138014929540711
2 9 0.0016 0.11508661740712824
14 1 0.0012000000000000001 0.10169067109318407
10 6 0.0024000000000000002 0.14348983184497202
