15
13 1 17 2 14 3 22 4 18 5 23 6 18 7 15 8 24 9 13 10 14 11 12 12 13 14 24
13 0 24 3 15 4 23 5 18 6 20 7 20 8 24 9 17 10 19 11 20 12 20 13 16 14 17
9 1 12 4 17 5 24 7 22 9 17 10 15 11 17 12 14 13 17
2 1 17 2 14
5 1 21 2 20 5 23 10 19 14 13
9 0 20 2 21 3 19 6 22 7 15 8 22 9 17 12 14 13 23
4 0 24 2 20 5 21 11 24
11 0 14 1 18 3 24 5 20 8 24 9 12 10 22 11 17 12 24 13 15 14 20
13 0 16 1 16 2 23 4 14 5 18 6 12 7 17 9 15 10 23 11 15 12 23 13 19 14 14
9 0 19 2 24 3 21 4 20 5 13 6 22 7 21 8 23 11 15
3 0 16 11 17 12 16
11 0 24 2 19 3 18 4 14 5 24 7 23 8 19 10 12 12 19 13 16 14 24
2 7 20 13 15
13 0 15 1 16 2 18 3 14 4 15 5 23 6 18 7 21 8 15 9 21 10 13 11 19 14 21
7 1 19 2 17 3 19 7 15 9 14 10 17 12 17
11
10 8 0.0022
9 1 0.0019
13 12 0.0017000000000000001
11 8 0.002
2 4 0.0022
1 12 0.002
10 7 0.0022
2 14 0.0013000000000000002
8 4 0.0016
0 6 0.0019
11 1 0.0022
11
14 11 0.0016 0.14948979055157333
2 1 0.0017000000000000001 0.12497311245087345
11 12 0.0023 0.1316728907758946
5 14 0.0016 0.11513099047182343
1 12 0.0019 0.12627360735044213
0 2 0.0024000000000000002 0.12804416318508216
0 2 0.0024000000000000002 0.10998935211138074
4 1 0.0017000000000000001 0.11318978548670265
11 2 0.0023 0.14799000747755015
13 14 0.0021000000000000003 0.1274077777008338
13 4 0.0014 0.11648572007882789
