15
12 2 13 3 17 4 24 5 18 6 18 8 20 9 23 10 17 11 18 12 19 13 20 14 24
13 0 15 2 24 3 14 4 17 5 21 6 17 7 16 8 17 9 16 11 13 12 23 13 16 14 14
5 1 16 4 16 5 23 7 16 9 16
5 0 22 7 19 8 18 9 23 13 23
4 5 13 9 12 11 17 13 24
7 0 17 1 14 2 17 9 21 10 15 12 14 14 23
9 2 13 4 14 5 18 8 22 9 22 10 18 11 15 13 20 14 15
11 0 23 1 16 3 16 4 15 5 14 6 24 9 14 10 19 11 18 12 13 14 21
9 2 14 4 14 6 17 7 20 10 23 11 18 12 20 13 19 14 22
12 1 18 2 23 3 21 4 20 5 15 6 18 7 20 8 20 10 16 11 14 12 14 14 21
5 2 18 7 14 9 13 11 18 14 18
6 3 12 4 19 5 12 8 14 9 18 10 21
9 2 23 3 21 5 18 7 15 8 16 9 22 11 23 13 13 14 24
13 0 17 1 13 2 20 3 14 4 17 5 17 6 14 7 23 8 22 9 17 11 23 12 23 14 21
6 0 13 1 12 3 23 4 17 5 15 11 23
11
5 9 0.0017000000000000001
1 14 0.0015
6 14 0.0021000000000000003
0 2 0.0015
9 8 0.0013000000000000002
2 12 0.0023
12 2 0.0014
10 6 0.0016
13 6 0.0023
13 0 0.0016
10 13 0.0022
11
6 12 0.0015 0.14294316117477202
12 8 0.0013000000000000002 0.129087277496589
3 8 0.0016 0.14592311827274418
8 12 0.0024000000000000002 0.1464815127198661
14 13 0.0022 0.10697407145098575
1 13 0.0013000000000000002 0.11535429678728938
3 14 0.0017000000000000001 0.1424095497017397
7 9 0.002 0.13472695854540617
13 10 0.0022 0.14367136885268852
5 1 0.0016 0.14084281579513033
13 11 0.0017000000000000001 0.102147495212813
