15
1 9 20
6 0 22 2 19 6 14 7 15 12 18 13 23
10 0 17 3 22 4 22 5 20 8 20 9 16 10 12 11 23 12 13 14 24
8 1 19 2 17 5 15 6 14 7 18 9 13 10 22 11 18
9 0 13 1 16 6 15 8 15 9 17 10 13 12 16 13 22 14 16
2 10 22 12 24
3 1 19 3 16 12 22
5 3 17 8 22 9 21 10 23 12 23
10 1 23 2 12 3 22 4 23 7 17 9 24 11 21 12 21 13 20 14 21
11 0 23 2 20 3 17 4 15 6 19 7 18 8 21 10 21 11 15 12 19 14 20
8 0 13 1 16 2 14 5 15 8 19 9 15 12 16 13 17
13 0 17 1 16 3 23 4 18 5 24 6 22 7 19 8 24 9 12 10 19 12 19 13 14 14 13
13 0 19 1 12 2 16 3 14 5 20 6 22 7 19 8 19 9 23 10 14 11 15 13 20 14 20
5 4 21 7 18 8 16 12 13 14 16
13 0 17 1 13 2 21 3 24 4 24 5 16 6 15 7 12 8 13 9 22 10 14 11 20 12 19
11
7 13 0.0014
4 1 0.0024000000000000002
1 12 0.0016
9 6 0.0021000000000000003
1 9 0.0019
3 5 0.0023
4 5 0.0016
4 12 0.0015
11 0 0.0012000000000000001
7 11 0.0018000000000000002
9 0 0.002
11
8 9 0.0022 0.11157879301281036
0 11 0.0012000000000000001 0.11022828549291235
5 6 0.0015 0.1482302455338676
10 7 0.0019 0.1471250341734946
10 1 0.002 0.12307114566502418
12 0 0.0018000000000000002 0.11186291991235246
9 6 0.0015 0.1158910608796868
9 14 0.0017000000000000001 0.10968956841070648
11 6 0.0019 0.13532583451236094
10 7 0.0012000000000000001 0.13541734444650586
12 10 0.0021000000000000003 0.1461977922500895
