17
16 6 2 4 7 
18 8 17 11 0 12 3 
6 10 16 
1 3 14 
3 12 5 
11 0 12 3 1 17 
14 1 8 18 
8 17 11 0 
14 1 8 
9 17 
12 18 8 
3 1 8 
18 8 17 4 7 14 6 
17 11 0 12 5 19 9 
16 6 2 10 1 3 
14 1 
4 7 2 13 0 12 5 19 
17
10 12 13 11 6 15 14 18 
18 1 3 2 4 5 7 8 9 17 
2 4 5 7 8 9 17 10 12 13 11 6 15 14 18 1 3 
7 8 11 13 
18 1 3 2 4 5 7 8 9 17 10 12 
10 12 13 
9 17 
13 11 6 15 14 18 1 3 2 4 5 7 8 9 17 10 12 
0 12 
18 1 3 2 4 5 7 8 9 17 10 
7 8 9 17 10 
6 15 
16 6 15 14 18 
11 6 15 14 18 1 3 2 4 5 7 8 9 17 
0 12 13 
5 7 8 9 
3 2 4 5 7 8 9 17 10 12 13 11 6 15 
