10
1 9 19
7 0 22 3 13 5 22 6 17 7 15 8 21 9 24
1 5 22
7 1 21 2 16 5 12 6 23 7 13 8 17 9 15
2 0 17 6 14
4 2 17 3 24 6 22 8 13
5 0 19 1 24 3 18 5 21 9 15
2 0 14 5 14
7 0 18 2 18 4 17 5 15 6 19 7 16 9 22
2 2 17 3 21
5
7 9 0.0024000000000000002
0 3 0.0018000000000000002
7 3 0.0018000000000000002
4 2 0.0014
2 9 0.0015
15
4 2 0.0017000000000000001 0.10172623743039155
5 8 0.002 0.10959090112261533
7 2 0.002 0.12357732358765991
1 8 0.0022 0.10770930582362241
0 5 0.0023 0.11906184169965452
9 3 0.002 0.12507728553193184
9 3 0.002 0.14039082641050357
0 1 0.0024000000000000002 0.10533704144463261
7 8 0.0012000000000000001 0.13299390630696606
9 2 0.0023 0.11056134922620262
1 0 0.0023 0.11711612725947076
2 1 0.0016 0.11657935288309132
5 3 0.0016 0.10862405978713847
2 1 0.0024000000000000002 0.14247328248484195
1 5 0.002 0.1195715551225838
