10
5 3 14 4 22 5 16 7 12 9 20
1 4 12
8 0 14 1 22 3 18 5 14 6 24 7 24 8 12 9 12
3 5 14 6 15 9 12
6 0 17 1 16 2 16 5 19 6 19 9 14
8 1 24 2 12 3 17 4 20 6 15 7 24 8 20 9 14
8 0 12 2 16 3 15 4 19 5 14 7 12 8 16 9 15
6 0 22 2 22 3 22 4 15 5 15 9 12
2 0 23 1 20
7 1 18 2 15 3 12 4 18 5 21 7 12 8 13
5
1 7 0.0016
4 3 0.0013000000000000002
9 0 0.0019
2 9 0.0021000000000000003
7 3 0.002
15
6 0 0.002 0.1072805601522202
5 6 0.0019 0.14439083260289481
8 1 0.0021000000000000003 0.1071468838420645
3 7 0.0022 0.14812638118702126
7 2 0.0014 0.14434605468509987
2 5 0.0017000000000000001 0.11190000232243197
1 4 0.0018000000000000002 0.12294081422983111
6 5 0.0021000000000000003 0.13767803554967026
1 9 0.0023 0.13333467645614966
2 5 0.0014 0.12875666528258975
5 9 0.0015 0.11538890897732344
2 1 0.0012000000000000001 0.14550854977621208
7 5 0.0018000000000000002 0.12437732875829867
8 6 0.0016 0.11309621516593696
5 9 0.002 0.14680762487438045
