10
2 2 22 4 15
3 0 12 5 13 6 20
6 1 19 3 12 5 15 7 22 8 16 9 12
1 4 21
3 0 19 5 14 8 18
3 1 15 2 22 6 18
7 0 21 1 12 2 14 4 14 5 23 7 12 8 21
8 0 20 1 17 2 20 3 13 5 20 6 17 8 16 9 15
2 2 12 9 12
5 0 13 3 17 5 18 6 23 8 24
5
7 4 0.0021000000000000003
3 6 0.0018000000000000002
5 6 0.0015
0 8 0.0014
0 1 0.0015
15
1 3 0.0023 0.1264786512139568
5 3 0.0014 0.10909855552176792
5 1 0.0021000000000000003 0.13680889555143977
9 8 0.0016 0.1455170667123356
6 7 0.0023 0.11516088405679514
8 1 0.002 0.11755522639781418
5 7 0.002 0.12645636697560522
8 9 0.0015 0.13411520798312793
0 9 0.0016 0.13584561850279908
9 3 0.0012000000000000001 0.14795128088570925
5 8 0.0017000000000000001 0.11924974976733772
7 2 0.0022 0.11757230937555549
9 0 0.0016 0.14064192254099925
0 1 0.002 0.12416945826283414
4 7 0.0015 0.12525843094939473
