10
5 1 23 2 14 4 24 7 20 9 14
4 0 24 2 15 4 12 9 15
3 1 17 3 21 4 19
6 0 18 1 23 4 14 6 19 8 17 9 13
3 5 16 8 23 9 22
2 2 21 7 23
4 1 14 2 18 3 22 7 23
7 0 23 1 16 2 16 3 12 5 13 6 20 9 24
7 0 13 1 14 3 18 5 20 6 19 7 19 9 19
5 1 17 2 18 5 18 6 21 7 20
5
8 1 0.0013000000000000002
0 6 0.0015
6 4 0.0013000000000000002
1 7 0.0017000000000000001
4 1 0.0021000000000000003
15
1 9 0.0024000000000000002 0.119514428543646
6 4 0.0012000000000000001 0.1240798552380627
8 3 0.0012000000000000001 0.13909789005572212
9 0 0.0014 0.10284604355806934
1 2 0.002 0.10519952381638284
5 6 0.0021000000000000003 0.10103568428063334
1 9 0.0024000000000000002 0.13110686144400785
9 3 0.0024000000000000002 0.12372780230371908
9 2 0.0013000000000000002 0.12159448021388214
4 9 0.0024000000000000002 0.10213702172513778
1 9 0.0023 0.1456599995747556
0 5 0.0018000000000000002 0.11164009093236633
7 8 0.0022 0.12841521019795046
8 5 0.0022 0.12958628201896683
4 2 0.0016 0.12297991387470417
