10
6 2 16 3 22 4 22 6 21 7 14 9 18
6 0 24 3 20 4 18 5 24 6 19 8 21
2 0 18 6 23
7 0 24 2 16 4 18 5 14 6 19 7 18 8 20
8 0 24 1 12 2 14 3 16 5 16 6 22 7 23 8 22
5 0 22 1 18 3 17 6 15 9 12
4 2 21 3 13 5 15 8 24
6 0 23 2 13 3 17 5 16 6 15 8 24
3 1 24 4 23 6 23
8 0 17 1 23 2 23 3 17 4 22 5 14 7 16 8 21
5
7 9 0.0016
5 6 0.0013000000000000002
2 1 0.0024000000000000002
9 8 0.0019
7 9 0.0016
15
4 7 0.0023 0.12845023628932947
7 3 0.0018000000000000002 0.10544331410107201
5 6 0.002 0.1105251473419257
5 0 0.0024000000000000002 0.1385184905583465
2 1 0.0018000000000000002 0.1376688211369002
6 1 0.0024000000000000002 0.14970013416470013
4 5 0.0022 0.11030916867014086
1 9 0.0019 0.14724236985967987
3 9 0.0022 0.12054257453448206
1 0 0.0019 0.10366553161745656
4 7 0.0024000000000000002 0.1476221518772743
3 5 0.0022 0.11329132497533524
2 6 0.0022 0.10882031970159028
5 1 0.0014 0.14784376943411623
8 4 0.0018000000000000002 0.11716317106070369
