10
2 5 24 9 15
6 0 17 2 22 4 20 5 24 6 17 7 12
2 5 16 7 16
5 2 16 4 20 6 21 7 18 8 20
4 3 18 5 18 7 14 8 22
5 0 17 1 23 2 24 3 24 6 12
2 0 22 9 12
7 0 15 1 17 3 19 5 20 6 18 8 24 9 18
1 3 19
5 1 13 2 17 3 15 4 21 6 21
5
0 8 0.002
1 5 0.0019
0 9 0.0022
0 3 0.0014
7 1 0.0014
15
8 9 0.0015 0.11574831006608605
6 8 0.0015 0.12244307083459484
4 7 0.0013000000000000002 0.14177828693541997
2 6 0.0015 0.13948453743602193
4 8 0.0022 0.14780739171246124
2 6 0.0024000000000000002 0.12168431090908557
9 2 0.0016 0.12024192961598844
0 1 0.0023 0.11930569899423338
9 3 0.0017000000000000001 0.1170911709973922
5 7 0.0015 0.12228683206580016
9 3 0.0024000000000000002 0.10669997288957499
6 3 0.0019 0.14637279788668278
3 8 0.0014 0.10070187592243807
3 8 0.0022 0.12586129625373282
2 9 0.0013000000000000002 0.10214741379960134
