10
2 1 19 9 23
8 0 14 3 13 4 15 5 18 6 14 7 17 8 20 9 19
1 9 18
2 0 17 4 12
7 0 15 1 21 2 23 5 22 6 19 7 15 9 24
4 0 20 1 18 2 16 4 12
4 2 19 3 19 4 21 8 23
8 0 15 1 13 2 21 3 13 4 23 5 17 6 12 8 24
5 0 22 1 20 3 12 5 14 9 13
4 0 18 1 18 4 23 7 24
5
1 3 0.0013000000000000002
0 7 0.0013000000000000002
2 4 0.0017000000000000001
2 6 0.0014
7 0 0.0022
15
5 3 0.002 0.10599289608163133
7 0 0.0016 0.10663045191390265
3 7 0.0018000000000000002 0.13716458745589163
3 2 0.0018000000000000002 0.13312369776688002
8 3 0.0023 0.14642968727480893
4 7 0.0023 0.10965981179756834
6 5 0.0022 0.1367313144536565
6 9 0.0013000000000000002 0.11239508193582498
0 2 0.0024000000000000002 0.12850835895971635
6 2 0.0019 0.13111839509081513
2 7 0.0017000000000000001 0.10930283532608055
8 1 0.0024000000000000002 0.13644338421904129
6 3 0.0013000000000000002 0.11032729907320718
1 4 0.0017000000000000001 0.1399219564917254
0 1 0.0015 0.14163447274835889
