10
7 1 15 2 19 4 15 5 24 6 21 7 21 8 17
3 0 20 6 16 7 19
6 0 18 1 23 3 20 6 15 8 13 9 23
8 0 20 1 17 2 15 4 23 5 12 6 15 8 15 9 23
3 1 17 7 23 8 18
8 0 24 1 19 2 23 3 22 4 12 6 23 8 19 9 21
5 1 22 3 21 5 15 8 12 9 20
7 0 20 1 16 2 12 5 13 6 13 8 22 9 12
3 2 14 3 22 9 18
4 0 21 1 23 4 18 7 12
5
8 6 0.0014
1 4 0.002
0 3 0.002
8 1 0.002
4 9 0.0024000000000000002
15
9 1 0.0022 0.1331317307325757
2 3 0.0013000000000000002 0.117675254752749
3 9 0.002 0.12191648695576734
7 6 0.0012000000000000001 0.13210541140340085
8 7 0.0023 0.13475933142611876
3 8 0.0013000000000000002 0.14697812034215513
3 4 0.0016 0.1099522408366423
8 1 0.0019 0.14811476711984112
4 8 0.0023 0.1032500383079249
3 5 0.0018000000000000002 0.11998749252336693
9 8 0.0012000000000000001 0.10597503128125577
7 6 0.0013000000000000002 0.12352966331332817
7 8 0.0012000000000000001 0.13652588165570786
1 0 0.0015 0.1329292425110386
4 0 0.0024000000000000002 0.11540032728638068
