10
5 3 22 4 19 6 22 8 17 9 24
6 2 13 3 20 5 19 6 15 7 24 8 21
4 0 22 1 15 5 15 7 12
3 4 16 5 21 8 13
6 0 14 2 12 6 17 7 13 8 14 9 17
1 7 18
4 0 14 1 19 2 15 3 14
6 0 12 1 19 2 18 3 18 4 18 6 15
3 1 16 7 17 9 19
4 1 23 6 16 7 17 8 21
5
1 2 0.0012000000000000001
8 6 0.0022
1 3 0.0019
8 6 0.0023
2 6 0.0017000000000000001
15
0 6 0.0015 0.1359646494593068
5 4 0.0017000000000000001 0.12279062346213673
0 6 0.0023 0.1434771429089409
6 3 0.0012000000000000001 0.11277938167849494
1 9 0.0023 0.109207172238445
5 3 0.002 0.10728097733286607
4 2 0.002 0.1440154075402078
6 4 0.0024000000000000002 0.12934812148529626
7 1 0.002 0.1283156571115554
3 4 0.002 0.13601719115849836
0 9 0.0015 0.12619277609399965
2 1 0.0012000000000000001 0.13994954870014198
9 6 0.0012000000000000001 0.13658538157572964
0 8 0.0017000000000000001 0.13546092542565896
1 6 0.002 0.13553724647960197
