10
3 4 14 5 22 9 17
6 2 24 3 15 4 17 6 17 7 23 9 21
7 0 16 1 15 5 17 6 23 7 23 8 14 9 17
5 0 13 1 12 4 17 5 24 8 22
1 9 13
2 3 17 4 13
8 0 23 1 24 2 24 4 13 5 24 7 22 8 24 9 13
3 2 18 3 21 9 16
5 2 24 4 23 6 16 7 24 9 21
1 1 13
5
3 0 0.0022
3 6 0.0024000000000000002
7 5 0.0016
8 2 0.0013000000000000002
9 0 0.0017000000000000001
15
2 5 0.0014 0.10807419693549908
4 0 0.0021000000000000003 0.12429397991071815
6 0 0.0022 0.12910865841554925
4 6 0.0017000000000000001 0.11011072414750737
2 6 0.0016 0.11636821561277012
9 3 0.0022 0.1075978746085515
6 2 0.0021000000000000003 0.14566550318520474
5 9 0.0013000000000000002 0.11109941421459595
4 1 0.0017000000000000001 0.10479894928158771
9 1 0.002 0.14387046174830384
9 1 0.0019 0.14051077583834762
2 6 0.0024000000000000002 0.12845422078380697
8 6 0.0019 0.12539215493643163
3 6 0.0021000000000000003 0.11629604587592354
6 1 0.0015 0.12825241448494545
