10
1 6 22
6 4 20 5 12 6 18 7 21 8 24 9 13
3 1 18 5 24 7 22
5 4 12 6 19 7 12 8 19 9 14
7 0 24 2 24 3 20 5 17 6 22 8 15 9 24
1 6 17
1 8 22
4 2 22 4 16 8 18 9 14
2 0 23 3 17
1 4 14
5
7 6 0.0014
0 9 0.0022
7 6 0.0012000000000000001
7 0 0.0016
9 6 0.0013000000000000002
15
8 7 0.0023 0.13186524781965236
1 0 0.0016 0.10701968286002539
2 8 0.0013000000000000002 0.1344880459016472
5 9 0.0014 0.1321193328232243
8 7 0.0018000000000000002 0.11255927563470278
9 0 0.0018000000000000002 0.10125626249250895
7 9 0.0016 0.13524421069927892
5 8 0.0012000000000000001 0.11462406824044716
5 4 0.0019 0.10554823278966635
9 8 0.0024000000000000002 0.13466779920365116
4 6 0.0015 0.12807682437718837
0 4 0.0018000000000000002 0.10565524448639695
7 9 0.0021000000000000003 0.11118549225647403
7 9 0.0018000000000000002 0.11067855355276741
4 8 0.0023 0.10561320026408234
