10
4 3 12 4 22 8 14 9 20
2 2 18 6 22
8 0 12 1 15 3 13 4 12 5 21 7 19 8 19 9 22
8 0 18 1 15 4 21 5 13 6 19 7 21 8 15 9 16
1 9 16
1 4 15
4 1 19 3 23 7 14 9 21
1 8 15
7 1 19 2 19 3 13 4 18 5 18 7 12 9 24
6 0 14 1 16 2 14 3 14 4 20 8 14
5
4 9 0.0018000000000000002
4 3 0.0012000000000000001
4 8 0.002
3 1 0.0021000000000000003
3 1 0.0024000000000000002
15
5 2 0.0023 0.10925577802722775
9 6 0.0022 0.11102987410665993
3 7 0.0013000000000000002 0.10617122771735693
9 4 0.0022 0.13283417102792724
3 0 0.0022 0.14812177963124662
1 3 0.0013000000000000002 0.10270624258361383
7 4 0.002 0.10293613415251107
8 1 0.0015 0.12020503365922645
6 7 0.0019 0.12685153047983222
7 8 0.0023 0.10250673330457144
9 7 0.0018000000000000002 0.11274124915170744
1 9 0.0016 0.10183366176412818
6 7 0.0014 0.12650228910526368
0 6 0.0021000000000000003 0.1447923229715096
8 3 0.0023 0.12027896086942086
