10
2 1 13 9 17
1 8 19
3 1 12 6 12 7 14
4 5 17 6 23 8 12 9 13
6 1 21 2 18 3 19 5 24 7 17 8 21
2 3 15 8 22
1 8 14
2 8 24 9 20
6 0 21 2 20 4 23 6 18 7 21 9 22
1 3 17
5
3 4 0.0022
4 3 0.0024000000000000002
1 0 0.0015
3 5 0.0024000000000000002
9 0 0.0015
15
0 6 0.002 0.12813463208106937
7 0 0.0017000000000000001 0.13997852102479902
5 2 0.0015 0.12601139908130674
6 7 0.002 0.12530565336762506
2 1 0.0023 0.11809918115580813
4 7 0.0024000000000000002 0.13487571274843815
9 0 0.0019 0.1277727443602776
9 0 0.0018000000000000002 0.14188304127455525
5 7 0.0024000000000000002 0.13137549969347223
7 1 0.0024000000000000002 0.13338374436880657
2 9 0.0012000000000000001 0.1424379171794035
3 6 0.0023 0.10692022868112305
1 4 0.0024000000000000002 0.10105075562162008
4 6 0.0012000000000000001 0.12076444739772856
4 5 0.0019 0.10244662159045839
