10
7 1 22 2 19 3 15 4 16 5 20 6 14 7 21
5 0 17 3 22 6 16 8 18 9 23
2 6 15 9 14
6 1 15 2 13 5 24 7 14 8 22 9 22
8 0 13 2 12 3 23 5 24 6 13 7 16 8 19 9 13
1 0 14
3 4 16 5 15 7 18
4 3 16 5 20 6 18 9 24
8 0 14 1 19 2 23 3 13 4 20 5 18 7 22 9 16
3 3 15 4 23 5 15
5
1 4 0.0023
3 5 0.0016
4 5 0.0024000000000000002
7 9 0.002
4 0 0.0015
15
9 2 0.0016 0.12977552995895555
2 7 0.0016 0.14768983269341202
0 4 0.0015 0.11930224994950811
2 5 0.0017000000000000001 0.10866278460707983
6 2 0.0016 0.13134467531399402
3 0 0.0016 0.12660055812362656
7 5 0.0013000000000000002 0.1230421961120074
8 6 0.0022 0.11900270739860085
8 7 0.0012000000000000001 0.10132036983307567
5 0 0.0014 0.14209296631671392
2 8 0.0024000000000000002 0.1289605944875262
1 3 0.0024000000000000002 0.14140574751572715
5 7 0.0014 0.10278328202968696
0 2 0.0021000000000000003 0.1314344089242495
1 2 0.0016 0.13081258449452393
