10
5 1 22 3 20 4 17 7 15 8 24
4 0 23 2 16 5 21 8 20
3 3 22 4 22 6 24
6 0 22 1 23 5 24 6 14 7 12 8 17
6 0 21 2 16 3 17 6 24 7 19 9 19
6 0 13 1 14 2 13 4 16 8 18 9 21
8 0 20 1 18 2 20 3 16 4 23 5 13 7 24 8 14
7 1 14 2 16 3 21 4 12 6 15 8 19 9 13
8 0 16 1 14 2 19 3 21 4 16 6 21 7 20 9 19
3 3 19 5 23 8 13
5
4 8 0.0021000000000000003
1 9 0.0021000000000000003
2 6 0.0021000000000000003
8 7 0.0023
8 4 0.0021000000000000003
15
6 9 0.0023 0.11193460569166838
0 9 0.0013000000000000002 0.10780292546819902
2 0 0.0013000000000000002 0.12462642699277737
1 0 0.0021000000000000003 0.14922609242301704
1 8 0.002 0.10117639925534999
6 4 0.0019 0.12081638614305365
4 2 0.0021000000000000003 0.12369142775126166
5 4 0.0012000000000000001 0.10656376639624171
5 7 0.0016 0.1115372617848634
6 7 0.0021000000000000003 0.1300899603166327
8 9 0.0024000000000000002 0.12480461086700753
7 1 0.0023 0.13817805053249885
0 9 0.002 0.11019151186355124
9 2 0.0024000000000000002 0.1160249620580644
4 0 0.0012000000000000001 0.12950537960054684
