10
7 1 19 2 16 3 24 6 22 7 23 8 17 9 22
3 2 24 4 20 9 22
3 5 19 6 15 8 13
8 1 14 2 13 4 20 5 16 6 12 7 18 8 13 9 14
6 1 15 2 20 3 13 6 22 7 19 8 15
1 1 23
3 2 22 5 12 8 12
8 0 15 1 15 2 16 3 15 4 14 6 23 8 17 9 22
3 3 24 6 24 7 16
1 2 17
5
1 2 0.0012000000000000001
6 0 0.0014
5 2 0.002
6 9 0.0018000000000000002
7 1 0.0021000000000000003
15
3 7 0.0019 0.14528984304276565
6 7 0.0017000000000000001 0.12545061958737863
7 4 0.0014 0.12764893651505932
2 1 0.0017000000000000001 0.12165110483762692
8 2 0.0023 0.12012398899849067
3 5 0.0019 0.1053010760308313
8 4 0.002 0.13973715314079546
4 1 0.0023 0.11627509601377845
2 6 0.0017000000000000001 0.12427745060431634
3 7 0.0023 0.14368920329360138
9 5 0.0013000000000000002 0.10756391949817917
6 5 0.0023 0.10257916107141149
9 4 0.0024000000000000002 0.1042788949847358
6 0 0.0012000000000000001 0.1038184765555028
9 4 0.0015 0.136374702293073
