10
2 1 17 5 13
2 2 20 7 20
2 7 23 8 20
4 0 18 2 22 4 24 5 24
3 2 15 3 13 8 17
7 0 21 1 22 2 16 3 18 7 15 8 20 9 22
5 1 18 2 16 3 13 5 12 8 24
4 0 22 4 12 5 18 9 22
8 0 24 1 12 2 14 3 21 4 20 5 13 6 20 7 16
4 2 16 3 23 4 23 5 24
5
4 0 0.0015
8 7 0.0018000000000000002
8 0 0.0017000000000000001
2 5 0.002
5 8 0.0018000000000000002
10
9 1 0.0012000000000000001 0.13553344142440893
0 4 0.0021000000000000003 0.13646859471298672
5 7 0.0022 0.11757387464687409
7 3 0.0018000000000000002 0.10314844808764093
1 3 0.0012000000000000001 0.10130566954841659
9 0 0.0012000000000000001 0.11695743859916252
4 3 0.0015 0.10312353520992307
5 9 0.0023 0.10380786526417614
9 8 0.0018000000000000002 0.1280073791535468
1 5 0.0021000000000000003 0.10826991803363971
