10
2 1 15 5 14
5 3 13 5 15 7 16 8 24 9 24
6 0 21 4 12 6 14 7 22 8 18 9 23
7 0 13 2 17 5 23 6 18 7 22 8 18 9 14
6 0 19 1 21 2 16 6 24 7 14 8 13
7 1 23 2 23 3 21 4 15 6 22 8 14 9 18
4 0 23 3 15 7 23 9 19
8 0 22 1 22 2 19 3 15 4 23 5 13 8 24 9 20
5 0 19 1 16 5 23 7 24 9 13
1 3 13
5
9 3 0.0015
6 2 0.0014
7 4 0.0018000000000000002
5 2 0.0017000000000000001
1 9 0.0022
10
6 3 0.0017000000000000001 0.11155641085001897
4 5 0.0015 0.124750271760625
2 5 0.0015 0.10553398436440037
9 7 0.0021000000000000003 0.1127588714914717
8 3 0.0019 0.10164377508195882
8 7 0.0024000000000000002 0.13205441388462605
6 5 0.002 0.10781551094940632
3 5 0.0017000000000000001 0.12281956238684588
4 7 0.0013000000000000002 0.11323304454306442
7 8 0.0022 0.1405679455251831
