10
2 1 16 8 22
2 3 18 6 16
1 5 14
3 4 18 8 14 9 13
3 1 23 7 14 8 15
4 1 24 3 13 4 19 6 16
6 0 20 1 21 2 12 3 18 4 13 5 16
8 0 16 1 20 2 20 4 15 5 20 6 16 8 13 9 21
1 4 18
4 2 17 6 21 7 22 8 21
5
2 9 0.0021000000000000003
7 0 0.0021000000000000003
1 2 0.0019
8 1 0.0019
0 7 0.0018000000000000002
10
0 6 0.0023 0.1237957573522626
7 4 0.0021000000000000003 0.11172724879876485
6 0 0.002 0.12306829652836694
1 3 0.0016 0.10591858361267445
3 2 0.0023 0.14566523736587628
0 2 0.0013000000000000002 0.11771112364510737
6 8 0.0018000000000000002 0.11772008011428649
7 2 0.0018000000000000002 0.14935752617609732
8 9 0.0023 0.12258693703156445
1 0 0.0018000000000000002 0.11020070769768613
