10
1 2 23
8 0 23 2 17 3 16 5 20 6 20 7 19 8 17 9 14
1 3 16
3 1 21 4 19 7 19
6 0 19 1 24 2 12 5 17 7 14 8 23
4 0 18 2 17 3 19 9 21
4 2 16 5 12 8 21 9 21
8 0 20 1 19 2 13 3 22 4 18 5 19 6 21 9 19
2 0 16 7 19
4 1 14 2 14 4 19 8 19
5
1 9 0.0023
1 2 0.0018000000000000002
7 5 0.0012000000000000001
6 3 0.0014
7 8 0.0016
10
0 1 0.0021000000000000003 0.1443395458242331
3 8 0.0014 0.12075539988329073
5 9 0.0019 0.12968249317045202
6 8 0.0019 0.13667699019385615
8 3 0.0017000000000000001 0.11407930248016417
3 5 0.0013000000000000002 0.14609242090219274
6 8 0.0023 0.133622887416415
5 9 0.0014 0.14258646044273046
0 8 0.0024000000000000002 0.10683857512662462
1 8 0.002 0.1343604963571326
