10
4 2 16 4 20 7 22 9 13
3 2 21 3 19 7 24
6 1 24 3 15 4 17 5 14 7 24 8 13
1 1 23
1 6 18
6 2 17 3 15 4 13 6 17 7 15 9 16
3 0 24 3 14 5 12
8 0 18 1 13 2 14 3 23 5 14 6 19 8 15 9 18
2 0 22 6 20
6 0 24 1 12 2 20 4 23 5 16 7 13
5
5 1 0.0012000000000000001
7 9 0.0022
6 0 0.0014
8 5 0.0019
0 8 0.0015
10
0 8 0.0022 0.13930170066744274
7 8 0.0017000000000000001 0.13441899605800994
7 3 0.0021000000000000003 0.1333247348983251
1 9 0.0014 0.10017163332693868
6 0 0.0012000000000000001 0.10165964015722868
5 2 0.0013000000000000002 0.1001153057718987
1 8 0.0024000000000000002 0.11893772069556013
5 0 0.0023 0.14526539308504902
9 1 0.002 0.10185773769637063
1 4 0.0023 0.10441226578984654
