10
6 1 22 2 19 3 14 4 20 7 24 8 17
2 3 24 5 24
7 0 14 1 18 3 24 4 18 5 14 7 18 8 21
1 7 22
3 0 12 8 21 9 22
5 1 18 3 17 6 19 8 18 9 24
3 7 16 8 15 9 22
5 0 17 1 21 3 13 4 24 9 13
7 0 12 1 16 2 23 3 17 4 13 7 21 9 24
7 0 22 1 12 2 24 3 15 5 13 6 19 7 24
5
9 2 0.0022
8 2 0.0024000000000000002
1 0 0.0013000000000000002
4 3 0.0017000000000000001
0 5 0.0012000000000000001
10
2 5 0.0021000000000000003 0.10348496136630643
1 3 0.0015 0.14710044656391064
6 9 0.0017000000000000001 0.13464861112588494
0 4 0.0022 0.1256917284521393
2 0 0.0012000000000000001 0.1454058662227608
3 5 0.0017000000000000001 0.14799825792146143
4 8 0.0016 0.11545315886700776
8 3 0.0014 0.12535122376300514
8 1 0.0017000000000000001 0.108849581238559
6 7 0.0013000000000000002 0.12008171246199557
