10
3 1 13 4 17 7 13
2 7 16 8 17
8 0 14 1 19 3 20 5 14 6 17 7 17 8 24 9 17
2 1 23 2 13
2 6 13 8 13
8 0 14 1 24 2 18 3 19 4 18 7 17 8 12 9 22
6 0 16 3 15 4 15 7 20 8 17 9 12
6 2 12 3 20 4 20 5 14 6 18 9 16
3 0 19 4 19 7 24
2 1 13 5 18
5
9 2 0.0014
9 5 0.002
8 6 0.0021000000000000003
0 5 0.0017000000000000001
2 6 0.0019
10
9 1 0.0017000000000000001 0.11557205873423373
2 1 0.0022 0.14958557370801118
4 2 0.0023 0.12999605041289747
7 2 0.0021000000000000003 0.12898730178942738
5 8 0.0019 0.12054772213172349
2 9 0.002 0.1373210810884232
9 1 0.0015 0.1037916985135856
9 4 0.0018000000000000002 0.14497149285577918
8 1 0.002 0.14199671083014817
2 7 0.0024000000000000002 0.1198967238077698
