10
5 1 23 3 22 5 16 6 17 7 22
6 0 23 2 18 4 21 5 13 7 21 9 22
7 1 12 3 16 4 21 5 21 6 18 7 23 8 19
4 4 21 5 15 7 13 9 20
1 9 23
4 0 19 2 18 3 21 8 19
7 0 18 3 22 4 17 5 18 7 12 8 19 9 19
5 1 16 2 16 3 24 5 15 9 14
1 0 12
3 2 22 5 16 8 23
5
2 8 0.0013000000000000002
0 3 0.002
5 2 0.0017000000000000001
0 1 0.0024000000000000002
2 3 0.0012000000000000001
10
6 8 0.0013000000000000002 0.11715785085894852
7 8 0.0023 0.14070319081268495
4 0 0.0017000000000000001 0.14251368755037574
6 7 0.0022 0.1248372588713441
3 0 0.0014 0.10831343340763384
0 3 0.0013000000000000002 0.10704145545366507
4 9 0.0022 0.12830811826265495
3 1 0.0017000000000000001 0.14909950204948613
2 8 0.0022 0.1459517360772499
0 8 0.0019 0.13477212305891254
