10
1 6 19
6 2 21 3 14 4 21 5 12 6 16 9 16
6 0 13 3 12 4 20 5 18 6 21 8 23
4 0 22 2 19 5 20 9 24
2 0 23 5 21
6 0 13 1 21 2 15 4 21 7 24 8 12
6 0 19 3 17 4 14 7 16 8 13 9 16
5 0 20 1 23 2 12 4 15 8 12
7 0 20 1 12 2 12 3 17 4 23 6 17 9 15
6 0 17 2 18 3 15 4 16 5 23 6 15
5
9 5 0.0021000000000000003
5 2 0.0022
5 2 0.0015
9 2 0.0021000000000000003
5 2 0.0018000000000000002
10
1 5 0.0018000000000000002 0.14583582354616503
7 9 0.0023 0.10242347307952879
8 5 0.0024000000000000002 0.1459009771192314
3 2 0.002 0.13049745888018904
8 5 0.0024000000000000002 0.13424906135824408
3 9 0.0022 0.11699826429048957
9 3 0.002 0.12746557926146704
9 2 0.0015 0.13608976966964625
4 8 0.0014 0.10898964545535035
7 2 0.0022 0.1001971484519429
