10
4 1 22 2 13 5 17 9 23
3 4 18 7 13 8 13
6 0 12 3 23 5 16 6 18 7 16 9 12
8 0 13 1 22 2 16 4 22 5 16 7 18 8 15 9 14
6 0 16 1 21 2 20 6 12 7 20 9 23
4 0 18 1 16 4 15 7 15
6 0 16 1 18 3 14 7 15 8 12 9 19
1 0 18
6 1 12 2 14 3 13 4 21 6 21 9 21
5 2 13 4 21 5 13 7 20 8 24
5
4 2 0.0024000000000000002
8 2 0.0023
7 6 0.0017000000000000001
9 8 0.0024000000000000002
1 9 0.0018000000000000002
10
2 9 0.0015 0.10060680726087443
6 5 0.0018000000000000002 0.11340751136050477
9 8 0.0016 0.14477483651197065
6 1 0.0022 0.11144096416138105
8 9 0.0014 0.14648594556221967
9 4 0.002 0.13940115984749457
8 1 0.0015 0.13636701863794326
8 9 0.0016 0.14196805658084644
5 4 0.002 0.13649317594267624
2 6 0.0017000000000000001 0.10165012498792123
