10
4 2 18 4 13 5 22 9 23
6 0 17 3 15 6 19 7 22 8 19 9 15
8 0 12 1 23 3 23 4 12 5 22 6 24 8 19 9 12
1 5 19
4 1 13 2 23 7 17 9 15
3 2 20 3 21 7 12
7 0 19 3 12 4 18 5 13 7 23 8 18 9 18
6 0 13 2 18 3 17 4 13 8 17 9 23
6 1 13 2 20 5 13 6 24 7 19 9 18
7 0 22 1 19 2 16 3 14 5 23 7 13 8 18
5
4 3 0.0019
5 3 0.0015
5 1 0.0016
9 2 0.002
8 1 0.0021000000000000003
10
4 2 0.0021000000000000003 0.10008864615703877
7 0 0.002 0.142241853799896
8 9 0.002 0.14676193346738933
7 1 0.0023 0.13632054872781108
6 3 0.0013000000000000002 0.1205743809986782
0 8 0.0019 0.11421411487992726
1 8 0.0021000000000000003 0.13677511649126545
3 9 0.0022 0.10485233165775772
0 7 0.0014 0.1414651238230738
9 7 0.0024000000000000002 0.10127152173711787
