20
11 1 21 5 17 6 20 7 23 8 23 9 15 10 14 11 19 17 12 18 12 19 19
13 0 24 2 13 3 24 5 20 6 12 8 20 9 20 10 22 12 20 14 22 16 15 17 17 19 23
11 4 14 5 19 7 20 8 22 9 17 10 23 11 24 13 16 15 16 16 24 19 24
11 0 23 1 19 2 23 4 14 7 16 9 21 11 13 12 16 14 20 15 14 16 24
4 0 12 5 20 7 17 9 21
11 1 21 2 22 6 16 8 20 9 19 11 17 12 24 14 15 16 23 18 12 19 13
6 0 19 2 16 12 17 15 17 17 18 19 19
5 1 22 9 21 13 23 14 18 17 20
1 5 23
14 0 19 1 17 2 24 3 12 4 23 6 22 7 21 8 12 11 16 12 20 13 14 14 14 15 18 19 23
13 1 16 2 21 3 14 4 12 5 19 7 18 9 14 12 18 14 24 15 20 16 13 18 15 19 18
6 2 19 13 24 14 15 15 18 16 14 19 23
2 3 14 10 19
14 2 19 3 22 4 12 5 17 6 24 8 18 9 12 10 23 12 17 15 16 16 20 17 13 18 14 19 17
17 0 20 1 20 2 22 3 17 4 13 5 17 6 18 9 12 10 22 11 24 12 22 13 23 15 20 16 19 17 17 18 15 19 21
6 2 19 5 15 10 22 11 22 14 22 16 13
12 0 21 1 23 2 20 3 14 5 17 6 19 7 17 9 22 10 17 12 17 14 21 19 12
5 1 17 7 13 8 13 12 14 19 18
1 0 19
14 1 12 2 21 3 20 5 24 6 20 7 18 8 13 9 20 10 15 11 20 15 16 16 23 17 21 18 20
20
7 3 0.0017000000000000001
7 3 0.0017000000000000001
15 0 0.0018000000000000002
5 11 0.0023
9 18 0.0022
12 3 0.0014
18 0 0.0017000000000000001
2 17 0.0013000000000000002
6 2 0.0013000000000000002
10 2 0.0012000000000000001
13 4 0.0021000000000000003
4 1 0.0024000000000000002
1 2 0.0022
0 9 0.0014
18 16 0.0013000000000000002
18 2 0.0013000000000000002
12 7 0.0023
19 15 0.002
12 19 0.0022
8 12 0.0024000000000000002
20
0 8 0.0012000000000000001 0.14588348157116995
4 8 0.0018000000000000002 0.12463485572244741
9 13 0.002 0.1219924984637396
11 4 0.0019 0.11218391176042983
3 8 0.0022 0.14628082156856248
2 0 0.0023 0.10113080847067578
13 3 0.0016 0.12832195204240107
19 10 0.0012000000000000001 0.14672749926257017
9 19 0.0022 0.12914851899510643
1 4 0.0015 0.11983517929874099
1 4 0.0022 0.11071668775625294
6 15 0.0012000000000000001 0.1184520857511656
7 19 0.0019 0.13628693599848576
6 3 0.0015 0.14242630416710345
15 7 0.0022 0.14403685032938515
5 17 0.0021000000000000003 0.14865548336757184
4 6 0.0017000000000000001 0.1463283879314968
7 18 0.0012000000000000001 0.1351085254838541
19 9 0.0013000000000000002 0.1338047821468472
7 3 0.0021000000000000003 0.13498250392844574
