20
15 1 18 2 16 4 19 5 18 6 14 8 18 9 23 10 24 11 23 12 16 13 12 16 12 17 20 18 13 19 24
2 4 23 10 17
7 5 23 11 15 12 13 13 20 14 19 17 24 19 22
2 9 24 12 22
5 0 20 9 20 11 20 13 20 17 17
13 1 18 2 24 4 23 6 24 7 14 10 17 11 17 13 23 14 12 16 14 17 16 18 19 19 13
18 0 16 1 19 2 14 3 15 4 17 5 14 7 14 8 24 9 18 10 18 12 18 13 15 14 14 15 14 16 13 17 19 18 19 19 15
13 0 12 1 19 2 23 3 21 4 18 6 18 8 24 9 15 14 19 15 18 16 24 18 23 19 18
7 3 15 7 14 9 13 10 14 11 17 12 21 16 18
6 5 13 12 18 13 20 16 24 17 15 19 17
16 0 22 1 17 2 21 3 18 4 18 5 20 6 24 8 20 9 18 11 16 13 14 14 19 15 24 16 19 17 19 19 20
2 5 21 18 22
17 0 19 1 13 2 19 3 21 4 21 5 20 6 19 7 23 8 12 9 23 10 14 13 24 15 15 16 12 17 19 18 23 19 19
15 0 22 1 13 2 14 3 18 4 15 6 18 8 18 9 20 10 20 11 19 12 13 16 22 17 14 18 14 19 13
8 0 22 1 20 3 18 6 18 10 24 11 17 13 23 19 13
8 0 15 2 18 7 19 12 14 13 20 14 23 16 12 17 13
15 1 13 2 21 3 15 4 24 5 15 6 21 8 13 10 17 11 17 12 18 13 19 14 18 15 20 18 13 19 16
5 1 20 7 23 11 12 14 16 18 22
1 15 24
12 0 20 2 24 3 16 5 14 7 21 8 17 9 15 10 19 11 14 12 24 15 22 18 19
20
13 12 0.002
15 5 0.0016
16 9 0.0023
12 5 0.0014
5 13 0.0016
9 17 0.0013000000000000002
0 3 0.0022
9 6 0.0015
10 13 0.0019
7 18 0.0022
16 0 0.0024000000000000002
13 11 0.0023
5 10 0.0013000000000000002
11 7 0.0014
11 6 0.0017000000000000001
13 2 0.0016
4 5 0.0021000000000000003
11 13 0.0019
6 9 0.002
14 17 0.0013000000000000002
20
2 0 0.0012000000000000001 0.11345406646437442
6 7 0.0021000000000000003 0.11458088834639658
19 4 0.0016 0.1395834949566343
5 13 0.0015 0.13147656320454532
12 18 0.0015 0.12891551939453522
3 7 0.0022 0.10711317331977274
17 14 0.0022 0.11284435440781367
4 18 0.002 0.10370885281361593
0 1 0.0012000000000000001 0.13372027828846667
12 16 0.0021000000000000003 0.11465872102144402
8 18 0.0022 0.12676437515444702
2 6 0.0017000000000000001 0.1233909331560098
16 11 0.0012000000000000001 0.1406187996643423
12 14 0.0017000000000000001 0.130919733442872
4 16 0.0022 0.11361343550718546
0 1 0.0022 0.11556457665886556
7 15 0.002 0.14417186271163357
8 11 0.0015 0.10335567311199931
4 1 0.0015 0.1015624808302589
16 8 0.0017000000000000001 0.13693086595744525
