20
10 4 22 6 23 7 14 8 13 9 15 10 24 12 16 13 15 16 19 18 24
2 0 19 11 13
8 3 14 6 20 7 14 11 17 14 13 15 23 16 14 17 19
11 2 20 4 24 5 24 6 16 7 23 8 23 10 23 11 13 17 17 18 16 19 16
17 0 24 1 15 2 19 5 18 6 20 7 16 8 19 9 16 10 15 11 15 12 14 13 18 14 16 15 12 16 15 17 14 18 16
15 0 16 2 14 4 23 6 24 7 14 8 13 10 20 11 20 13 17 14 17 15 18 16 14 17 23 18 20 19 12
7 3 21 5 18 11 23 13 21 14 24 17 24 18 13
6 4 24 8 15 12 21 14 12 15 20 19 12
13 2 23 3 21 4 23 5 19 6 16 7 18 9 17 11 16 13 13 14 16 15 15 16 15 18 12
3 5 12 10 21 18 24
4 0 20 4 20 9 21 18 22
14 0 15 1 22 3 22 5 16 7 19 8 16 9 24 12 16 13 24 14 14 15 19 16 23 17 13 18 17
5 0 24 4 14 5 14 8 18 10 17
17 0 20 1 14 2 21 4 18 5 20 6 20 7 19 8 19 9 23 10 24 11 24 14 14 15 13 16 16 17 13 18 17 19 20
17 0 18 1 19 2 16 3 13 5 22 6 22 7 19 8 18 9 20 10 19 12 17 13 14 15 17 16 15 17 13 18 15 19 21
14 0 23 1 14 2 12 3 24 5 24 6 22 9 22 12 14 13 21 14 15 16 22 17 22 18 23 19 15
15 0 13 1 13 2 24 3 13 4 21 6 12 7 14 8 18 9 12 10 20 13 14 14 15 15 20 17 20 18 24
13 0 22 1 24 2 14 6 14 8 23 9 16 11 16 12 20 13 14 14 15 15 19 18 14 19 23
8 0 14 2 21 6 21 7 17 9 17 10 16 12 17 14 19
16 0 24 2 24 3 17 4 23 5 19 6 14 7 19 8 21 10 23 11 13 12 16 13 15 14 12 16 16 17 13 18 14
20
8 5 0.0022
1 7 0.0017000000000000001
19 6 0.0021000000000000003
0 15 0.0014
2 6 0.0015
18 5 0.0022
15 10 0.0019
10 7 0.0017000000000000001
19 16 0.0019
19 0 0.0016
17 7 0.0012000000000000001
5 10 0.002
13 2 0.0012000000000000001
8 9 0.0019
17 10 0.0019
15 5 0.0014
17 8 0.0018000000000000002
4 6 0.0021000000000000003
0 15 0.0022
18 10 0.002
20
9 19 0.0015 0.12675050400505827
18 6 0.002 0.10162513435773962
19 7 0.0013000000000000002 0.11150898020886117
13 0 0.0024000000000000002 0.11319044458170421
11 7 0.0019 0.11281880211666943
17 11 0.0018000000000000002 0.13928201456284744
6 4 0.0012000000000000001 0.1472491785362549
10 12 0.0021000000000000003 0.14312874733701056
1 12 0.002 0.1193507145162793
14 16 0.0013000000000000002 0.1313697318794766
1 17 0.0012000000000000001 0.1151012930163906
11 12 0.0018000000000000002 0.11281445814367096
16 11 0.0014 0.11067159887178324
0 1 0.002 0.1340714204308779
18 11 0.0014 0.13044559342739023
16 2 0.0015 0.11974987569451113
17 1 0.0022 0.10596996908207801
2 11 0.0012000000000000001 0.12228848734667935
18 13 0.0018000000000000002 0.12348168981300404
15 11 0.0016 0.11943648779674174
