20
6 5 12 8 15 10 15 12 13 14 23 18 18
13 0 16 2 21 3 22 4 14 7 16 8 15 9 13 10 22 11 16 14 24 15 20 17 19 18 14
16 0 12 1 13 3 22 5 22 6 14 7 23 8 17 9 22 10 13 11 15 12 21 15 23 16 21 17 17 18 22 19 23
16 0 19 2 21 4 16 7 17 8 18 9 17 10 24 11 15 12 21 13 24 14 15 15 21 16 18 17 15 18 16 19 24
1 1 19
11 1 12 2 23 6 16 8 20 12 15 13 21 14 20 16 21 17 21 18 18 19 15
9 1 18 2 19 3 21 4 12 5 23 8 20 12 21 13 21 19 15
3 6 24 10 15 13 12
14 0 21 2 12 4 22 5 21 6 18 7 13 9 23 13 22 14 16 15 19 16 14 17 13 18 17 19 24
17 0 23 1 19 2 20 4 19 5 20 6 23 7 14 8 19 10 12 11 20 12 21 13 12 14 23 16 18 17 19 18 13 19 23
6 4 21 6 24 7 15 12 13 13 15 14 13
9 1 22 5 21 6 17 8 12 14 22 15 14 16 21 17 15 19 14
16 0 21 1 21 2 23 4 18 5 15 8 15 9 24 10 12 11 17 13 23 14 22 15 21 16 22 17 18 18 18 19 15
6 4 19 8 22 10 12 16 23 18 23 19 18
8 2 15 3 24 5 19 9 23 11 17 17 13 18 22 19 15
6 3 15 6 23 9 20 13 18 14 18 16 17
8 0 12 1 15 2 19 6 15 10 22 11 23 15 14 18 24
5 2 13 3 16 6 17 9 22 19 17
18 0 21 1 19 2 13 3 21 4 21 5 16 6 22 7 13 8 13 9 22 10 12 11 15 12 12 13 14 15 15 16 23 17 22 19 15
14 1 16 3 24 4 22 6 24 7 13 8 24 9 18 10 13 11 21 12 21 13 23 14 16 15 22 18 13
20
10 0 0.0021000000000000003
14 1 0.0023
6 11 0.0014
16 4 0.0024000000000000002
12 18 0.002
5 18 0.0021000000000000003
1 3 0.0017000000000000001
16 3 0.0018000000000000002
1 9 0.0016
2 10 0.0016
6 15 0.0019
3 11 0.0015
15 17 0.0023
10 9 0.0015
6 0 0.0014
10 3 0.0023
19 16 0.0016
7 14 0.0024000000000000002
0 13 0.0019
11 16 0.0016
20
5 14 0.0022 0.13095201415834695
8 0 0.0022 0.11374363817259135
13 9 0.0019 0.13163530665464507
7 18 0.0019 0.14342112513695093
16 14 0.0017000000000000001 0.14018741122627923
12 16 0.0019 0.13890906496149244
1 15 0.0019 0.13013445289933445
9 5 0.0015 0.13326252558503104
8 3 0.0019 0.12469584895016389
4 3 0.0024000000000000002 0.10585191803302116
2 17 0.0019 0.1057647238404727
11 5 0.0023 0.144709771364658
16 13 0.0023 0.1449603133637424
16 0 0.0012000000000000001 0.1209697853522011
8 13 0.0013000000000000002 0.13234419533532837
17 1 0.0019 0.11522051363253294
18 17 0.0015 0.13820919078370925
17 13 0.0019 0.13714291479779167
0 19 0.0013000000000000002 0.11602006342869578
16 10 0.0024000000000000002 0.10317837552783066
