20
7 2 12 7 17 8 13 9 19 10 14 12 16 17 15
16 0 23 2 19 3 20 4 14 5 14 6 17 7 14 8 19 10 24 12 16 14 23 15 19 16 18 17 15 18 13 19 12
8 3 22 4 14 7 15 9 23 11 17 16 17 17 15 18 14
12 0 22 1 22 5 16 7 22 8 12 12 19 13 16 15 18 16 24 17 13 18 21 19 20
9 0 15 3 23 5 16 6 23 7 13 9 20 12 24 15 18 19 17
12 0 16 4 22 6 13 7 24 8 22 9 19 13 14 14 14 15 23 17 18 18 21 19 12
4 11 22 14 16 16 22 17 13
14 0 13 1 22 3 18 4 20 5 24 9 14 10 24 12 16 13 20 15 18 16 22 17 19 18 23 19 18
12 0 14 2 24 3 19 5 15 7 20 9 24 10 20 13 19 16 18 17 24 18 18 19 23
11 0 15 3 14 4 12 6 13 12 22 13 15 14 22 16 16 17 20 18 23 19 12
3 12 14 13 20 18 22
4 1 15 7 13 17 17 19 13
3 0 20 10 21 16 18
14 0 14 1 13 2 24 4 20 6 18 8 15 10 14 11 18 12 19 14 20 15 18 16 17 17 24 18 18
18 0 17 1 24 2 12 3 17 4 19 5 22 6 20 7 20 8 21 9 20 10 22 11 16 12 21 13 17 15 21 17 20 18 17 19 21
15 0 15 1 20 3 12 4 21 5 17 6 13 7 14 9 24 10 21 11 14 12 20 13 15 14 23 16 14 18 15
6 5 22 6 15 8 21 12 14 14 21 17 18
3 4 19 13 21 15 17
9 0 12 2 22 3 13 9 16 11 24 13 12 16 16 17 19 19 24
5 2 20 9 17 10 14 14 19 17 22
20
17 11 0.0023
5 6 0.0016
17 2 0.0024000000000000002
3 6 0.0023
7 16 0.002
11 8 0.0013000000000000002
5 18 0.0019
14 10 0.0024000000000000002
0 1 0.0023
12 4 0.0017000000000000001
3 4 0.0015
3 1 0.0022
1 12 0.0013000000000000002
13 0 0.0024000000000000002
5 12 0.0017000000000000001
0 10 0.0016
1 6 0.0019
2 17 0.0017000000000000001
13 2 0.0019
4 2 0.0013000000000000002
20
15 0 0.0022 0.14106544713874225
6 14 0.0015 0.13485105571326023
1 6 0.0021000000000000003 0.11203657513886943
2 7 0.0016 0.14526292266139926
4 2 0.002 0.10444948848930467
17 18 0.002 0.14003654518322045
4 19 0.0021000000000000003 0.13989075169404608
16 9 0.002 0.10800854528140155
5 11 0.0016 0.14595037052305587
6 2 0.0013000000000000002 0.139605294214752
4 1 0.0019 0.12370626882943841
17 16 0.0024000000000000002 0.13957075599412566
12 18 0.0016 0.13531894991740376
13 11 0.0021000000000000003 0.14568753007441898
1 18 0.0021000000000000003 0.13184420483364107
7 11 0.002 0.10832295825594149
12 7 0.0019 0.1321203012975041
1 6 0.0012000000000000001 0.12105566643275524
10 7 0.0018000000000000002 0.12872046339466167
2 17 0.0012000000000000001 0.1271609493263213
