20
16 1 13 2 18 3 24 4 21 5 21 6 18 7 13 8 12 9 23 10 15 12 12 13 13 14 18 16 22 17 14 19 13
12 0 14 2 23 5 15 6 17 9 12 11 13 12 18 14 16 15 20 16 20 18 19 19 24
17 0 13 1 18 3 14 5 23 6 14 7 21 8 19 9 18 10 13 11 20 12 24 13 24 14 12 15 15 16 19 18 24 19 20
6 7 14 9 22 11 14 14 23 15 15 16 21
14 0 17 1 24 2 22 3 13 8 12 11 13 12 19 13 15 14 23 15 21 16 13 17 22 18 14 19 14
3 4 13 9 20 16 17
2 2 24 9 12
1 19 22
2 10 18 19 22
14 1 24 2 19 4 20 5 24 6 15 7 19 8 19 10 18 13 15 15 19 16 19 17 21 18 12 19 13
8 0 21 2 12 4 18 5 22 11 24 16 22 18 19 19 19
16 0 21 1 24 2 24 3 18 5 13 6 24 7 13 8 15 9 13 10 23 12 13 13 13 15 21 16 17 17 14 19 21
14 0 12 1 20 2 13 3 14 4 19 5 24 7 24 8 21 9 16 10 24 11 20 13 15 15 17 19 22
6 0 12 1 12 7 22 8 12 10 18 15 19
17 0 20 2 20 3 14 4 14 5 14 6 13 7 15 8 22 9 19 11 13 12 19 13 20 15 22 16 21 17 16 18 14 19 21
10 0 21 1 21 6 17 7 18 8 19 9 20 10 19 12 21 17 13 19 22
4 0 22 1 17 11 20 12 12
16 0 13 1 21 2 23 3 23 4 18 5 13 6 24 7 22 8 14 9 14 10 20 11 22 14 16 15 19 16 24 19 22
4 4 22 12 21 15 17 16 22
9 0 23 1 21 4 21 5 13 7 21 9 12 12 21 13 18 16 16
20
18 10 0.0013000000000000002
0 15 0.0012000000000000001
13 9 0.0019
2 10 0.0017000000000000001
16 1 0.0019
11 14 0.0019
14 15 0.0018000000000000002
7 12 0.0018000000000000002
18 5 0.0021000000000000003
16 14 0.0012000000000000001
8 0 0.0023
7 16 0.0013000000000000002
16 14 0.0012000000000000001
6 1 0.0022
14 5 0.0021000000000000003
15 6 0.0016
0 12 0.002
12 11 0.0022
15 5 0.0022
5 2 0.0023
20
17 10 0.0013000000000000002 0.11416262983866392
7 10 0.0019 0.12235505091804627
11 6 0.0021000000000000003 0.13180405232509468
10 11 0.0024000000000000002 0.14294908770245185
1 12 0.0021000000000000003 0.12113354114454733
17 13 0.0021000000000000003 0.10272076868362565
18 1 0.0022 0.1360005438529177
13 9 0.0013000000000000002 0.11787288053733508
1 16 0.0024000000000000002 0.1403642238466959
7 8 0.0018000000000000002 0.117028723961183
13 18 0.0024000000000000002 0.14773303172919558
2 12 0.0013000000000000002 0.14433370191291822
16 12 0.0022 0.1278126764198568
15 12 0.0018000000000000002 0.11367213938582847
6 4 0.0019 0.1221504733511583
16 10 0.0024000000000000002 0.11079454382482103
11 0 0.0024000000000000002 0.10545231072469588
14 6 0.0016 0.10578708465584627
9 14 0.0016 0.10637499007450525
13 0 0.0017000000000000001 0.13071100806322458
