20
13 1 13 2 15 4 20 6 21 7 15 8 21 9 24 11 24 12 21 13 20 15 22 17 21 19 20
4 13 18 14 12 16 24 19 23
13 0 18 1 21 4 15 5 18 6 23 8 13 9 16 11 12 14 22 15 15 17 20 18 18 19 22
8 0 24 2 17 6 17 7 14 9 13 11 13 13 14 14 18
5 1 12 6 19 9 12 13 23 19 19
15 0 14 1 21 2 24 3 12 6 21 7 24 8 14 9 17 10 13 11 18 13 22 16 23 17 12 18 24 19 16
7 2 21 4 14 5 19 12 20 15 23 16 24 19 19
3 10 13 11 13 19 23
7 2 16 3 24 4 21 6 19 11 22 13 17 17 18
4 3 23 6 12 10 23 13 16
15 0 17 1 19 2 17 4 19 6 16 7 13 8 14 9 13 11 21 13 23 14 22 15 22 17 15 18 22 19 13
3 9 12 13 12 19 12
8 2 12 4 23 6 24 8 14 11 24 14 19 15 17 17 17
15 0 19 1 21 2 20 3 16 4 14 6 12 7 17 9 22 10 22 11 19 14 23 15 20 16 14 18 18 19 24
7 2 17 4 12 5 17 6 16 7 12 10 18 12 18
10 3 12 4 24 6 14 8 14 9 17 10 19 11 24 13 15 17 18 19 20
2 0 18 13 12
16 0 19 1 19 3 13 4 14 5 16 6 20 7 15 8 21 9 12 10 20 11 17 12 21 13 16 15 24 16 15 19 18
17 1 14 2 24 3 16 4 24 5 20 6 24 7 24 8 19 9 17 10 19 11 18 12 19 13 15 14 19 15 20 16 18 19 12
12 0 12 1 21 2 12 4 14 6 14 8 15 9 23 14 12 15 23 16 20 17 20 18 24
20
18 19 0.0024000000000000002
5 18 0.0018000000000000002
12 19 0.0017000000000000001
17 1 0.0016
2 13 0.002
12 7 0.0024000000000000002
12 19 0.0015
8 15 0.0018000000000000002
13 3 0.0023
13 3 0.0022
11 3 0.0014
4 16 0.0021000000000000003
17 1 0.0017000000000000001
18 13 0.0021000000000000003
14 9 0.0022
1 19 0.0014
17 18 0.0024000000000000002
2 19 0.0019
6 15 0.0023
18 7 0.0012000000000000001
20
16 7 0.0024000000000000002 0.14537491892511836
9 4 0.0024000000000000002 0.1346638891472109
9 12 0.0018000000000000002 0.10418217704803344
10 2 0.0013000000000000002 0.14325624527805675
9 8 0.0016 0.14061444842203508
1 6 0.0018000000000000002 0.13048411235166021
19 18 0.0017000000000000001 0.11453383763579078
7 18 0.0012000000000000001 0.1238854485745894
0 2 0.0024000000000000002 0.13153441828602003
11 8 0.0016 0.14009895769920067
9 7 0.0015 0.1289490485719296
18 15 0.0017000000000000001 0.1300180361102781
7 19 0.0017000000000000001 0.13596742018664515
17 13 0.0012000000000000001 0.1314421680564401
14 3 0.0017000000000000001 0.13332078228404382
0 17 0.0021000000000000003 0.11333683427468973
19 18 0.0014 0.13125996315005575
2 14 0.0022 0.10829824577199232
4 1 0.0014 0.13197535190047177
8 6 0.0012000000000000001 0.10601624895476024
