20
13 1 16 2 22 5 19 6 24 8 12 9 22 10 16 11 13 12 21 15 13 16 13 17 19 18 13
14 0 15 2 16 4 14 5 12 6 18 7 23 8 22 10 15 11 18 12 12 13 17 14 18 17 13 19 23
13 0 12 3 24 4 24 5 13 6 13 9 12 11 23 12 19 13 21 16 18 17 21 18 14 19 23
17 0 17 1 15 4 15 5 16 6 24 7 14 8 15 9 15 10 15 11 20 12 15 13 18 14 22 15 24 16 12 17 12 18 15
8 1 24 2 13 8 19 9 15 12 18 13 23 17 19 18 21
2 6 18 17 16
2 0 12 10 22
14 0 20 1 16 3 18 4 18 6 15 9 20 10 18 11 21 12 21 13 21 14 21 15 19 16 12 17 14
14 0 24 1 13 2 23 4 13 6 12 7 12 9 23 11 24 12 12 13 12 14 12 15 21 17 16 18 24
3 16 18 17 12 19 12
9 1 24 2 19 3 14 6 23 8 15 12 16 14 14 16 12 19 17
15 0 23 1 19 2 13 3 22 4 12 5 12 6 13 8 22 9 15 12 18 14 15 15 21 16 21 17 15 19 12
9 0 22 1 17 3 20 4 23 5 21 11 15 13 21 17 21 18 19
6 0 19 6 22 8 22 11 14 14 16 16 15
13 0 14 1 13 2 17 3 19 4 19 7 20 8 12 9 17 12 17 15 18 17 24 18 12 19 23
17 0 21 1 12 2 14 4 22 5 22 6 13 7 13 8 21 9 19 10 22 12 12 13 20 14 14 16 20 17 17 18 12 19 12
4 4 19 6 20 9 13 13 12
3 10 21 14 15 16 18
13 1 19 2 22 3 22 5 19 7 24 10 24 11 17 12 20 13 16 14 16 15 17 16 17 17 15
5 1 15 6 12 12 22 13 13 18 21
20
11 4 0.0023
7 13 0.0014
10 13 0.0022
3 16 0.0014
10 4 0.0013000000000000002
2 1 0.0024000000000000002
5 14 0.0021000000000000003
2 17 0.0018000000000000002
19 0 0.0018000000000000002
19 2 0.0017000000000000001
1 11 0.0023
18 17 0.0022
17 9 0.0014
1 0 0.0016
12 8 0.0017000000000000001
14 11 0.0014
18 17 0.0019
17 2 0.0017000000000000001
4 9 0.0023
3 0 0.0015
20
8 3 0.0014 0.10801397290721838
19 15 0.0023 0.14244255704030204
16 10 0.0013000000000000002 0.1179988708107708
19 15 0.0012000000000000001 0.12186735468673496
5 4 0.0016 0.10710564350506657
1 8 0.0014 0.12631626248757905
14 2 0.0018000000000000002 0.11661845998677182
15 10 0.0021000000000000003 0.1224848399285822
15 11 0.0023 0.14359554595703908
7 17 0.0019 0.10524334678592166
16 13 0.0017000000000000001 0.13640935660600173
0 9 0.0024000000000000002 0.10808359304045816
14 10 0.0023 0.11986866231917465
1 11 0.0024000000000000002 0.138890285460528
5 2 0.0019 0.14158953833836027
12 18 0.002 0.11947283754148194
19 10 0.0022 0.14491637866514512
12 8 0.0018000000000000002 0.12180043574173878
8 0 0.0014 0.1273215223593831
18 19 0.0023 0.10709871517285396
