20
4 5 16 7 12 11 21 15 19
6 2 15 5 16 6 20 9 23 13 22 16 23
17 0 18 1 15 3 16 4 18 5 16 6 20 7 19 8 23 10 13 11 22 12 17 13 20 15 18 16 22 17 23 18 14 19 22
11 1 19 2 16 4 14 5 14 6 16 7 21 12 18 14 13 15 20 16 24 19 18
1 7 17
8 0 15 2 19 3 17 4 20 11 13 13 13 15 21 16 14
2 7 13 16 13
8 0 24 1 21 3 13 11 14 12 17 14 16 15 16 18 12
1 12 20
13 1 19 2 13 3 13 4 21 6 20 10 23 11 19 13 14 14 21 15 14 17 21 18 20 19 15
12 0 19 1 16 2 19 4 23 5 20 6 15 7 23 13 22 14 13 17 24 18 13 19 14
14 1 17 2 16 3 19 5 20 6 15 7 17 9 15 10 21 12 15 14 24 16 21 17 18 18 20 19 20
10 1 19 2 21 3 17 5 23 6 20 7 14 9 20 10 21 11 18 14 15
15 0 19 1 23 2 18 3 20 4 17 5 21 8 12 9 21 11 16 14 18 15 21 16 12 17 13 18 15 19 19
18 0 19 1 15 2 15 3 22 4 15 5 21 6 22 8 12 9 15 10 19 11 15 12 13 13 14 15 23 16 18 17 18 18 19 19 13
14 1 13 2 20 4 18 5 19 7 14 8 19 9 20 10 15 11 22 13 23 14 17 16 24 18 19 19 18
11 0 13 3 20 5 18 6 18 7 12 8 20 9 22 11 20 13 13 14 16 15 19
7 0 17 1 13 3 12 4 21 5 21 12 18 14 18
15 1 20 2 16 3 22 4 16 5 14 6 23 7 17 9 22 10 14 12 18 13 15 14 12 15 13 17 24 19 15
9 3 21 4 13 6 14 7 14 8 20 10 14 13 18 14 18 18 14
20
10 11 0.0018000000000000002
18 2 0.0021000000000000003
18 14 0.0017000000000000001
1 3 0.0014
4 17 0.0024000000000000002
5 0 0.0013000000000000002
5 2 0.0019
2 4 0.0021000000000000003
7 12 0.002
0 5 0.0013000000000000002
17 14 0.0014
15 19 0.0017000000000000001
19 3 0.0023
1 5 0.002
11 5 0.002
16 13 0.0024000000000000002
6 9 0.0023
5 19 0.0014
11 13 0.0024000000000000002
2 17 0.0023
20
12 3 0.0024000000000000002 0.12468457539491372
5 9 0.0015 0.1343320545357857
6 1 0.0023 0.1193835675700717
14 12 0.002 0.1345902983344892
2 11 0.0016 0.10688033937355124
6 13 0.002 0.11941883199861864
12 7 0.0018000000000000002 0.11037365736729716
1 4 0.0024000000000000002 0.1469109805379128
17 16 0.0018000000000000002 0.11192365368278892
10 5 0.0013000000000000002 0.11080558650313983
15 16 0.0016 0.13498256128733851
7 16 0.0021000000000000003 0.10810555926962709
1 4 0.0024000000000000002 0.10560658722625528
0 7 0.0019 0.13654434972870075
10 13 0.0015 0.13361495712806964
0 11 0.0012000000000000001 0.12132841496261787
16 0 0.0013000000000000002 0.13659084063217497
4 7 0.0018000000000000002 0.10585325103382849
9 4 0.0016 0.14164424703450781
12 1 0.0012000000000000001 0.10612900859738139
