20
18 1 20 2 22 3 21 4 14 5 19 6 22 7 14 8 19 9 21 10 13 11 17 12 14 13 14 14 22 15 19 16 17 18 18 19 22
12 0 14 2 16 3 21 4 16 5 22 9 17 10 24 12 13 13 22 14 20 16 15 19 15
3 0 23 1 13 11 13
14 0 21 1 16 2 24 4 15 5 20 6 16 7 20 8 13 9 22 11 13 12 13 13 15 15 12 18 19
2 0 22 7 13
10 1 14 2 13 7 16 8 14 11 23 13 18 14 19 17 14 18 16 19 19
16 1 19 2 13 3 24 5 20 7 17 8 18 9 16 11 14 12 14 13 21 14 13 15 20 16 21 17 23 18 18 19 21
4 1 12 10 16 16 24 17 20
9 0 15 2 24 11 15 12 17 14 16 15 14 17 15 18 12 19 13
6 0 24 4 17 13 21 14 21 15 15 19 14
6 0 24 9 14 14 17 16 15 18 20 19 17
17 0 20 1 24 2 16 3 12 4 24 5 24 6 12 7 14 8 14 9 19 10 16 12 19 13 13 16 17 17 19 18 24 19 18
7 3 24 5 24 6 20 9 17 11 16 15 15 16 16
17 0 12 1 13 2 22 3 24 4 18 5 13 6 15 9 15 10 15 11 18 12 24 14 13 15 15 16 17 17 17 18 13 19 17
12 0 19 1 17 2 16 5 14 6 16 7 13 8 23 10 12 11 23 15 23 18 20 19 14
18 0 19 1 18 2 20 3 13 4 14 5 16 6 21 7 16 8 19 9 14 10 12 12 24 13 19 14 18 16 15 17 24 18 24 19 17
1 3 21
14 0 18 1 13 4 13 5 12 9 13 10 15 11 17 12 12 13 24 14 12 15 15 16 22 18 24 19 20
7 2 14 6 19 9 21 14 15 15 22 16 15 17 13
17 0 17 1 23 3 19 4 16 5 20 6 19 7 18 8 18 9 19 10 18 11 18 12 23 13 20 14 14 15 14 17 18 18 14
20
4 3 0.0017000000000000001
9 17 0.0016
13 8 0.0017000000000000001
9 0 0.0016
1 5 0.0016
1 3 0.0016
11 8 0.0019
4 10 0.0019
8 7 0.0017000000000000001
16 11 0.0019
9 6 0.0016
13 16 0.002
5 3 0.0015
10 11 0.0013000000000000002
7 2 0.0023
10 1 0.0021000000000000003
19 6 0.0022
17 18 0.002
7 6 0.0024000000000000002
15 16 0.0019
20
10 16 0.0016 0.11599759735440819
10 6 0.0021000000000000003 0.13629463301601558
5 17 0.0015 0.11130293827014687
18 1 0.0018000000000000002 0.14988921414432174
16 14 0.0012000000000000001 0.12308434269081478
3 1 0.0022 0.13091050313864677
11 17 0.0022 0.14952850807384677
0 10 0.0012000000000000001 0.1182775494374121
15 6 0.0019 0.10114826434936555
16 7 0.0012000000000000001 0.1314248029659055
19 15 0.0024000000000000002 0.14244656162710329
13 12 0.0018000000000000002 0.14054911917056517
7 3 0.0018000000000000002 0.11228768622921081
8 0 0.0024000000000000002 0.10466528085996869
15 6 0.0019 0.10387891663521773
7 19 0.0016 0.13525823109193028
12 19 0.0012000000000000001 0.14634856615518566
7 13 0.0012000000000000001 0.1396503914194562
11 17 0.0014 0.10283451309241615
16 5 0.0017000000000000001 0.11075203916407413
