20
12 1 13 2 19 4 21 5 13 6 22 7 19 8 24 10 17 12 19 14 23 16 20 18 21
2 0 15 19 17
13 0 21 3 17 4 15 5 16 6 16 8 23 9 16 12 12 14 21 15 14 17 12 18 24 19 12
3 4 21 5 12 10 21
12 1 21 2 16 3 13 5 22 8 23 10 15 12 23 14 15 15 12 16 23 17 16 19 15
2 2 23 15 18
3 0 23 10 16 12 20
9 1 21 2 16 3 23 4 16 6 24 8 14 10 15 12 12 17 22
1 4 12
16 0 21 1 18 2 16 3 19 4 22 5 21 6 21 7 21 8 17 10 20 11 14 13 21 14 15 16 24 17 23 19 14
15 0 20 2 20 3 14 4 17 5 18 6 23 7 19 8 16 9 23 11 15 12 21 13 24 15 20 16 17 18 14
3 5 18 15 12 18 16
16 0 22 1 13 2 17 3 20 5 18 7 15 8 16 9 13 10 22 11 15 14 22 15 22 16 15 17 14 18 21 19 19
8 0 20 1 13 3 23 7 20 9 17 10 18 12 13 16 14
11 1 13 3 19 5 23 7 17 8 13 9 15 10 13 11 13 12 15 15 17 16 24
15 0 20 2 23 3 24 4 17 6 18 7 12 9 17 10 24 11 23 13 24 14 14 16 14 17 18 18 18 19 13
17 0 18 1 13 2 19 3 22 4 22 5 22 6 12 7 16 8 19 9 17 10 14 11 23 12 22 14 12 17 18 18 20 19 16
18 0 22 1 21 2 24 3 15 4 19 5 24 6 17 7 16 9 18 10 21 11 23 12 24 13 17 14 12 15 15 16 15 18 16 19 18
12 0 24 1 23 2 13 3 17 6 18 7 21 11 18 12 23 13 12 14 15 16 15 19 17
5 3 24 6 12 10 24 12 12 14 13
20
8 13 0.0013000000000000002
0 14 0.0012000000000000001
15 7 0.0019
13 17 0.0018000000000000002
18 19 0.0016
14 2 0.0021000000000000003
1 16 0.0024000000000000002
3 15 0.0015
8 19 0.0024000000000000002
16 17 0.0016
2 12 0.0022
19 4 0.0012000000000000001
9 19 0.0015
8 9 0.0012000000000000001
5 14 0.0024000000000000002
15 11 0.0024000000000000002
6 15 0.0018000000000000002
8 16 0.0014
7 11 0.0018000000000000002
4 1 0.0016
20
10 12 0.0015 0.10638179745415577
5 18 0.0017000000000000001 0.10688386400112895
14 13 0.0017000000000000001 0.1221790823357399
7 16 0.0012000000000000001 0.13501856025927286
14 2 0.0024000000000000002 0.13951347026041944
2 1 0.0017000000000000001 0.1288582077542996
9 2 0.0012000000000000001 0.10905300384987818
2 0 0.0023 0.1374766910440173
11 6 0.0021000000000000003 0.118120172427179
19 9 0.0016 0.10105802773979727
13 6 0.0018000000000000002 0.12045315788214045
18 1 0.0024000000000000002 0.12239110658430269
4 14 0.0017000000000000001 0.10411822262001816
18 5 0.0019 0.13401211682099143
19 3 0.0024000000000000002 0.12921035514917573
10 4 0.0018000000000000002 0.10912524305578489
5 17 0.0023 0.13436826584246356
1 15 0.0021000000000000003 0.11207314139316966
11 15 0.002 0.10592309836481446
0 1 0.0023 0.14439660893819173
