20
1 16 23
9 3 22 4 17 6 22 7 21 11 12 13 14 15 18 16 14 19 19
2 12 12 14 16
14 0 21 2 16 4 12 5 13 6 22 7 12 8 16 10 15 12 16 13 16 14 14 15 21 17 16 18 24
17 0 17 1 17 2 19 3 18 5 17 6 18 7 20 8 20 9 12 11 21 12 13 13 23 14 15 15 14 17 23 18 16 19 23
3 4 13 12 12 17 18
7 3 24 10 24 12 23 13 19 14 15 17 15 18 24
7 0 22 5 16 6 23 8 18 12 19 16 23 18 18
18 0 14 1 19 2 21 3 23 4 17 5 23 6 16 7 22 9 15 10 23 11 24 12 24 13 13 14 15 15 17 16 22 17 14 18 15
13 1 14 2 23 3 14 4 18 5 20 7 12 8 12 10 24 12 17 15 15 17 17 18 13 19 20
14 0 16 2 12 3 16 4 22 6 17 7 14 9 16 11 24 12 14 13 13 15 19 17 12 18 13 19 16
10 1 20 2 17 3 20 7 18 8 24 9 20 10 17 13 12 16 23 17 16
5 5 21 8 20 9 19 15 23 17 17
18 0 24 1 24 2 14 3 18 4 12 5 12 6 19 7 24 8 24 9 13 10 19 11 14 12 14 14 24 15 18 16 13 17 21 18 20
5 1 24 10 13 11 21 16 24 17 16
17 0 15 1 18 2 14 3 18 4 19 6 15 7 14 8 22 9 14 10 22 11 21 12 13 14 12 16 24 17 18 18 15 19 22
17 0 13 1 13 2 24 3 14 4 16 5 14 6 21 7 24 8 17 9 22 10 15 12 20 13 20 14 22 15 15 18 21 19 24
6 0 16 4 15 8 17 10 22 14 19 19 17
3 5 20 8 19 15 23
12 2 23 3 12 4 21 7 16 8 22 9 24 11 24 13 15 14 23 15 18 16 18 17 13
20
13 5 0.0022
8 9 0.0015
11 5 0.0023
19 3 0.0012000000000000001
8 3 0.0014
7 16 0.0024000000000000002
2 18 0.0012000000000000001
13 9 0.0017000000000000001
7 10 0.0019
17 7 0.0022
1 5 0.0024000000000000002
3 17 0.0019
9 12 0.0016
13 9 0.0018000000000000002
8 3 0.0024000000000000002
13 7 0.0022
0 14 0.0017000000000000001
3 10 0.0019
19 18 0.0016
12 17 0.0018000000000000002
20
14 4 0.0024000000000000002 0.1440413023896773
8 9 0.0015 0.14088617858910485
5 7 0.0017000000000000001 0.1091468172299585
1 14 0.0023 0.11732841556908359
4 17 0.0024000000000000002 0.13830029554470982
16 8 0.0014 0.12120225445616781
3 18 0.0016 0.1477180528112391
19 12 0.0019 0.1401847393138002
11 13 0.0015 0.12002692679772484
15 6 0.0013000000000000002 0.10992958641751295
7 15 0.0013000000000000002 0.1485438603201711
2 14 0.0012000000000000001 0.10794702859763605
17 12 0.0022 0.11858812972306607
6 16 0.0018000000000000002 0.1367784020339227
10 12 0.0022 0.10280009208393072
17 2 0.0014 0.13544554164607153
2 6 0.002 0.12435826753458
13 1 0.0017000000000000001 0.14478320980260562
7 1 0.0015 0.11801357500899645
2 18 0.0013000000000000002 0.1239248069966265
