20
14 1 20 2 15 3 22 5 22 7 13 8 14 9 21 10 20 11 21 12 15 15 12 16 16 17 15 19 13
2 6 17 16 21
16 1 24 3 24 4 17 5 12 6 24 7 21 8 22 9 19 10 12 11 12 13 19 14 14 16 18 17 17 18 15 19 13
9 0 15 1 19 8 13 9 22 10 13 11 20 12 23 16 22 17 19
7 0 24 3 22 5 24 8 22 9 22 10 22 16 22
1 12 22
10 2 22 4 13 5 18 8 14 10 13 11 19 13 13 16 19 17 24 18 17
1 19 14
3 0 20 6 19 13 14
14 0 20 1 24 4 22 5 21 6 21 7 19 8 19 10 14 11 17 14 17 15 20 16 19 18 18 19 21
8 2 15 6 19 8 12 11 12 12 12 14 12 16 20 19 14
2 5 19 16 15
3 7 20 11 18 18 24
13 0 21 1 18 2 16 3 13 4 18 8 24 11 16 12 12 14 18 15 16 17 17 18 23 19 14
16 0 22 1 12 3 18 4 24 5 21 6 24 7 23 8 22 9 14 11 15 13 17 15 20 16 15 17 17 18 16 19 14
17 0 24 1 19 3 24 4 12 5 24 6 20 7 17 8 16 9 19 10 24 11 14 12 21 13 12 16 20 17 12 18 19 19 22
9 0 15 2 12 5 24 6 12 9 14 10 12 14 17 15 17 18 22
9 1 13 3 21 4 24 6 21 8 21 9 18 11 17 13 20 16 18
10 0 13 1 16 3 15 6 20 7 14 10 18 12 23 13 18 17 17 19 15
1 14 20
20
1 19 0.0018000000000000002
3 1 0.0018000000000000002
8 3 0.0012000000000000001
17 6 0.0016
9 13 0.0012000000000000001
8 19 0.0015
8 14 0.0018000000000000002
13 9 0.0014
11 14 0.0022
2 19 0.0015
6 2 0.0017000000000000001
17 14 0.0024000000000000002
0 8 0.0023
17 14 0.0014
17 0 0.0012000000000000001
0 1 0.0014
16 8 0.0024000000000000002
14 4 0.0016
18 11 0.0013000000000000002
0 8 0.0012000000000000001
20
8 9 0.0022 0.11920425424757827
0 1 0.0012000000000000001 0.11954174869941733
16 18 0.0023 0.1370937513057545
16 8 0.0023 0.10328466449818385
13 6 0.0018000000000000002 0.12470975144683762
5 7 0.0024000000000000002 0.13413127230259553
3 9 0.0017000000000000001 0.10726365923785391
10 6 0.0016 0.1283861163307016
10 3 0.0016 0.12714590347566185
5 19 0.0021000000000000003 0.10740266471554862
12 1 0.002 0.1378164365760945
3 17 0.0013000000000000002 0.10140696611130565
6 3 0.0015 0.14607080904398656
1 19 0.0021000000000000003 0.11419782367246163
18 19 0.002 0.11745653684792146
2 11 0.0021000000000000003 0.1024805664483845
7 16 0.0019 0.11882386619346544
19 10 0.002 0.10562059272520276
1 9 0.002 0.13119088317617322
8 3 0.0022 0.1020544621511597
