20
11 1 18 2 12 3 23 5 12 6 20 7 20 8 18 12 24 14 21 18 13 19 18
14 2 16 3 14 4 22 5 13 6 18 7 14 8 15 9 18 10 13 11 12 12 24 13 24 15 22 16 21
1 11 23
16 0 14 1 18 2 12 5 13 6 22 8 14 9 24 10 13 11 21 12 18 13 22 14 18 15 12 17 13 18 12 19 13
1 6 21
12 1 22 4 22 7 13 9 13 10 19 11 15 12 13 13 20 14 14 17 13 18 14 19 23
18 0 15 1 17 2 23 3 24 4 17 5 16 7 19 8 22 9 15 10 14 11 15 12 17 13 15 14 17 15 19 16 14 17 15 18 18
1 13 18
6 0 15 9 18 13 16 14 16 16 12 19 21
10 0 19 1 20 3 20 4 14 6 12 7 23 10 20 15 17 16 23 17 15
18 0 17 1 20 2 24 3 17 4 21 5 15 6 24 7 16 8 15 11 20 12 15 13 16 14 13 15 16 16 21 17 16 18 20 19 23
11 0 12 1 13 2 21 3 23 4 12 5 18 6 15 9 20 12 22 13 20 14 23
11 0 24 2 17 3 15 5 12 6 15 7 15 9 24 11 18 14 19 15 20 16 14
17 0 12 1 24 2 17 4 20 5 13 6 17 7 14 8 13 9 17 10 18 11 19 12 20 14 12 15 15 16 14 17 18 19 12
10 3 23 4 15 6 20 7 12 8 16 9 13 12 15 16 12 17 18 19 13
8 2 18 4 12 7 15 13 24 14 20 16 18 18 15 19 13
3 1 17 2 21 4 12
6 2 19 4 14 5 22 7 24 10 21 14 22
9 1 17 2 20 3 20 6 18 8 12 14 13 15 19 16 20 19 20
4 7 19 9 23 11 20 16 15
20
10 5 0.002
13 6 0.0016
17 15 0.0016
4 3 0.0023
6 8 0.0022
8 15 0.0018000000000000002
4 6 0.0012000000000000001
8 17 0.0014
8 3 0.0012000000000000001
17 15 0.0015
1 10 0.0018000000000000002
11 1 0.0012000000000000001
7 3 0.0019
6 0 0.0023
14 17 0.0021000000000000003
18 7 0.0018000000000000002
18 3 0.0017000000000000001
1 14 0.0013000000000000002
17 12 0.0023
17 11 0.0012000000000000001
20
6 12 0.0023 0.11517510092068928
4 11 0.0015 0.1280956296788353
9 2 0.0023 0.11673285322663582
16 17 0.0018000000000000002 0.12340992330843419
12 1 0.0019 0.13312945980998236
18 19 0.0017000000000000001 0.14468963568633636
0 16 0.0015 0.10746693203438612
1 12 0.0016 0.1046490256052636
12 11 0.0022 0.13417155604838096
1 3 0.0019 0.11232384099753234
19 6 0.0014 0.1430137885332507
5 13 0.0022 0.10378291333442863
7 4 0.0017000000000000001 0.11684534971464124
14 18 0.002 0.10900221758456995
6 10 0.0021000000000000003 0.10008531992600067
2 18 0.0018000000000000002 0.12129560225167044
10 0 0.0013000000000000002 0.13609921857520219
12 2 0.0018000000000000002 0.1271782288683729
9 1 0.0019 0.1436196944472111
12 19 0.0017000000000000001 0.12907880952966422
