20
10 3 21 5 16 6 23 7 19 10 20 12 13 15 16 16 19 18 18 19 18
8 2 21 4 23 6 14 7 21 9 22 10 16 11 16 14 19
7 3 24 5 14 9 22 10 13 11 24 15 14 19 24
18 0 21 1 16 2 21 5 12 6 24 7 12 8 16 9 20 10 20 11 21 12 24 13 23 14 23 15 23 16 15 17 19 18 17 19 17
5 0 13 1 23 2 13 3 21 19 19
11 0 24 3 12 4 14 6 16 7 20 9 22 10 21 12 14 15 13 17 13 18 13
9 0 22 1 20 3 21 4 17 5 12 7 18 15 17 17 13 18 13
2 3 13 18 12
12 2 23 3 15 4 19 5 21 6 12 7 14 10 17 11 18 12 14 15 18 16 19 17 16
6 0 17 3 16 4 17 10 20 13 22 15 16
15 1 14 2 17 3 13 4 13 5 17 6 17 7 13 8 23 9 20 11 24 13 14 14 23 16 13 18 18 19 19
12 0 16 2 18 3 15 4 19 5 21 7 23 10 13 13 14 14 22 15 18 16 19 17 22
8 0 17 3 17 5 15 8 15 9 19 15 22 18 17 19 21
16 0 17 1 21 2 17 3 16 4 15 5 18 6 23 8 14 9 12 10 22 11 23 14 16 15 24 17 17 18 13 19 12
3 0 15 5 20 10 24
2 3 21 9 24
13 1 13 3 14 5 23 6 15 7 13 8 19 9 12 10 15 12 23 13 22 17 22 18 17 19 24
9 2 19 8 24 9 14 11 18 12 20 13 20 14 24 16 24 18 12
12 0 19 3 19 5 19 6 13 8 15 9 18 11 22 12 14 13 22 16 18 17 21 19 24
12 0 14 1 23 2 16 3 22 6 15 7 13 8 13 10 20 11 19 14 18 15 23 17 24
10
17 10 0.0016
2 5 0.0017000000000000001
4 11 0.0019
14 18 0.002
4 7 0.0014
9 17 0.0016
12 19 0.002
2 19 0.0012000000000000001
17 15 0.0017000000000000001
15 1 0.0014
20
1 15 0.0016 0.10470290617462835
0 6 0.0022 0.13322528302439612
13 18 0.0019 0.14385289692148956
9 7 0.0013000000000000002 0.13741656235114333
4 18 0.0019 0.13066147433593917
5 17 0.0023 0.13770371820401406
19 2 0.0015 0.1409227710138897
1 4 0.0017000000000000001 0.12008084588421558
12 17 0.0016 0.11970176184161649
4 7 0.0023 0.11241947353974091
15 9 0.0023 0.11617119639413791
12 18 0.0024000000000000002 0.1244620533446642
9 16 0.002 0.13463122791138643
12 19 0.002 0.1086453946162435
8 6 0.0018000000000000002 0.138161831126075
19 7 0.0022 0.12054726320868361
14 13 0.0021000000000000003 0.1096917127813665
1 17 0.002 0.1272529022826636
17 1 0.0017000000000000001 0.12422939391326006
6 7 0.0022 0.11898034318620478
