20
5 4 19 5 20 6 14 10 12 15 12
6 2 23 3 17 12 24 15 21 16 18 19 15
15 0 23 3 19 5 17 6 16 7 15 8 24 9 18 10 22 11 13 12 17 13 21 14 20 16 16 18 23 19 23
7 0 15 1 22 5 19 8 17 9 21 17 12 18 23
13 1 12 2 23 3 14 6 19 7 15 8 21 9 18 11 13 13 24 14 17 15 19 16 16 18 16
1 4 15
6 1 23 3 14 4 24 8 22 9 18 19 16
17 0 13 1 18 2 13 3 24 4 16 5 18 8 23 9 17 10 19 11 12 12 17 14 15 15 13 16 13 17 15 18 17 19 22
8 4 19 6 18 7 16 13 14 14 21 15 15 16 12 18 23
1 17 12
17 0 15 1 18 2 23 4 19 5 12 6 23 7 15 8 23 9 23 11 19 12 21 13 16 14 20 15 12 17 15 18 13 19 23
14 0 20 2 22 3 19 5 12 6 18 9 22 10 20 13 14 14 12 15 20 16 22 17 12 18 12 19 18
4 5 24 8 18 10 20 15 24
11 0 17 1 19 2 12 3 20 5 18 6 13 10 20 11 13 14 17 17 22 19 13
8 0 13 2 19 4 13 5 15 8 18 11 24 12 13 19 21
6 1 18 2 22 3 20 9 16 10 13 14 24
8 1 18 2 18 3 24 6 17 7 15 12 13 13 13 15 21
13 0 20 1 24 3 23 4 18 5 23 6 21 8 23 9 18 10 22 11 12 12 21 18 16 19 14
13 1 23 2 24 5 15 6 17 7 13 10 20 11 18 12 12 13 13 15 18 16 13 17 22 19 14
12 0 24 1 24 2 15 3 22 4 20 6 12 8 20 9 13 11 16 12 12 14 17 15 18
10
12 14 0.0015
9 5 0.0016
13 19 0.0014
0 2 0.0021000000000000003
13 18 0.0018000000000000002
9 13 0.0014
9 5 0.0012000000000000001
13 9 0.0019
11 10 0.0015
2 15 0.0023
20
17 1 0.0019 0.14162381169596167
16 3 0.0017000000000000001 0.13888414505963864
7 17 0.0023 0.147547611376749
7 14 0.002 0.14746109936436103
12 4 0.0022 0.1006182926016459
3 1 0.0015 0.12609562932630589
2 12 0.0014 0.1357185244076154
11 0 0.0018000000000000002 0.10458120403268462
12 6 0.0017000000000000001 0.10059478495891488
17 4 0.0018000000000000002 0.13350766077180032
6 11 0.0021000000000000003 0.1426931537518461
3 19 0.0017000000000000001 0.14044043408948828
8 9 0.0024000000000000002 0.13990116146671985
1 2 0.0015 0.1394826861962365
18 17 0.0024000000000000002 0.12850887334858732
5 7 0.0023 0.11679511140809272
15 18 0.0016 0.1445984354681533
15 6 0.0021000000000000003 0.14637938950021886
16 5 0.0019 0.1335842097766956
1 16 0.0023 0.11919315731693364
