20
8 2 13 3 20 5 14 11 13 14 20 15 12 16 14 17 20
15 2 16 3 19 4 20 5 12 6 19 9 21 10 23 11 20 12 14 13 23 15 12 16 13 17 18 18 19 19 24
13 0 14 1 24 3 18 6 12 7 22 9 20 10 23 11 14 12 18 13 20 15 12 17 18 18 20
4 1 19 2 23 5 16 14 21
11 0 20 1 18 2 19 3 15 7 22 11 15 12 17 15 21 16 20 17 18 19 22
13 2 13 3 18 6 21 7 16 9 21 11 15 12 14 13 13 14 19 15 21 16 12 18 12 19 22
11 1 17 3 17 5 12 8 14 9 20 10 18 11 22 15 24 16 20 18 23 19 16
8 2 13 6 16 10 12 11 16 14 24 17 24 18 14 19 12
1 12 13
8 0 15 4 13 6 17 7 19 8 17 10 19 14 12 17 24
15 0 22 1 15 2 18 3 15 5 21 6 22 7 17 8 21 9 16 11 22 12 18 13 15 16 22 17 18 18 16
9 0 16 3 23 4 24 6 17 8 13 9 23 10 18 13 19 17 21
14 1 16 2 20 4 20 5 19 6 19 7 19 10 14 11 22 13 13 14 18 15 13 16 20 17 13 19 18
14 0 23 1 17 3 16 6 23 7 23 8 18 9 12 11 16 12 15 14 13 16 21 17 19 18 15 19 12
15 1 21 2 16 3 14 4 16 5 20 6 17 8 21 9 13 10 18 12 19 13 14 16 20 17 19 18 15 19 14
7 3 21 5 18 8 21 10 22 11 15 16 21 17 13
6 2 17 3 22 5 18 14 19 15 13 17 22
18 0 15 1 17 2 22 3 14 4 17 5 23 6 23 7 22 9 21 10 13 11 19 12 14 13 20 14 16 15 24 16 17 18 23 19 17
5 0 12 1 13 2 24 4 12 13 18
5 1 22 3 13 4 17 9 17 18 13
10
6 16 0.002
18 1 0.0024000000000000002
16 4 0.0017000000000000001
6 3 0.0022
5 11 0.0024000000000000002
3 18 0.0015
0 9 0.0014
16 19 0.0014
19 10 0.0021000000000000003
15 8 0.0016
20
18 13 0.0023 0.12490580782775322
8 3 0.0015 0.14756678717320623
4 5 0.0015 0.13876855393099338
15 0 0.0012000000000000001 0.14558095598782064
0 3 0.0024000000000000002 0.11563365692387254
9 2 0.0023 0.14632215650990588
5 16 0.0012000000000000001 0.14171817490860997
8 19 0.0012000000000000001 0.1157221149520641
5 19 0.0023 0.13515921383408205
18 12 0.0024000000000000002 0.10223901351582793
14 17 0.0019 0.1253633615130212
13 8 0.0012000000000000001 0.12381883107370498
19 10 0.0016 0.1406043904418862
8 7 0.002 0.1204556763516963
2 10 0.0024000000000000002 0.13110556840917573
1 10 0.0012000000000000001 0.11887080228631276
19 9 0.0014 0.14712774927893507
7 9 0.002 0.11295270885212888
10 13 0.0021000000000000003 0.12395917090985048
4 1 0.0023 0.12680331423709215
