20
9 1 13 4 20 6 18 10 23 12 15 13 21 14 15 18 15 19 17
2 6 12 16 13
1 10 12
14 0 22 1 20 2 17 5 20 6 23 8 13 9 24 10 17 11 15 12 17 14 17 15 15 16 14 19 12
15 0 19 2 22 3 24 5 16 6 23 7 17 8 19 9 24 10 19 12 23 13 23 15 18 16 23 18 20 19 12
17 0 17 1 12 2 19 3 24 6 19 7 21 8 19 9 22 10 24 11 22 12 22 13 15 14 20 15 21 16 16 17 14 19 22
12 0 23 1 13 5 21 7 20 9 14 10 16 12 14 13 13 14 20 15 16 17 13 19 20
18 0 12 2 15 3 24 4 23 5 13 6 24 8 12 9 13 10 12 11 19 12 24 13 21 14 14 15 17 16 24 17 12 18 15 19 17
8 2 23 6 15 9 24 11 23 14 12 16 24 18 16 19 20
18 0 12 1 21 2 15 4 21 5 23 6 15 7 17 8 12 10 18 11 17 12 20 13 23 14 14 15 21 16 21 17 12 18 12 19 23
15 0 24 3 12 4 20 5 22 6 18 7 23 8 14 9 24 13 22 14 24 15 15 16 20 17 17 18 19 19 20
6 0 13 1 17 7 19 15 12 16 19 18 12
18 0 23 1 22 2 17 3 18 4 17 5 21 6 21 7 20 8 24 9 12 10 12 11 15 13 20 15 21 16 14 17 18 18 21 19 23
13 1 14 2 18 4 16 5 13 6 14 7 21 9 12 11 16 12 24 15 19 17 18 18 17 19 24
17 0 23 1 21 2 12 3 13 4 22 5 14 6 23 7 22 9 15 10 15 12 14 13 19 15 20 16 20 17 13 18 15 19 20
18 0 15 1 22 2 14 3 22 4 18 5 12 6 18 7 17 8 16 9 13 10 20 12 21 13 17 14 24 16 12 17 12 18 21 19 14
8 0 12 2 22 3 22 4 15 9 18 14 13 17 16 19 18
6 2 15 4 13 5 16 12 17 13 23 15 12
15 0 21 1 22 2 13 4 23 5 12 6 14 8 16 9 23 10 23 13 21 14 20 15 14 16 13 17 23 19 18
8 2 19 4 20 6 20 7 17 13 17 14 24 17 24 18 22
10
0 11 0.0018000000000000002
12 6 0.0015
10 16 0.0017000000000000001
4 9 0.0017000000000000001
3 1 0.0015
8 17 0.0022
5 1 0.0014
0 3 0.0021000000000000003
5 7 0.002
0 7 0.0012000000000000001
20
7 14 0.0016 0.10966456130565419
11 7 0.0014 0.14225912787296943
1 10 0.0013000000000000002 0.11353408222712763
13 4 0.0021000000000000003 0.11343237519359081
5 0 0.0015 0.11779408649962742
13 4 0.0013000000000000002 0.1330123937833096
7 0 0.0013000000000000002 0.14535735397869695
10 7 0.0012000000000000001 0.11311437616387413
2 8 0.0019 0.10927319808169898
19 17 0.002 0.11227085140384921
8 12 0.0015 0.14273485206398956
3 12 0.002 0.14715077509546962
14 7 0.0016 0.14224463585876612
11 6 0.0014 0.11295295933941452
3 11 0.0024000000000000002 0.10363196183096245
8 16 0.0024000000000000002 0.14452766459466582
11 5 0.0018000000000000002 0.10271503086325497
13 0 0.0017000000000000001 0.14277064362573255
3 2 0.002 0.1385968458410051
18 2 0.0023 0.12192440674651366
