20
18 1 18 2 22 3 16 4 16 5 13 6 15 7 22 8 22 9 13 10 23 12 15 13 19 14 12 15 14 16 15 17 21 18 16 19 13
12 2 22 5 17 6 18 7 12 8 15 11 13 12 23 15 12 16 19 17 22 18 22 19 20
12 3 16 4 24 5 23 6 18 8 19 9 21 10 16 11 12 12 17 13 22 16 20 18 20
10 1 12 2 22 5 14 7 16 10 13 11 21 13 17 15 12 17 19 18 23
14 0 15 1 14 3 21 6 12 7 21 9 19 10 17 12 14 14 22 15 16 16 20 17 18 18 18 19 24
3 3 19 13 21 17 13
8 0 23 1 17 3 12 4 13 5 15 14 16 15 16 18 13
17 0 23 2 14 3 23 4 15 5 22 6 24 8 14 9 18 11 20 12 15 13 14 14 14 15 19 16 17 17 20 18 16 19 24
14 0 14 1 20 2 18 3 21 4 23 7 12 9 22 10 22 11 18 12 13 14 13 16 23 18 16 19 24
11 2 18 6 12 8 16 10 19 11 12 12 14 13 14 15 15 16 23 18 23 19 22
2 9 23 13 12
8 1 16 3 19 6 23 7 17 8 21 13 14 14 17 19 20
16 0 21 1 17 2 15 3 14 4 21 5 22 6 23 7 17 8 19 9 21 14 16 15 16 16 24 17 24 18 19 19 18
8 4 23 6 20 7 16 9 15 10 18 12 20 15 24 19 22
9 2 24 4 19 6 20 8 20 11 21 12 22 13 20 15 24 17 21
13 0 22 4 22 5 22 6 18 7 18 8 16 9 23 11 13 12 20 14 18 16 20 17 18 19 21
2 11 22 13 12
17 0 24 2 14 3 18 4 23 5 21 7 19 8 18 9 18 10 22 11 19 12 12 13 22 14 24 15 19 16 17 18 22 19 17
9 4 17 5 17 8 14 9 17 10 13 12 13 15 14 17 17 19 16
4 0 24 5 21 8 24 10 16
10
3 18 0.0017000000000000001
18 17 0.0016
17 19 0.0014
2 10 0.0022
12 7 0.0022
10 17 0.0016
7 17 0.0024000000000000002
13 14 0.0012000000000000001
17 16 0.0024000000000000002
10 9 0.002
20
17 7 0.0012000000000000001 0.11370035557582867
19 8 0.0012000000000000001 0.14547165252429792
13 17 0.0018000000000000002 0.11726337920767017
5 13 0.0018000000000000002 0.10103181511949445
13 10 0.0018000000000000002 0.13122616351873784
3 13 0.0021000000000000003 0.12456907693537764
10 14 0.0012000000000000001 0.14918583959731768
14 18 0.0016 0.12022942254801319
9 12 0.0014 0.12417211106896134
1 12 0.0023 0.13317016655626757
9 15 0.0013000000000000002 0.10020993608743466
11 5 0.0012000000000000001 0.14964417295962995
5 8 0.0013000000000000002 0.10664403518073079
0 4 0.0023 0.1463535173304384
18 15 0.0019 0.12895164003283147
16 2 0.0023 0.14909916658365113
17 10 0.0022 0.11312626820190419
7 6 0.0021000000000000003 0.14554041354271635
7 17 0.0017000000000000001 0.12104830169191234
4 2 0.0018000000000000002 0.12476387013265385
