20
5 6 14 7 20 11 13 15 19 19 14
11 2 23 4 19 5 15 6 13 8 18 12 18 13 18 14 23 15 20 16 20 17 23
13 0 21 3 21 4 12 7 13 8 12 9 21 11 20 12 14 13 21 16 24 17 14 18 12 19 13
2 5 17 6 16
8 1 23 2 17 5 18 7 20 10 23 12 19 13 13 19 20
18 0 14 1 24 2 14 3 20 4 15 6 15 8 22 9 18 10 17 11 24 12 18 13 19 14 22 15 19 16 15 17 17 18 21 19 14
4 2 23 4 23 11 23 18 17
4 4 13 9 24 16 15 17 17
15 1 13 2 16 5 20 6 16 7 12 9 12 10 24 11 14 13 20 14 24 15 21 16 16 17 21 18 22 19 14
1 11 12
14 0 18 1 24 2 18 4 19 5 15 7 19 9 16 12 13 13 13 14 20 16 24 17 17 18 21 19 15
3 1 20 5 24 19 12
1 10 23
15 1 19 2 20 3 18 4 16 5 18 6 14 7 21 8 21 10 16 11 24 12 17 16 24 17 20 18 18 19 17
4 6 18 7 17 10 18 15 19
17 0 23 1 14 2 23 3 13 5 18 6 24 7 16 8 16 9 15 10 24 11 13 13 14 14 24 16 19 17 17 18 13 19 24
10 0 19 1 13 3 12 4 23 5 20 9 15 10 16 12 19 13 17 17 12
7 10 12 11 16 12 23 13 23 15 13 16 17 19 17
8 0 18 1 24 2 24 6 18 9 12 10 22 15 13 19 20
10 3 24 4 14 6 21 8 18 10 18 11 24 12 14 14 16 16 18 17 13
10
10 16 0.0014
14 19 0.0019
15 16 0.0021000000000000003
0 1 0.0018000000000000002
13 12 0.0024000000000000002
12 14 0.0014
11 8 0.0015
14 17 0.0021000000000000003
4 14 0.0024000000000000002
15 5 0.002
20
5 11 0.0015 0.1271053110312011
5 1 0.0012000000000000001 0.10732525885452177
15 12 0.0016 0.14115455359609475
18 9 0.0017000000000000001 0.10341979988984745
12 4 0.0024000000000000002 0.11358866530766161
15 9 0.0017000000000000001 0.12431175088740949
16 7 0.0019 0.1497122357318727
15 8 0.002 0.10617512462546201
0 11 0.0013000000000000002 0.14526847381429953
11 0 0.0023 0.10326468248708401
1 17 0.0015 0.13128644484105645
12 13 0.0015 0.10634489999847782
1 10 0.0013000000000000002 0.13150994456555165
5 11 0.0021000000000000003 0.11209406022455275
1 11 0.0015 0.1493277111118978
7 10 0.0015 0.10562127011245075
0 4 0.0022 0.13580925194248444
10 11 0.0024000000000000002 0.11704617937943024
13 18 0.0013000000000000002 0.1339510667974437
19 14 0.0016 0.1329551152288039
