20
10 1 23 3 12 5 19 8 18 9 16 10 24 11 24 16 20 17 12 19 12
18 0 19 2 20 3 18 4 15 5 23 6 12 8 16 9 14 10 23 11 12 12 23 13 12 14 18 15 21 16 24 17 20 18 16 19 12
8 5 12 7 20 9 12 12 18 13 18 15 22 16 22 18 16
11 1 20 5 19 6 12 8 20 10 12 12 13 13 14 14 24 15 17 18 19 19 13
13 0 20 1 12 2 15 3 23 7 21 8 15 11 16 13 18 15 22 16 12 17 15 18 22 19 12
1 16 19
4 5 18 8 16 14 19 15 22
14 1 12 2 20 3 14 4 15 5 21 6 14 8 21 10 12 11 24 12 17 14 19 15 20 17 19 18 21
9 0 22 1 20 4 16 5 15 11 21 15 14 16 17 18 15 19 16
2 15 14 19 22
12 1 18 2 22 4 23 5 22 6 13 8 15 9 18 11 20 12 12 15 22 16 24 17 14
18 0 20 2 21 3 20 4 15 5 20 6 20 7 13 8 18 9 21 10 17 12 18 13 13 14 19 15 20 16 22 17 20 18 18 19 18
12 0 15 1 20 4 21 5 24 6 12 7 18 9 15 10 16 15 13 16 18 17 15 18 20
13 0 12 2 21 3 21 4 20 6 21 7 21 8 23 9 24 10 16 14 21 17 17 18 21 19 14
18 0 19 1 20 2 20 3 15 4 16 5 16 6 21 7 15 8 24 9 21 10 24 12 14 13 23 15 13 16 13 17 18 18 14 19 24
15 1 13 2 24 4 15 5 17 6 19 7 15 8 22 9 16 10 13 11 12 12 19 14 13 17 19 18 24 19 12
9 0 18 3 22 5 22 8 14 10 13 11 15 14 16 17 17 18 23
10 2 16 4 18 6 13 7 21 10 23 11 13 12 15 14 14 15 12 18 12
16 0 23 2 20 3 15 4 21 6 22 7 18 8 14 9 22 10 23 11 15 12 22 13 18 14 24 16 22 17 18 19 17
9 0 21 1 23 2 17 3 24 7 21 9 12 11 14 15 20 17 13
10
15 5 0.0014
10 8 0.0019
17 14 0.0013000000000000002
1 0 0.0022
16 19 0.0021000000000000003
3 18 0.0014
0 17 0.0016
5 4 0.0015
19 0 0.0015
18 16 0.0018000000000000002
20
5 18 0.0021000000000000003 0.10550294649206259
11 13 0.0024000000000000002 0.12909826662506013
13 2 0.0016 0.1343722872244399
7 6 0.0024000000000000002 0.11195485107572349
4 16 0.002 0.12281175772455263
17 7 0.002 0.12695685932099401
8 14 0.0013000000000000002 0.11442637479387648
2 3 0.0017000000000000001 0.12707954502163377
16 5 0.0023 0.12936788131950663
15 0 0.0012000000000000001 0.1013867240724408
14 19 0.0023 0.14415356797975482
18 6 0.002 0.10015653276502719
3 16 0.002 0.13768399534594128
11 3 0.0019 0.13446877674611787
16 6 0.0021000000000000003 0.10846851811314565
2 5 0.0019 0.10875170209523771
3 19 0.0024000000000000002 0.13229703399526938
18 1 0.0022 0.11014955740673778
12 3 0.002 0.10282563280526417
14 7 0.0016 0.11532070042215661
