20
15 1 16 2 14 3 19 4 21 6 22 8 17 9 15 10 21 11 16 14 12 15 17 16 17 17 24 18 12 19 17
10 3 12 4 24 5 19 6 13 7 15 9 12 11 23 13 15 17 18 19 16
6 3 21 5 17 7 20 9 20 13 19 16 19
13 0 15 1 17 4 13 5 20 6 19 7 22 10 18 11 16 12 23 14 18 16 17 17 20 18 19
9 0 23 2 15 8 21 9 19 10 19 11 15 12 14 15 14 16 21
8 8 20 9 18 10 16 11 19 12 17 15 12 16 12 17 21
12 0 23 1 20 2 14 3 17 4 21 5 17 7 18 11 15 12 12 14 22 18 24 19 18
7 1 20 2 17 8 15 12 21 13 14 16 12 19 12
3 11 19 14 22 17 18
12 0 24 1 13 3 24 7 14 11 21 12 17 13 24 14 14 16 19 17 21 18 14 19 13
10 0 17 3 20 5 24 6 23 7 19 9 19 11 19 12 21 14 20 18 14
7 2 16 5 21 6 18 7 13 13 17 18 13 19 23
5 7 18 9 14 10 22 11 20 19 12
3 1 20 8 15 11 19
17 0 22 1 22 2 13 4 12 5 13 6 13 8 17 9 21 10 20 11 24 12 16 13 22 15 13 16 22 17 22 18 15 19 22
9 0 19 1 14 2 23 3 15 4 20 7 13 13 22 14 19 16 22
4 3 24 11 23 13 18 14 14
17 0 12 1 12 3 16 4 23 6 20 7 14 8 22 9 21 10 15 11 20 12 13 13 16 14 24 15 14 16 15 18 16 19 14
5 1 20 3 22 8 23 13 20 16 23
17 0 20 1 14 2 13 3 20 4 12 6 16 7 16 9 15 10 23 11 23 12 13 13 19 14 20 15 24 16 14 17 17 18 13
10
0 3 0.0022
17 11 0.002
17 14 0.0012000000000000001
14 16 0.0019
3 13 0.0017000000000000001
16 5 0.0014
11 1 0.0014
5 0 0.0017000000000000001
19 0 0.0014
0 4 0.0023
20
9 3 0.0022 0.1450971859931337
17 4 0.0021000000000000003 0.109761626445519
12 18 0.0013000000000000002 0.10199466952043242
14 12 0.0019 0.10139687447402834
19 0 0.0019 0.10167297970848191
6 5 0.0016 0.12815880606028224
4 13 0.0012000000000000001 0.1293771469205145
15 10 0.0024000000000000002 0.1416372467921509
15 9 0.0016 0.1250866123054807
8 14 0.0017000000000000001 0.1492143032603016
12 8 0.0019 0.10027133281015016
1 3 0.0017000000000000001 0.12079990839710147
19 4 0.0013000000000000002 0.11946804086002524
16 3 0.0015 0.10607765322809018
12 19 0.0016 0.14014378218603607
14 10 0.0022 0.11497292956942026
7 6 0.0012000000000000001 0.11883713224818464
13 4 0.0017000000000000001 0.13710789556762268
6 9 0.0023 0.10352729008024567
12 17 0.0013000000000000002 0.14760490909273688
