20
2 2 20 5 20
16 0 24 2 21 3 19 4 14 5 18 6 19 7 22 8 12 9 21 10 12 12 14 13 19 14 23 15 16 16 18 17 13
8 0 24 1 12 7 17 10 23 13 13 15 14 17 20 19 21
2 12 18 15 23
10 0 19 2 13 5 13 6 12 8 23 10 15 11 17 12 23 15 17 18 13
2 1 24 2 22
18 0 14 1 17 2 16 3 21 4 21 7 17 8 23 9 18 10 23 11 18 12 19 13 16 14 23 15 12 16 19 17 13 18 23 19 21
9 1 22 2 18 6 21 8 17 9 15 12 14 14 17 16 12 18 18
14 0 20 1 20 3 23 4 21 6 16 7 23 9 18 10 14 11 14 12 19 13 20 14 17 17 15 18 16
9 0 13 1 15 2 20 3 16 7 21 13 22 14 15 15 20 17 22
4 0 16 15 17 16 17 19 22
18 0 13 1 17 2 20 3 23 4 18 5 21 6 17 7 18 8 20 9 17 12 17 13 16 14 20 15 23 16 16 17 18 18 24 19 19
8 1 21 5 15 6 22 9 17 13 21 15 24 17 23 19 22
3 0 14 5 24 12 14
8 1 23 3 17 6 22 8 14 9 15 10 14 11 21 13 17
6 0 15 7 19 10 20 11 21 14 24 18 18
18 0 12 1 14 2 16 3 15 4 23 5 23 7 22 8 15 9 14 10 18 11 21 12 22 13 17 14 16 15 12 17 13 18 13 19 20
10 0 12 1 21 4 15 6 15 11 23 13 22 14 20 15 22 16 18 18 23
1 3 15
5 4 21 5 24 7 14 8 12 13 16
10
17 2 0.0022
3 15 0.0016
12 2 0.0022
5 15 0.0013000000000000002
8 2 0.0014
9 18 0.0024000000000000002
15 5 0.002
16 12 0.0019
0 19 0.0024000000000000002
12 10 0.0024000000000000002
20
1 14 0.0016 0.10231693476145368
6 4 0.0016 0.10469937428196564
2 12 0.002 0.11870501361755174
0 12 0.0012000000000000001 0.14616521316825778
19 7 0.0012000000000000001 0.13524364473364267
12 15 0.0018000000000000002 0.11905975775039729
8 7 0.0019 0.12332439825870786
12 4 0.0023 0.11587087634688535
12 11 0.0017000000000000001 0.1207313770391653
10 11 0.0014 0.11817097601165703
19 4 0.0022 0.14042100185784062
12 17 0.0014 0.13168749687970294
2 1 0.0022 0.10649141696998864
19 7 0.0014 0.120946594473826
6 7 0.0017000000000000001 0.14014070717564237
17 12 0.0024000000000000002 0.14082449925252855
16 9 0.0022 0.11415264372482237
5 4 0.0018000000000000002 0.10333846664678471
5 0 0.0016 0.10497003737922192
17 14 0.0014 0.11285333963694814
