20
3 1 15 3 17 7 18
17 0 13 2 14 3 15 4 24 5 15 6 22 7 13 8 19 9 19 10 19 11 14 12 16 13 20 14 12 15 13 18 18 19 17
14 1 12 4 23 5 20 6 24 7 17 10 16 11 22 12 22 13 19 14 23 16 14 17 14 18 23 19 17
6 0 22 7 16 9 16 12 20 17 24 18 17
13 0 24 2 17 3 17 5 16 6 23 7 19 9 24 10 24 13 15 14 24 16 12 17 19 18 18
17 0 13 1 20 2 22 3 12 4 24 6 15 7 21 8 16 9 19 12 17 13 24 14 15 15 14 16 15 17 23 18 14 19 22
3 5 17 8 22 19 16
5 2 24 3 20 11 22 14 13 19 12
17 0 22 2 22 4 17 5 24 6 24 7 24 9 18 10 24 11 15 12 15 13 12 14 18 15 19 16 12 17 19 18 21 19 21
10 0 18 3 13 4 13 5 20 6 13 7 16 8 14 12 21 17 16 18 22
1 5 17
4 5 17 6 12 14 14 15 24
7 2 17 5 21 6 12 7 20 10 20 15 12 18 17
2 14 13 18 20
6 1 22 2 23 3 23 4 13 7 13 9 21
12 0 18 2 16 3 14 4 15 6 13 8 14 10 24 11 17 12 20 13 13 16 18 19 16
18 0 17 2 14 3 15 4 19 5 23 6 23 7 23 8 13 9 13 10 12 11 15 12 19 13 15 14 18 15 24 17 14 18 22 19 19
13 1 14 2 21 3 15 5 18 6 17 7 14 9 22 10 13 11 15 14 19 15 24 16 12 18 18
17 0 18 1 21 2 23 3 24 4 14 5 19 6 23 7 14 8 15 9 16 10 24 11 14 12 12 14 14 15 18 16 21 19 23
11 0 22 3 15 6 21 8 17 10 15 11 13 13 14 14 20 16 24 17 21 18 13
10
6 15 0.0018000000000000002
9 19 0.0014
15 5 0.0023
7 19 0.0018000000000000002
5 9 0.0019
4 12 0.0015
15 12 0.0016
7 14 0.0018000000000000002
8 5 0.002
4 19 0.0022
20
18 0 0.0016 0.14844708834559464
13 9 0.0017000000000000001 0.1348000181473526
7 3 0.0015 0.1403128778148685
10 5 0.0013000000000000002 0.13260027672866515
14 6 0.0017000000000000001 0.1327192081083154
9 17 0.0019 0.14747549312619468
14 3 0.0015 0.11158177275240323
2 0 0.0014 0.10607295655752941
7 10 0.0013000000000000002 0.13151371992909117
14 15 0.0024000000000000002 0.14399215957719114
4 2 0.0018000000000000002 0.14661233766864107
14 19 0.0021000000000000003 0.148040442341627
5 10 0.0017000000000000001 0.12805757616889438
1 12 0.0016 0.12345544122345133
14 17 0.0019 0.1204614050136472
0 13 0.0023 0.13185806386882773
12 1 0.0012000000000000001 0.1111471149008406
9 4 0.0023 0.13081179354222944
11 1 0.0015 0.1407849384561233
8 18 0.0018000000000000002 0.13997304022212023
