20
13 2 21 3 16 6 15 7 14 8 16 9 15 10 16 11 16 12 24 13 24 14 21 16 15 18 17
18 0 21 2 22 3 15 4 21 5 21 6 14 7 24 8 22 9 23 10 19 11 13 12 15 13 23 14 23 15 18 16 14 17 24 18 15
12 1 22 5 21 6 14 7 15 8 14 11 14 12 17 14 19 15 17 16 23 17 15 19 22
5 5 17 9 14 14 22 15 24 18 20
13 1 16 2 12 3 17 5 14 6 22 7 22 9 14 10 17 12 15 13 17 14 19 16 21 19 21
13 0 13 6 23 8 21 9 17 10 17 11 18 12 24 13 17 14 16 15 15 17 18 18 16 19 14
17 0 20 1 22 2 23 3 16 4 24 5 16 7 18 8 22 9 15 10 22 11 21 12 17 13 22 14 14 15 15 17 14 19 20
3 10 12 12 20 17 15
12 0 18 5 12 9 23 10 17 11 14 12 21 13 19 14 13 15 14 16 21 17 15 19 21
6 2 23 7 20 12 17 15 19 17 13 18 19
18 0 18 1 19 3 18 4 17 5 20 6 23 7 22 8 24 9 19 11 22 12 14 13 12 14 15 15 16 16 21 17 19 18 14 19 24
16 0 19 1 16 2 14 3 13 4 15 5 12 6 24 7 22 8 18 9 12 10 13 12 20 14 23 15 18 18 20 19 17
17 0 23 1 21 2 19 3 14 4 23 5 17 6 12 7 16 8 20 10 15 11 19 13 24 14 24 15 13 16 13 17 15 18 17
15 0 18 2 16 5 24 6 22 7 12 8 19 9 20 10 20 11 24 12 13 14 17 15 20 16 24 18 13 19 20
14 1 24 3 12 4 18 5 12 6 19 7 19 8 15 10 19 11 17 12 13 13 12 15 24 17 14 18 21
7 1 13 2 21 7 16 13 12 14 18 16 16 19 23
9 0 12 2 20 3 21 4 14 7 14 10 12 14 23 15 24 18 15
15 0 22 1 16 2 24 3 23 4 24 5 22 7 17 8 20 9 21 13 17 14 22 15 24 16 16 18 23 19 24
1 14 18
8 4 14 6 19 7 20 9 21 10 13 13 22 16 23 18 22
10
5 1 0.0015
9 0 0.0024000000000000002
3 15 0.0016
7 6 0.0012000000000000001
2 3 0.002
14 7 0.0021000000000000003
1 10 0.0024000000000000002
2 19 0.0016
8 12 0.0018000000000000002
4 19 0.0024000000000000002
20
5 13 0.002 0.145385936991829
1 4 0.0018000000000000002 0.11720394428119466
13 10 0.0013000000000000002 0.10055832203858125
10 19 0.0016 0.12722392047759873
4 5 0.0016 0.14590356284717731
3 9 0.0017000000000000001 0.13452831829598746
13 14 0.0022 0.10915181119712736
9 18 0.0018000000000000002 0.14613918026152456
14 10 0.0016 0.12343657016740042
11 10 0.0024000000000000002 0.10046737838907836
16 3 0.0015 0.1012949502909707
11 4 0.0013000000000000002 0.14857677779208672
15 12 0.0022 0.1319647100637296
0 8 0.0014 0.12489342958760982
5 8 0.0023 0.11224146664126207
6 2 0.0017000000000000001 0.10805466189877011
18 6 0.0024000000000000002 0.12304655474553237
13 15 0.0015 0.11281161200831519
9 15 0.002 0.12394589166185327
18 2 0.0015 0.12498257904268598
