20
10 1 13 2 12 7 21 8 12 11 19 13 18 16 18 17 19 18 20 19 15
7 3 21 7 13 10 14 12 20 13 15 16 15 19 16
10 0 12 1 17 4 12 5 22 10 23 11 15 13 24 14 17 15 15 19 17
16 0 19 1 24 2 24 4 12 5 21 6 16 7 20 8 18 10 17 11 16 12 23 13 20 14 23 15 21 16 15 18 24
13 0 12 2 23 3 12 6 20 7 17 9 16 12 20 13 22 14 14 15 16 16 24 17 19 18 19
16 0 21 1 20 2 12 3 20 4 24 6 15 8 17 9 14 11 18 12 19 13 13 14 16 15 22 16 12 17 16 18 20
13 2 23 4 21 5 19 7 18 9 14 10 15 12 18 13 16 14 16 15 22 16 24 18 18 19 18
16 0 23 1 17 2 14 3 14 4 20 5 13 6 15 8 23 9 15 10 24 11 19 12 12 15 13 16 22 17 21 19 20
15 0 14 1 21 3 24 4 12 6 23 7 14 9 17 10 21 11 19 12 23 13 21 15 13 16 23 18 17 19 13
11 4 21 5 23 7 16 10 14 11 12 12 20 13 23 15 17 16 18 17 19 19 17
16 0 14 2 21 3 22 4 22 5 15 6 17 7 12 8 19 9 15 11 18 12 14 13 21 14 15 16 17 17 19 19 21
18 0 14 1 21 2 16 3 17 4 19 5 20 6 13 7 13 8 19 9 24 10 13 12 15 14 17 15 21 16 21 17 12 18 22 19 22
9 2 15 4 24 6 19 7 17 8 23 9 15 14 21 16 13 17 21
5 0 12 1 17 4 17 9 14 11 23
15 0 14 2 16 3 15 4 22 5 24 6 20 7 15 8 13 9 14 12 20 13 18 15 20 17 17 18 15 19 21
10 0 13 1 18 2 15 3 16 6 23 9 18 11 17 12 12 13 15 17 14
18 0 12 1 15 2 17 3 20 5 24 6 19 7 24 8 15 9 18 10 14 11 15 12 15 13 15 14 20 15 22 17 24 18 18 19 24
9 0 15 1 18 4 17 5 17 8 18 14 24 15 17 16 14 18 13
17 0 20 1 12 2 20 3 20 4 16 5 18 6 19 8 23 9 17 10 17 11 14 12 17 13 13 14 14 15 17 16 24 17 20
4 0 15 2 18 3 16 10 23
10
4 17 0.0019
4 17 0.002
14 1 0.0018000000000000002
15 19 0.0023
12 11 0.0018000000000000002
18 1 0.0023
6 1 0.0018000000000000002
7 11 0.0022
11 7 0.0017000000000000001
13 15 0.0014
20
0 8 0.0013000000000000002 0.10842340359159836
4 1 0.002 0.149622102056515
18 15 0.0013000000000000002 0.10612793708436594
19 8 0.0014 0.10992490941991928
16 11 0.0017000000000000001 0.1429242593122785
4 8 0.0019 0.11325461968526011
11 8 0.0017000000000000001 0.1027074902027876
4 10 0.0018000000000000002 0.11995348159565739
14 4 0.002 0.14666964717703426
10 19 0.0023 0.13161921570780133
10 16 0.0022 0.14274082318848183
2 1 0.0019 0.12285743071251802
14 5 0.0021000000000000003 0.13038389387355317
16 17 0.0024000000000000002 0.1070000231753946
11 10 0.0022 0.10859309700606284
4 19 0.0014 0.14930795868062807
10 14 0.0012000000000000001 0.12659084553730543
18 4 0.0015 0.13602447054170042
14 8 0.0013000000000000002 0.10537174615488795
14 5 0.0019 0.1336462112316511
