20
12 3 12 5 16 6 12 7 22 8 15 9 19 12 16 14 23 15 17 16 23 18 24 19 22
11 0 18 2 13 3 16 5 13 8 22 12 20 14 22 15 13 16 23 17 13 19 17
8 0 18 1 16 3 20 6 20 13 21 14 19 15 24 17 13
7 0 13 4 24 5 21 9 17 11 21 13 20 16 12
16 1 13 2 21 3 18 5 14 6 14 7 18 9 24 10 15 11 16 12 12 13 12 15 12 16 23 17 13 18 21 19 15
14 0 20 1 20 2 23 4 22 6 15 7 16 8 15 11 18 12 21 13 12 14 17 15 16 16 14 19 21
1 9 15
11 3 23 4 21 5 24 6 19 10 22 13 19 14 18 16 20 17 15 18 13 19 19
11 0 18 1 14 2 18 3 12 4 14 7 13 11 12 16 20 17 19 18 15 19 15
4 6 14 10 22 13 23 14 21
16 0 12 1 12 2 20 3 17 4 16 5 18 6 14 8 17 9 17 11 13 12 12 15 12 16 22 17 18 18 21 19 22
5 5 12 7 20 8 23 10 17 17 20
15 0 13 2 22 3 12 4 19 5 19 6 24 8 18 9 19 10 21 14 20 15 14 16 23 17 16 18 22 19 14
12 0 22 1 16 3 14 4 18 5 16 6 18 7 13 9 16 14 22 15 19 16 22 18 16
3 6 20 12 23 17 12
14 0 14 1 19 3 20 6 24 8 23 9 23 10 24 11 17 12 24 14 12 16 13 17 12 18 20 19 13
1 8 14
16 0 22 1 22 2 14 3 17 5 20 6 19 7 13 8 14 9 12 10 12 11 15 13 14 14 20 15 12 16 15 18 22
14 0 23 1 13 2 22 3 14 4 23 6 17 8 14 9 21 11 22 12 23 14 21 15 18 16 22 17 20
8 0 15 1 18 2 18 4 16 6 12 7 13 13 16 17 16
10
19 3 0.0014
4 14 0.0019
0 4 0.0017000000000000001
19 16 0.0019
0 11 0.0013000000000000002
15 14 0.0024000000000000002
5 8 0.0024000000000000002
4 8 0.0017000000000000001
14 12 0.0019
4 16 0.0021000000000000003
20
15 8 0.0015 0.14375796360006168
17 14 0.0016 0.10444004380984816
17 18 0.0018000000000000002 0.14276862494510878
0 19 0.0016 0.10760102881837372
15 6 0.0012000000000000001 0.11273550878922281
8 6 0.0018000000000000002 0.10844294336889053
15 19 0.0023 0.14803084983773718
7 2 0.002 0.10001034438163368
8 19 0.0023 0.13896242331589043
8 4 0.0015 0.11493813941512587
3 9 0.0016 0.1222759290400026
8 14 0.0018000000000000002 0.13413713860200044
18 13 0.0014 0.14694064843359445
2 17 0.0012000000000000001 0.1376076732926918
8 11 0.0014 0.11205874779805286
11 19 0.0018000000000000002 0.14914569448243206
7 5 0.0014 0.12248048020770955
13 3 0.002 0.13639132084684966
0 16 0.002 0.13771295208220205
9 17 0.0018000000000000002 0.12757307887004976
