20
17 3 24 4 18 5 18 6 24 7 13 8 17 9 15 10 12 11 14 12 13 13 24 14 21 15 16 16 13 17 22 18 18 19 15
13 2 22 3 24 4 22 6 18 7 13 9 22 10 18 11 12 12 19 14 20 16 22 18 14 19 24
12 0 16 4 23 6 15 8 16 9 19 10 20 13 18 15 16 16 23 17 24 18 19 19 16
18 0 17 1 24 2 12 4 15 5 24 6 23 8 18 9 19 10 16 11 20 12 16 13 14 14 24 15 20 16 22 17 24 18 17 19 16
8 0 12 3 16 6 18 7 22 10 13 12 18 13 19 14 20
4 1 21 13 14 16 14 19 12
4 9 19 17 22 18 13 19 14
6 2 16 6 14 8 13 9 12 12 18 17 19
5 0 22 1 13 4 18 13 13 17 16
14 0 15 5 19 6 13 8 15 10 20 11 17 12 17 13 20 14 21 15 19 16 15 17 21 18 17 19 22
10 1 13 2 13 3 13 4 18 6 24 9 21 12 12 15 21 16 18 17 18
16 0 19 2 23 3 21 5 19 6 16 7 13 8 12 9 15 10 15 12 17 13 24 14 23 15 24 17 14 18 21 19 17
12 0 22 1 20 2 23 3 15 5 19 6 13 7 22 8 21 10 13 14 14 15 20 16 17
8 6 24 10 13 11 24 12 12 15 12 16 21 17 22 18 18
9 2 15 3 17 4 20 7 13 12 12 13 24 15 23 18 14 19 16
13 0 13 1 12 2 20 3 20 5 17 7 15 8 17 11 19 12 16 13 24 14 19 16 17 17 18
8 3 23 4 18 5 23 6 13 8 17 10 15 11 16 19 23
2 14 16 16 22
11 0 16 2 18 3 12 6 14 7 20 9 17 10 23 13 20 15 15 17 19 19 13
16 0 18 1 19 3 19 4 15 5 21 6 13 7 24 8 12 9 16 10 19 11 23 14 14 15 20 16 14 17 12 18 15
10
8 11 0.0017000000000000001
16 2 0.002
4 10 0.0024000000000000002
13 12 0.002
6 3 0.0022
5 6 0.002
6 9 0.0013000000000000002
4 2 0.0023
19 18 0.0014
3 2 0.0017000000000000001
20
13 18 0.0016 0.10054252003862402
19 6 0.0015 0.13477704785421615
19 9 0.0013000000000000002 0.13554971002264676
5 18 0.0013000000000000002 0.13340962693824682
19 7 0.0021000000000000003 0.12294868206317487
1 10 0.0019 0.13521806934468417
0 19 0.0014 0.13393922650236662
4 6 0.0017000000000000001 0.127600649294047
15 18 0.002 0.11165440986794897
6 1 0.0015 0.11597059727198783
16 6 0.0023 0.12125091405416324
14 4 0.0022 0.12676974029514837
7 12 0.0022 0.14826207891209944
3 18 0.0021000000000000003 0.1260184430774159
12 16 0.0016 0.1453404574744524
10 7 0.0018000000000000002 0.11586282872494713
9 12 0.0021000000000000003 0.12591472398299258
10 19 0.0014 0.1482966717103534
2 6 0.0023 0.10944420461506672
6 16 0.0016 0.1457206793311298
