20
1 1 15
8 2 12 3 15 9 17 10 15 11 23 13 20 14 14 19 23
5 1 15 4 20 8 19 14 23 17 24
10 2 22 4 16 6 12 7 15 8 12 9 19 13 13 14 22 15 16 16 21
5 0 16 1 22 2 12 11 15 17 22
16 0 12 1 13 2 20 3 16 4 20 6 22 7 23 9 19 10 21 12 20 13 12 14 22 16 19 17 23 18 12 19 23
17 0 16 1 13 2 18 3 14 4 17 5 24 7 24 8 20 9 13 10 24 11 15 12 22 13 12 14 23 15 13 17 17 19 23
1 12 24
12 0 15 2 12 3 15 4 15 5 20 10 13 11 22 12 21 14 19 15 22 17 21 18 15
18 0 22 1 20 2 15 3 12 4 14 5 12 6 15 7 24 8 22 10 19 12 14 13 21 14 17 15 17 16 21 17 20 18 20 19 16
6 3 17 6 16 8 19 14 21 18 13 19 17
12 1 21 2 23 4 23 6 15 7 16 9 18 10 20 13 19 14 14 15 13 16 21 18 23
12 1 22 4 22 6 14 7 14 8 13 10 24 13 17 15 16 16 18 17 21 18 24 19 14
10 2 17 3 19 4 18 5 24 8 21 9 17 15 13 16 19 17 22 19 18
3 8 13 13 16 15 21
6 3 13 5 13 7 13 9 20 10 15 17 12
17 0 17 1 19 2 14 3 15 4 17 5 18 6 16 7 16 9 22 11 12 12 22 13 24 14 24 15 19 17 17 18 15 19 18
1 0 13
7 1 15 3 13 4 18 6 15 9 23 15 21 17 13
12 3 23 4 12 6 12 7 15 8 14 9 18 10 14 11 14 12 22 13 16 14 17 18 16
10
5 7 0.0014
16 17 0.002
13 6 0.0017000000000000001
7 18 0.0022
17 18 0.0014
14 18 0.0023
13 18 0.002
9 3 0.0014
19 0 0.0013000000000000002
5 6 0.0018000000000000002
20
9 3 0.0016 0.12270778652278648
11 14 0.0018000000000000002 0.14645436948830914
16 17 0.0017000000000000001 0.12288045589074524
1 8 0.0021000000000000003 0.12961255929006885
6 15 0.0016 0.1334280821074924
17 13 0.0024000000000000002 0.10871628460100642
12 7 0.0024000000000000002 0.10077942029829166
16 10 0.0024000000000000002 0.11957100970941587
17 8 0.0014 0.11147652200095043
10 16 0.0012000000000000001 0.14558096608247073
4 1 0.0022 0.11932986756883956
17 13 0.0014 0.10883288220765538
9 17 0.0017000000000000001 0.10294246018693637
11 4 0.0019 0.12370785703119422
9 5 0.0018000000000000002 0.12042115903191526
17 9 0.0017000000000000001 0.12054523284761104
3 19 0.0022 0.11683806435611108
3 19 0.0014 0.1235506241865796
10 12 0.0018000000000000002 0.13024865124147803
14 7 0.0012000000000000001 0.12687870590915656
