1 0 2 34.9939 16 6 7
1 1 1 12.9978 18 3
1 2 1 22.9977 6 16
1 3 1 13.998 1 14
1 4 1 17.9985 3 5
1 5 2 35.9952 11 0 17
1 6 1 17.9981 14 18
1 7 2 35.9958 8 11 0
1 8 1 12.9976 14 8
1 9 1 21.9976 9 17
1 10 2 27.995 12 0 8
1 11 2 32.9939 3 0 8
1 12 1 11.9984 18 6
1 13 1 19.9982 17 9
1 14 2 33.995 16 6 3
1 15 1 22.9984 14 1
1 16 1 19.9976 4 19
2 0 1 21 10 18
2 1 1 20 18 17
2 2 1 20 2 3
2 3 1 16 7 13
2 4 1 17 18 12
2 5 1 15 10 13
2 6 1 21.9976 9 17
2 7 2 44 13 0 12
2 8 1 22 0 12
2 9 2 39 18 2 10
2 10 1 19 7 10
2 11 1 24 6 15
2 12 2 37.9963 16 6 18
2 13 2 35.9952 11 0 17
2 14 2 41 0 3 13
2 15 2 28 5 3 9
2 16 1 23 3 15
