7
15 2 6 7 16 8 
6 7 16 
5 17 9 7 
1 17 9 15 
14 0 
18 17 9 7 16 4 
10 17 9 13 
21
11 12 5 9 10 13 14 0 4 2 
2 6 7 
9 10 11 12 13 14 15 16 19 18 
8 1 11 12 5 9 10 13 14 0 
3 8 1 11 12 
11 12 5 
0 4 2 6 7 16 3 8 1 11 12 5 9 10 13 14 
12 5 9 10 13 14 0 4 2 6 7 16 3 8 1 11 
9 10 11 12 13 14 15 16 19 18 17 4 6 7 5 
7 5 8 9 10 11 12 13 14 15 
14 0 4 2 6 7 16 3 8 1 11 
17 4 6 7 5 8 9 10 11 12 13 
14 15 16 19 18 17 
3 8 1 
3 8 1 11 12 5 9 10 
7 5 8 
16 3 8 1 
4 6 7 
17 4 
14 0 4 2 6 7 16 3 
16 19 18 17 
