10
7 1 14 2 14 3 16 4 21 5 19 7 18 8 21
7 0 21 4 12 5 24 6 23 7 20 8 18 9 24
7 0 13 1 19 4 18 5 13 6 13 7 15 9 24
8 0 15 1 23 4 12 5 13 6 20 7 22 8 19 9 19
1 9 20
5 0 20 1 12 2 21 3 23 9 23
4 1 13 2 24 3 16 7 17
7 0 18 1 20 2 18 3 17 5 16 6 24 9 24
8 0 16 2 13 3 13 4 21 5 15 6 17 7 20 9 13
7 0 20 1 20 2 24 3 21 4 15 6 16 8 20
3
1 4 0.0022
6 7 0.0021000000000000003
3 1 0.0018000000000000002
12
1 3 0.0022 0.13939080202198
3 6 0.0017000000000000001 0.12465886035849336
1 5 0.0015 0.1470585139934599
0 6 0.0021000000000000003 0.13739037845746255
1 7 0.0018000000000000002 0.11797889087234709
5 6 0.0016 0.12799000409945593
8 7 0.0022 0.12638527681914496
3 6 0.0017000000000000001 0.13318237808760752
9 3 0.0018000000000000002 0.1466456275314028
1 9 0.0019 0.11381388968751581
8 2 0.0016 0.14106649350632838
4 7 0.0022 0.1475063236406179
