10
3 3 14 5 19 9 19
2 0 12 6 23
6 0 15 3 20 4 15 5 21 8 19 9 19
6 0 21 1 22 5 19 7 19 8 21 9 21
5 0 24 2 20 3 22 5 24 8 19
2 6 24 9 12
5 1 22 2 12 4 16 7 15 8 17
4 0 24 3 24 5 13 8 22
2 4 23 7 24
5 1 14 2 23 4 23 6 17 8 19
3
7 2 0.0016
5 1 0.0013000000000000002
4 6 0.0015
12
7 5 0.002 0.12552088062573855
4 6 0.0016 0.12567972110994594
1 4 0.0024000000000000002 0.12421983006752997
6 3 0.0012000000000000001 0.11022706825088992
3 5 0.0018000000000000002 0.10713388123317837
1 3 0.0018000000000000002 0.10731558545259803
2 8 0.0017000000000000001 0.12354187980196357
7 6 0.0023 0.13849318007560446
8 3 0.0012000000000000001 0.1322977071530212
3 8 0.0013000000000000002 0.10232893284162052
1 7 0.0018000000000000002 0.11385788567678866
2 7 0.0017000000000000001 0.10409010673209408
