10
7 1 18 4 19 5 15 6 17 7 17 8 23 9 17
2 7 13 9 20
1 5 23
2 2 13 8 17
2 0 18 6 19
6 1 21 2 12 3 24 4 24 6 15 8 23
1 2 24
4 1 23 3 12 4 21 6 14
6 1 20 2 20 4 23 5 15 6 23 7 15
5 0 20 2 12 3 23 6 14 8 15
3
3 6 0.0022
8 2 0.0019
0 3 0.0014
12
2 3 0.0019 0.144166792754765
1 4 0.0023 0.14790760008920417
8 5 0.0012000000000000001 0.11056475656837307
7 5 0.0023 0.13203817900872844
8 7 0.002 0.12618812003916172
2 9 0.0013000000000000002 0.13365076510085394
2 4 0.0013000000000000002 0.12788390727820725
6 9 0.0017000000000000001 0.12101676435054542
2 4 0.002 0.14068685284086593
9 0 0.002 0.12016480870448287
4 6 0.002 0.10677421639913114
6 7 0.0017000000000000001 0.11951089739483811
