10
2 1 18 5 17
3 2 21 4 18 6 18
4 0 17 5 19 6 15 8 15
6 0 23 1 15 2 21 4 19 7 21 9 20
4 1 12 2 12 6 23 7 14
5 0 21 1 18 2 14 3 23 8 17
6 1 21 2 17 3 22 5 24 7 15 9 23
1 5 16
7 0 17 2 20 3 19 4 17 5 13 7 15 9 13
3 1 21 2 21 8 12
3
1 8 0.0013000000000000002
9 1 0.0016
4 7 0.0012000000000000001
12
8 3 0.0023 0.10036626887929642
7 0 0.0015 0.10749634451447265
2 1 0.0024000000000000002 0.14383178527562257
9 4 0.0024000000000000002 0.1100937834828822
8 6 0.0015 0.12868791422380568
1 3 0.0019 0.11424196168502353
2 1 0.0024000000000000002 0.13084303966524452
6 3 0.0012000000000000001 0.11837003266296356
8 4 0.0014 0.11739519421392196
2 9 0.0016 0.10902307343623979
2 8 0.0013000000000000002 0.14368847767937448
5 0 0.0022 0.11462942582712739
