10
2 1 23 3 24
5 0 14 2 21 4 12 5 15 7 17
1 0 13
3 1 19 4 16 7 15
4 2 18 3 12 5 24 6 23
1 0 20
4 1 21 3 14 7 13 8 24
4 1 23 2 16 3 14 6 22
5 0 19 3 22 4 13 5 20 9 23
5 0 17 2 22 3 22 4 23 8 12
3
8 9 0.0018000000000000002
7 3 0.0024000000000000002
4 3 0.0023
12
5 2 0.0024000000000000002 0.12438026470839104
7 2 0.0019 0.10348665234990437
8 3 0.0022 0.12151483937815757
7 3 0.0019 0.14256700260493566
0 8 0.0016 0.10945033114509696
0 3 0.0013000000000000002 0.10024706399594982
4 7 0.002 0.11023092346476514
9 7 0.0021000000000000003 0.14126691720792958
2 4 0.0023 0.1014622925073751
1 7 0.0018000000000000002 0.10534456365992588
0 3 0.0021000000000000003 0.12651146703216995
4 5 0.0015 0.11790060162122754
