10
7 1 22 3 19 4 24 5 14 7 14 8 13 9 24
1 7 18
5 3 21 5 19 7 18 8 18 9 18
4 4 12 5 15 6 12 9 18
5 0 23 3 16 5 14 6 21 9 24
6 0 13 1 16 2 17 3 23 4 17 9 12
5 0 14 2 18 3 19 5 16 8 23
3 1 24 4 20 5 12
4 0 17 1 13 4 15 5 20
2 2 22 4 18
3
0 6 0.0018000000000000002
0 2 0.0021000000000000003
1 2 0.0021000000000000003
12
4 1 0.0018000000000000002 0.13675739082037405
6 7 0.0014 0.10310387155286431
5 1 0.0022 0.11132968541763744
4 2 0.0017000000000000001 0.13428095724469
6 0 0.0012000000000000001 0.12803930554063767
7 4 0.0019 0.11472235982671526
1 2 0.0019 0.12867510245576624
1 0 0.002 0.1315875439304551
3 9 0.0024000000000000002 0.14676114874161947
9 4 0.0016 0.14057054866159904
4 2 0.0024000000000000002 0.11567044526635842
4 9 0.0015 0.12579695918277678
