10
2 1 20 9 24
7 0 22 3 19 4 21 5 12 6 16 7 23 9 19
4 3 21 5 20 6 19 8 14
4 0 19 5 24 7 23 8 19
1 5 19
7 0 22 3 22 4 24 6 18 7 21 8 17 9 23
3 3 22 7 19 8 20
4 3 24 5 16 6 21 8 20
5 0 12 2 22 3 23 5 24 9 14
8 0 18 1 18 2 12 3 15 4 17 6 15 7 20 8 21
3
4 5 0.0024000000000000002
2 6 0.0018000000000000002
6 1 0.0014
12
8 1 0.0019 0.11443770964984186
1 3 0.0014 0.10844060370368447
4 9 0.0021000000000000003 0.12842073506512242
7 2 0.0023 0.1311371983016722
0 1 0.0023 0.12569721817975424
1 0 0.0013000000000000002 0.10109178039779447
2 4 0.0012000000000000001 0.12849569865985908
6 1 0.0021000000000000003 0.10422051383013431
2 5 0.0021000000000000003 0.11256841728325588
3 1 0.0013000000000000002 0.11505634222193498
1 2 0.0017000000000000001 0.1038916052034759
3 6 0.0021000000000000003 0.14397493599600658
