10
4 2 17 3 18 8 19 9 16
3 4 22 7 15 8 18
3 1 24 3 12 7 19
6 0 13 4 20 5 17 7 21 8 15 9 23
2 7 14 9 14
7 1 15 2 19 3 21 4 19 6 15 8 16 9 13
7 0 16 1 23 2 21 4 24 5 15 7 13 8 14
3 0 24 8 12 9 12
7 1 12 3 24 4 18 5 12 6 18 7 22 9 13
3 2 22 5 17 7 19
3
2 1 0.002
9 8 0.0016
7 8 0.0019
12
2 5 0.002 0.11111402113804947
0 1 0.0017000000000000001 0.1468873893567018
0 2 0.0013000000000000002 0.1157213280654078
3 1 0.002 0.12403843064194084
5 6 0.0021000000000000003 0.10805710335572657
2 8 0.0014 0.14300505807481248
0 6 0.0012000000000000001 0.11797135068605358
8 2 0.0021000000000000003 0.1130756582785886
2 0 0.0019 0.11520327404119972
2 5 0.0022 0.12802388992131564
1 8 0.002 0.13502689349475835
0 1 0.0018000000000000002 0.11752635881396575
