10
6 1 19 2 24 5 17 6 19 8 14 9 17
1 3 16
2 5 23 8 14
6 0 23 1 24 4 17 5 19 6 20 9 17
2 0 21 6 23
4 0 21 6 15 8 13 9 16
7 0 14 2 16 3 14 5 15 7 18 8 23 9 12
1 4 18
3 1 14 4 21 5 14
8 0 19 1 13 2 24 3 12 4 24 5 13 6 22 8 16
3
3 1 0.0012000000000000001
1 0 0.0017000000000000001
8 7 0.0013000000000000002
12
6 4 0.0012000000000000001 0.14969778040471451
7 8 0.0023 0.10734356754803197
0 9 0.0017000000000000001 0.12969924151901574
6 8 0.002 0.1058818091852883
5 1 0.0021000000000000003 0.12188074017748254
9 2 0.0019 0.13363897048495132
4 0 0.0023 0.11449520600274633
6 1 0.0012000000000000001 0.12467384535622576
6 8 0.0021000000000000003 0.12959860120302027
1 5 0.0022 0.10785039208366878
4 3 0.0022 0.13950670916078314
7 2 0.0014 0.14546391873939932
