10
1 3 12
2 0 19 5 16
6 0 22 5 23 6 22 7 19 8 14 9 20
8 0 20 1 22 4 24 5 23 6 20 7 23 8 15 9 16
7 0 18 1 16 2 24 5 16 6 18 7 16 9 15
4 0 14 3 21 4 12 8 18
3 7 18 8 15 9 14
6 0 13 1 19 2 17 4 17 6 23 9 21
8 0 24 1 13 2 17 3 12 4 19 5 14 7 21 9 22
7 0 21 1 13 3 19 4 20 5 14 6 23 7 21
3
7 9 0.0024000000000000002
7 8 0.0013000000000000002
8 3 0.0019
12
1 9 0.0015 0.10948882504758635
4 6 0.0014 0.12956626920641784
8 6 0.0013000000000000002 0.11304864254068991
4 9 0.0015 0.13975193934069025
3 9 0.0021000000000000003 0.10556215410062447
4 7 0.0021000000000000003 0.12783871977560718
9 1 0.002 0.13617757668274633
2 5 0.0013000000000000002 0.10650707418891489
6 7 0.0024000000000000002 0.11864775866507236
6 5 0.0021000000000000003 0.10053727665651532
1 2 0.0023 0.12033013844809569
1 5 0.0017000000000000001 0.1334044937347817
