10
1 1 21
1 5 14
6 0 13 1 16 4 14 6 19 7 18 8 24
8 0 17 1 19 2 12 4 18 5 18 6 15 7 12 9 24
7 1 13 2 21 5 20 6 20 7 22 8 20 9 12
5 0 15 3 17 6 22 7 12 9 23
7 0 16 1 20 2 16 4 17 5 20 7 17 9 22
1 5 21
2 1 13 3 23
3 6 16 7 20 8 12
3
9 1 0.0016
4 8 0.0024000000000000002
4 1 0.0016
12
8 9 0.0023 0.12913060637459087
7 9 0.0023 0.14722817178343456
6 8 0.0013000000000000002 0.10167064964665384
5 3 0.0018000000000000002 0.13292213572521056
1 4 0.002 0.14157829069591377
0 5 0.0016 0.12977099835168596
0 3 0.0014 0.1068920006562685
8 1 0.0014 0.11531077929072932
1 5 0.0014 0.1193823633118644
4 3 0.0016 0.14358886165129325
8 6 0.0018000000000000002 0.10178770004826826
6 2 0.0017000000000000001 0.11976359237988596
