20
14 1 14 2 19 3 16 4 24 5 24 6 21 7 18 8 21 11 18 13 16 14 13 15 17 16 21 17 24
18 2 20 3 20 4 24 5 22 6 15 7 13 8 20 9 24 10 21 11 12 12 14 13 13 14 17 15 16 16 18 17 17 18 12 19 16
3 3 12 6 13 16 15
4 4 13 8 18 9 24 11 21
18 0 20 1 22 2 22 3 18 5 21 6 13 7 23 8 18 9 17 10 19 11 17 12 14 13 24 14 13 16 21 17 16 18 13 19 21
17 0 18 1 15 2 18 4 14 6 17 7 16 8 16 9 16 10 21 12 24 13 16 14 12 15 15 16 16 17 15 18 19 19 23
15 0 14 1 18 2 12 3 12 4 22 5 21 8 16 9 21 11 24 12 14 13 21 14 23 16 15 17 18 18 14
5 1 14 12 15 13 23 14 20 19 18
7 3 18 5 14 9 18 10 21 14 24 18 13 19 16
12 0 23 1 23 3 18 4 15 6 22 8 20 10 22 11 16 13 13 14 21 15 19 19 13
14 0 14 1 13 2 14 4 16 6 16 7 16 9 23 11 21 12 20 14 22 15 20 16 17 18 16 19 18
11 2 13 3 19 5 21 6 21 8 24 10 12 13 22 14 24 16 18 18 16 19 17
12 2 14 3 17 4 16 6 15 7 20 8 16 9 13 10 15 11 13 15 12 17 13 19 19
11 2 21 3 13 4 14 6 19 7 13 8 20 11 18 12 24 14 22 15 23 18 17
12 0 14 2 19 4 22 6 15 7 15 10 18 12 15 15 19 16 22 17 23 18 13 19 15
4 2 16 7 20 10 14 12 16
1 19 16
14 0 19 1 24 5 20 7 13 8 12 9 23 10 14 11 12 12 17 13 23 14 12 15 20 16 20 18 24
16 0 17 1 21 2 23 4 20 6 15 7 17 8 20 9 14 10 17 11 15 12 22 13 20 14 21 15 22 17 19 19 23
5 3 19 14 23 15 17 16 14 17 21
8
14 6 0.0015
12 6 0.0012000000000000001
14 12 0.0019
17 19 0.0015
11 0 0.002
19 17 0.0014
18 19 0.0015
0 16 0.0015
32
1 8 0.0015 0.12808273343044516
11 7 0.0015 0.13375914235196348
11 17 0.0023 0.12554367602835434
10 17 0.0017000000000000001 0.13347239166409602
2 1 0.0024000000000000002 0.12294736251452508
16 3 0.0015 0.12333903974076876
14 5 0.0012000000000000001 0.13142099225539602
9 17 0.0019 0.14858270634041174
17 9 0.002 0.1295085475984601
16 14 0.0023 0.13062098797782376
12 0 0.0023 0.1278052601747307
15 10 0.0024000000000000002 0.12589932936474457
2 13 0.0015 0.14963431461495652
7 9 0.0019 0.14724658570124205
6 4 0.0014 0.13075300269297593
14 19 0.0024000000000000002 0.14972813789030587
7 8 0.0013000000000000002 0.12982794640741122
5 16 0.0023 0.10157645610205131
10 12 0.0021000000000000003 0.14202121693872016
3 0 0.0012000000000000001 0.11455683378468179
6 15 0.0022 0.12124317146335367
2 5 0.0024000000000000002 0.13176598961146585
15 12 0.0015 0.12766982797885146
6 17 0.0012000000000000001 0.13472557321514395
9 19 0.0016 0.10252348319543893
17 10 0.0021000000000000003 0.12383465417074005
19 9 0.0022 0.10207959074317341
4 12 0.0015 0.10433146369707581
0 10 0.0018000000000000002 0.14768040420405681
11 6 0.0014 0.11594860708490631
19 11 0.0016 0.14093619720004946
8 2 0.0012000000000000001 0.147807324043486
