20
1 13 16
6 2 20 4 18 8 12 12 21 17 20 19 21
11 4 21 5 23 6 18 7 15 8 17 9 18 10 16 15 23 16 13 17 20 18 22
18 0 24 1 19 2 21 4 15 5 23 7 22 8 22 9 20 10 18 11 15 12 19 13 19 14 24 15 22 16 13 17 17 18 24 19 16
3 5 15 8 18 19 19
9 2 22 4 16 6 12 8 23 9 13 15 15 17 16 18 14 19 15
13 1 18 2 21 4 20 5 18 8 19 9 21 11 21 12 16 14 23 15 12 17 12 18 14 19 21
4 3 24 13 16 14 20 19 14
17 0 21 2 18 3 20 4 17 5 21 6 19 7 20 9 19 10 16 11 21 12 23 13 14 14 24 16 21 17 24 18 24 19 17
11 2 22 3 24 6 19 7 24 8 12 10 24 14 17 16 12 17 19 18 19 19 17
13 1 24 2 18 4 19 5 17 6 17 7 14 9 20 12 16 14 15 15 17 16 17 17 14 18 24
5 1 15 9 20 13 18 15 20 19 21
8 1 13 3 13 4 14 9 23 14 16 16 14 17 17 18 19
14 0 16 2 20 3 19 6 18 7 19 8 12 9 15 11 18 12 19 14 22 15 24 16 23 18 15 19 17
10 3 23 4 16 7 13 8 17 9 22 11 21 15 15 16 17 17 13 19 17
12 0 18 2 22 4 12 5 12 7 24 8 13 9 23 10 16 11 13 14 24 18 17 19 22
9 1 19 3 22 5 22 7 17 8 16 11 19 13 17 14 21 15 15
16 0 13 1 18 2 16 3 18 4 12 6 17 7 17 8 23 9 16 10 17 11 21 13 14 14 20 15 18 18 14 19 21
9 0 21 3 23 8 19 11 20 13 16 15 22 16 13 17 14 19 23
12 0 15 1 19 2 15 4 21 6 20 8 23 11 20 13 23 15 14 16 20 17 18 18 12
8
8 6 0.0017000000000000001
18 7 0.0024000000000000002
8 13 0.0017000000000000001
1 15 0.0018000000000000002
19 18 0.0014
19 15 0.0021000000000000003
16 18 0.0018000000000000002
10 8 0.0019
32
18 11 0.0013000000000000002 0.14582002263196628
5 12 0.0019 0.1246956403360964
10 5 0.0017000000000000001 0.12296153516392949
14 2 0.0015 0.12428270664748604
7 16 0.0014 0.10929023640272566
3 0 0.0021000000000000003 0.11974213544614148
5 17 0.0022 0.10603702940040212
9 19 0.0014 0.1465297908522064
19 0 0.0022 0.11852390342191826
10 12 0.0012000000000000001 0.1452765468810074
5 15 0.0017000000000000001 0.12252927626399739
11 4 0.002 0.10457414790168591
1 19 0.0017000000000000001 0.1408047810843298
11 16 0.0022 0.10183569398317112
3 1 0.0021000000000000003 0.11567109366910754
7 12 0.002 0.1451673145352797
16 10 0.0014 0.11920026950202109
5 17 0.0013000000000000002 0.13575046351643602
14 10 0.0012000000000000001 0.1465857937511681
14 16 0.0015 0.1299056114550714
9 0 0.0021000000000000003 0.11734737646231466
2 12 0.0024000000000000002 0.1373087054266132
3 8 0.0014 0.14838712965081863
6 7 0.0015 0.12428278974468109
7 6 0.0022 0.11543279947293929
16 11 0.0023 0.13557185755257786
17 8 0.0021000000000000003 0.11452117887227127
9 1 0.0019 0.10486546416837049
2 12 0.0018000000000000002 0.11249177344632195
2 11 0.002 0.14382466567680607
11 6 0.0017000000000000001 0.14005731168595198
9 17 0.0013000000000000002 0.14896161048471845
