20
2 5 17 14 15
16 2 22 3 15 4 17 5 14 6 21 7 24 8 18 10 15 11 19 12 18 13 20 14 21 15 21 16 18 18 14 19 23
16 0 13 3 16 4 16 5 15 6 21 7 19 8 16 9 16 10 21 12 22 13 12 14 19 15 19 16 24 17 14 18 17
2 8 24 12 13
7 2 18 5 19 6 17 7 18 10 19 11 19 18 14
3 6 24 10 14 15 21
15 0 14 1 22 2 22 4 14 8 22 9 21 10 20 11 13 12 19 13 16 14 21 15 17 16 17 17 21 18 22
9 0 22 3 18 4 24 8 20 9 16 10 24 11 23 12 18 14 14
15 0 18 1 12 2 14 3 23 4 19 5 12 9 16 10 21 11 12 12 12 13 20 14 24 15 14 17 22 18 20
12 0 22 2 14 3 16 4 17 5 17 8 23 10 22 14 21 15 17 17 12 18 23 19 17
14 0 12 1 12 2 23 3 21 4 17 6 21 8 12 9 17 11 22 12 16 13 21 14 17 17 23 18 15
18 0 22 1 17 2 23 3 14 4 16 5 20 6 22 7 16 8 15 9 18 10 12 13 18 14 14 15 24 16 12 17 14 18 16 19 21
12 2 14 3 12 4 12 5 12 7 15 8 14 10 21 11 20 14 24 15 21 17 22 18 13
14 0 24 1 20 2 13 3 14 4 17 5 23 6 16 8 19 9 22 10 16 11 22 12 17 14 14 16 17
2 12 23 16 19
15 0 19 1 16 3 16 4 23 6 19 7 19 9 23 10 24 11 19 12 12 14 19 16 21 17 19 18 14 19 22
8 1 18 2 17 3 18 5 23 11 15 12 12 18 20 19 19
5 6 15 7 23 9 21 10 16 16 15
5 0 17 1 23 3 22 7 20 9 12
6 1 21 3 22 9 12 15 21 16 12 18 17
8
1 17 0.0024000000000000002
18 19 0.0019
2 9 0.0018000000000000002
19 13 0.0017000000000000001
17 7 0.0012000000000000001
19 16 0.0024000000000000002
18 3 0.0018000000000000002
10 15 0.0024000000000000002
32
12 8 0.002 0.11958462144346979
18 5 0.0019 0.12023386415250929
18 0 0.0021000000000000003 0.1402481400372452
11 18 0.0016 0.14884523445155573
7 1 0.0015 0.13712117978583127
10 2 0.0021000000000000003 0.12669567448205776
9 5 0.0015 0.11214925786182599
16 4 0.0012000000000000001 0.13300202442151607
5 14 0.0015 0.108725469005776
11 18 0.0021000000000000003 0.13747660462098032
15 3 0.0017000000000000001 0.10801141412727978
4 8 0.0023 0.10645537530665253
1 10 0.0023 0.14980096569258677
17 7 0.0021000000000000003 0.1323936564180431
14 11 0.0014 0.13847502039396953
19 8 0.002 0.12103104603753002
11 10 0.0019 0.1436063426618761
1 14 0.0023 0.10589627846244146
6 10 0.0015 0.10532332040255639
7 0 0.0014 0.1493791978990041
9 1 0.0015 0.13966120762236736
8 16 0.0014 0.1048844242771314
9 19 0.0015 0.11247821419093552
0 19 0.0024000000000000002 0.1320456712047957
16 14 0.0014 0.14428765152439532
5 1 0.0019 0.14515833836027023
1 19 0.0019 0.11062337196628834
5 4 0.0021000000000000003 0.11825011896940052
15 16 0.002 0.14565253442601186
19 12 0.0016 0.1184181573924303
14 6 0.0018000000000000002 0.12843101333980786
0 7 0.0013000000000000002 0.11739105076498
