20
12 1 17 3 16 5 14 6 16 8 18 9 20 10 22 13 17 15 17 16 16 17 23 19 23
11 2 13 3 17 6 18 7 23 8 23 9 13 10 22 11 18 12 17 18 19 19 15
7 1 16 4 23 10 21 14 13 15 12 18 16 19 19
10 2 18 5 24 7 19 10 21 11 24 12 17 14 23 15 21 16 23 18 19
12 1 12 2 21 5 12 7 15 9 13 10 19 11 24 13 24 16 18 17 13 18 19 19 16
18 0 21 1 14 2 23 3 23 4 13 6 23 7 14 8 16 9 13 10 18 12 17 13 23 14 18 15 20 16 17 17 21 18 20 19 12
5 2 16 9 21 10 22 12 18 19 15
4 2 23 3 17 10 15 18 20
7 1 20 2 17 5 23 7 14 11 18 12 16 18 20
1 6 14
17 0 24 1 21 2 15 4 15 5 18 6 22 7 15 8 23 11 24 12 18 13 22 14 16 15 18 16 13 17 16 18 20 19 15
13 0 23 1 15 2 16 3 21 4 14 5 18 6 15 7 21 9 14 10 16 12 13 16 20 18 12
16 0 21 1 16 2 14 4 22 5 22 6 18 8 22 9 19 10 23 11 15 13 22 14 18 15 21 16 13 17 16 18 16
17 0 21 1 14 2 16 3 17 4 19 6 21 7 22 8 21 9 21 10 24 11 20 12 14 14 22 15 16 17 14 18 24 19 19
14 1 18 3 20 4 21 5 19 6 12 8 14 9 18 10 13 12 15 15 19 16 24 17 15 18 22 19 18
18 0 15 1 12 2 14 3 23 4 12 6 16 7 13 8 24 9 12 10 22 11 17 12 13 13 16 14 20 16 22 17 23 18 15 19 23
10 3 21 5 16 8 24 9 21 11 15 13 22 14 15 15 22 18 16 19 18
16 0 12 2 18 3 22 4 18 6 14 7 21 8 15 9 22 10 16 12 15 13 19 14 13 15 16 16 24 18 14 19 20
8 1 24 4 16 6 23 9 13 11 22 13 13 14 17 16 18
15 0 19 2 13 3 16 4 13 5 20 7 14 8 17 9 22 10 16 11 14 12 15 14 23 15 21 16 18 18 19
8
11 0 0.0023
0 14 0.0021000000000000003
9 7 0.0013000000000000002
2 0 0.0024000000000000002
9 2 0.0014
15 9 0.0022
6 0 0.0018000000000000002
5 19 0.0022
32
5 16 0.0019 0.12437316487397601
13 11 0.0015 0.11748760405417931
11 8 0.0024000000000000002 0.13613747663175155
19 8 0.0016 0.11076745911944284
3 0 0.0019 0.11029948965536165
14 7 0.0017000000000000001 0.11722164979983894
0 14 0.0016 0.12506693321458512
7 5 0.002 0.1453053603766926
19 2 0.0015 0.1091899250178668
12 10 0.0013000000000000002 0.13687555966114184
14 10 0.0019 0.13874517353459775
17 0 0.0016 0.12068639802500658
9 17 0.0015 0.11022440999904283
11 1 0.0017000000000000001 0.1224491353461036
4 19 0.0013000000000000002 0.13002732189358646
1 13 0.0014 0.10366168112859853
11 18 0.0012000000000000001 0.14029865730563013
8 16 0.0014 0.11092173642804147
17 2 0.0012000000000000001 0.1134847701616746
10 15 0.0015 0.11111601647472595
13 0 0.0021000000000000003 0.10959405039496437
10 13 0.0022 0.10309081603501306
8 9 0.0016 0.13602271544553762
14 0 0.0023 0.1412792335041049
7 4 0.002 0.11478233904313348
11 10 0.0015 0.13022565225944482
15 5 0.0015 0.1407128198395982
5 13 0.0012000000000000001 0.11137894206479867
13 5 0.0017000000000000001 0.1214132881550785
1 15 0.002 0.13944624527668603
6 19 0.0017000000000000001 0.131442332442735
19 7 0.0022 0.12727849752496015
