20
11 1 18 2 12 4 18 5 18 6 17 7 21 8 20 12 16 16 21 18 14 19 16
10 3 19 4 24 6 15 8 20 10 18 12 24 13 24 14 21 15 24 19 20
9 3 14 5 12 6 23 8 18 10 23 11 17 13 20 15 12 18 21
6 0 14 4 24 6 24 7 23 14 20 16 18
14 0 15 1 23 2 24 5 23 6 16 7 22 8 16 9 13 12 14 14 14 15 17 16 19 18 15 19 18
16 0 14 1 22 2 15 3 18 7 20 8 16 9 17 10 23 11 14 12 14 13 14 14 13 15 22 16 22 18 14 19 23
12 1 13 3 15 4 24 5 22 8 21 11 19 12 13 13 12 14 13 15 24 17 17 19 19
8 0 23 5 15 9 22 11 19 14 13 15 20 16 21 19 19
17 1 14 2 24 3 21 4 23 5 12 6 16 7 13 10 18 11 22 12 12 13 14 14 24 15 15 16 20 17 13 18 16 19 19
17 1 17 2 13 3 13 4 15 5 20 6 17 7 12 8 15 10 14 11 18 12 13 13 22 14 13 16 14 17 20 18 18 19 19
14 0 20 1 24 3 23 4 14 6 19 8 19 9 13 11 15 12 12 14 21 16 13 17 22 18 17 19 12
7 1 21 2 19 4 14 12 22 14 12 15 19 17 16
17 0 18 1 23 2 18 4 16 5 16 6 15 7 21 8 16 9 20 10 23 11 13 13 18 14 18 15 13 17 16 18 18 19 18
18 0 19 1 13 2 22 3 17 4 24 5 19 7 12 8 18 9 21 10 17 11 20 12 20 14 13 15 12 16 21 17 14 18 20 19 23
17 0 19 1 15 2 12 3 15 4 16 6 23 7 16 8 16 9 21 10 24 11 12 13 19 15 18 16 16 17 14 18 23 19 19
8 0 12 5 24 7 21 9 16 10 24 13 16 17 13 18 24
13 2 12 3 22 5 14 7 15 8 13 9 12 10 17 11 19 12 24 14 16 17 16 18 21 19 15
9 1 16 2 14 3 17 4 24 5 23 8 22 10 15 11 22 12 17
14 0 23 2 23 3 21 6 23 7 12 8 17 9 17 10 24 12 22 13 18 14 17 15 14 16 18 17 21
3 2 14 15 16 17 19
8
2 1 0.002
19 6 0.0014
1 19 0.0014
18 6 0.002
17 10 0.0024000000000000002
8 7 0.0015
13 6 0.0022
7 2 0.0013000000000000002
32
1 17 0.0024000000000000002 0.12172796669767702
18 2 0.0021000000000000003 0.11106314606891202
4 2 0.0012000000000000001 0.12153081032807259
4 17 0.0019 0.12794847724309333
17 0 0.0021000000000000003 0.12477835823328517
18 3 0.0018000000000000002 0.11308404140983704
4 9 0.0012000000000000001 0.11435681947258174
9 4 0.0016 0.12027324762983
15 2 0.002 0.13546155126178305
1 3 0.0016 0.11812755272791944
14 0 0.0019 0.14063999355689333
17 19 0.0012000000000000001 0.1292773839896557
3 0 0.0014 0.11510032893291457
9 19 0.0018000000000000002 0.12528870078649876
8 3 0.0017000000000000001 0.12964539515016738
8 1 0.0016 0.11643843256049251
13 4 0.0019 0.13720005088033957
8 15 0.0022 0.1400726765687916
11 4 0.0015 0.11037207087897795
11 7 0.0012000000000000001 0.10593397653489395
2 18 0.002 0.10332938440400989
11 5 0.0024000000000000002 0.13493178024842492
9 11 0.0024000000000000002 0.14969920019706437
10 7 0.0013000000000000002 0.14492233961044038
17 6 0.0018000000000000002 0.13512328944497715
4 3 0.002 0.11470399949922218
18 0 0.0016 0.13298524980398574
13 5 0.0024000000000000002 0.1400947803500898
0 19 0.0019 0.14351137668608227
16 7 0.0024000000000000002 0.13956601165654697
14 12 0.0017000000000000001 0.10993280585846012
12 18 0.0015 0.11606962370170407
