20
15 2 21 3 20 4 24 5 14 6 19 8 16 9 17 10 21 11 12 12 17 13 15 14 22 17 19 18 24 19 16
14 2 15 3 15 4 17 6 21 7 24 9 14 10 19 13 12 14 17 15 12 16 15 17 12 18 15 19 16
13 0 15 7 18 8 15 9 15 10 18 11 20 12 18 13 18 14 17 15 16 16 24 17 17 19 24
16 0 17 1 23 2 15 5 12 6 21 7 13 8 24 9 19 10 21 11 12 12 21 13 16 15 12 16 14 17 15 19 21
18 1 18 2 17 3 20 5 18 6 22 7 23 8 13 9 17 10 13 11 24 12 13 13 19 14 15 15 16 16 19 17 13 18 24 19 14
18 1 21 2 15 3 14 4 19 6 21 7 12 8 13 9 22 10 18 11 17 12 13 13 18 14 14 15 17 16 19 17 24 18 14 19 14
8 7 21 9 17 10 19 11 13 13 16 14 18 16 13 18 12
18 0 22 1 21 2 22 3 20 4 21 5 14 6 14 8 12 9 19 10 17 12 24 13 22 14 15 15 21 16 12 17 14 18 15 19 20
18 0 20 1 20 2 15 3 15 4 19 5 18 6 23 7 21 9 12 10 20 11 22 12 17 14 24 15 20 16 16 17 13 18 22 19 16
7 1 22 3 21 5 24 6 15 13 17 16 21 18 23
14 0 23 1 24 4 22 5 21 6 15 7 13 8 14 9 13 11 16 12 20 15 14 16 19 18 19 19 13
17 0 20 1 23 2 18 3 23 4 21 6 21 7 22 8 19 9 18 10 23 13 21 14 16 15 13 16 20 17 13 18 21 19 13
6 0 19 4 17 9 20 17 20 18 12 19 24
15 1 21 2 20 3 21 4 13 5 14 6 15 7 12 8 21 10 16 11 12 12 17 14 23 15 22 18 20 19 15
8 2 19 3 18 7 22 8 14 10 21 13 13 17 16 19 21
15 0 18 1 13 2 20 3 13 4 17 7 22 8 14 9 16 10 12 11 19 13 16 16 24 17 14 18 12 19 17
4 0 14 3 23 10 21 14 18
11 2 14 3 12 5 22 7 16 8 19 9 16 10 19 11 22 13 18 14 22 18 21
5 4 19 8 23 10 13 13 12 15 23
1 15 18
8
10 12 0.0018000000000000002
11 10 0.0018000000000000002
7 13 0.002
14 16 0.0016
9 12 0.0021000000000000003
13 6 0.0012000000000000001
10 9 0.0017000000000000001
16 3 0.0015
32
5 18 0.0019 0.14321185026957134
4 6 0.002 0.1133571535141072
15 7 0.0013000000000000002 0.11416092977178063
14 3 0.0023 0.12084030927727574
13 14 0.0014 0.10116705718760677
18 13 0.0013000000000000002 0.13224389616370003
12 18 0.0024000000000000002 0.1293021279054819
4 1 0.0021000000000000003 0.10625965929397059
16 8 0.0017000000000000001 0.12478703367444313
11 6 0.0022 0.1473976505019847
0 8 0.0024000000000000002 0.10340256344718891
0 1 0.0017000000000000001 0.10689299458601559
0 19 0.002 0.11607135829262004
3 2 0.0014 0.12722256783498884
16 19 0.0018000000000000002 0.11688947110079126
7 2 0.0014 0.14560081670200287
2 1 0.0012000000000000001 0.13763850456707383
11 19 0.0015 0.11268690727824725
1 4 0.0012000000000000001 0.12226295384111178
5 11 0.002 0.13620323985794175
10 6 0.0022 0.10709573110115952
7 0 0.0016 0.13105804955550612
11 17 0.0022 0.14047147866150367
8 3 0.0015 0.10148434562573691
16 4 0.0012000000000000001 0.12621627455551196
0 14 0.0019 0.13929792539823765
10 16 0.0013000000000000002 0.13410918202342356
17 19 0.0016 0.11405365960201157
3 5 0.0022 0.10080708056066191
13 18 0.002 0.1052274303543368
6 11 0.0012000000000000001 0.12297917291431056
0 7 0.002 0.1498204690884417
