20
3 6 24 8 23 10 12
1 12 18
11 1 18 3 13 5 12 7 13 9 24 10 18 11 20 13 13 14 20 16 14 17 14
7 1 17 2 20 7 18 11 13 13 16 14 23 19 19
3 1 12 16 16 19 12
12 2 12 3 20 4 22 8 24 10 15 11 17 12 12 13 13 16 18 17 22 18 16 19 20
5 2 20 4 21 7 15 12 15 17 17
6 0 18 6 23 8 13 9 21 13 16 19 13
5 2 19 7 15 14 13 15 16 19 15
16 0 21 1 17 2 23 3 18 4 19 6 20 8 21 10 20 11 16 12 24 13 24 14 13 15 16 16 20 18 16 19 23
12 0 20 2 15 6 13 7 24 8 21 12 20 13 23 14 16 15 24 16 16 18 12 19 15
10 0 24 3 18 5 16 7 21 8 23 10 21 13 14 16 21 17 14 18 23
15 0 12 1 14 2 20 3 13 5 24 6 17 8 24 10 21 11 18 13 16 14 19 16 17 17 24 18 19 19 19
7 0 20 6 18 9 21 10 22 11 12 12 19 18 24
13 0 20 1 19 2 24 3 22 4 12 5 19 8 20 9 17 10 15 12 22 13 14 15 20 19 18
7 3 13 5 22 6 15 7 22 10 12 16 15 18 24
2 5 14 6 16
10 1 17 2 22 3 17 4 13 6 14 8 19 13 22 16 20 18 18 19 14
16 0 20 1 21 3 19 4 12 5 16 6 15 7 17 8 20 9 18 10 12 11 19 12 23 13 12 14 23 16 18 17 24
13 0 13 2 14 3 12 4 24 5 14 6 13 8 23 10 17 11 13 14 17 15 21 17 12 18 13
8
9 12 0.0017000000000000001
16 17 0.002
4 15 0.0015
19 7 0.002
0 18 0.0022
17 1 0.0023
13 10 0.0013000000000000002
4 3 0.0019
32
4 9 0.0018000000000000002 0.12470749332749338
6 19 0.0022 0.1181469682587005
12 6 0.0022 0.10464127054219272
11 2 0.0012000000000000001 0.1317521580838775
13 15 0.0021000000000000003 0.1228311776795755
7 6 0.0024000000000000002 0.12046392885194783
1 12 0.0013000000000000002 0.10772399308759703
12 18 0.0012000000000000001 0.10871097759797563
6 0 0.0014 0.14149145443913877
19 18 0.0015 0.13829742103034073
7 19 0.0015 0.1357104439412231
9 11 0.0021000000000000003 0.1415822817749616
5 8 0.0013000000000000002 0.1481861187770074
19 6 0.0014 0.1433769975819541
15 4 0.0022 0.11294733746314828
0 5 0.0019 0.14451166592804054
10 0 0.0018000000000000002 0.11967678772554528
13 1 0.0022 0.12136684991489473
4 5 0.0021000000000000003 0.12606896504008827
1 11 0.0014 0.11331550245503626
7 13 0.0019 0.1300484815029237
8 13 0.0016 0.11496424157708734
11 18 0.0022 0.13535358886975096
11 12 0.0015 0.13976631692110872
18 16 0.0016 0.11129249723377495
10 2 0.0024000000000000002 0.145724926388171
16 13 0.0019 0.13282758456309712
19 12 0.0013000000000000002 0.13338888273424476
7 12 0.0013000000000000002 0.14032888949251335
8 16 0.0016 0.10342593516478815
3 14 0.0019 0.11096639043497916
13 2 0.0024000000000000002 0.12071599361328389
