20
2 13 16 16 12
10 4 21 5 16 8 17 10 15 11 18 12 20 15 19 16 15 17 15 19 20
6 4 13 10 19 12 12 14 18 15 20 19 13
16 0 13 1 24 2 19 4 21 5 15 6 21 8 24 9 15 10 16 11 22 13 22 14 15 15 23 16 20 17 17 19 17
2 10 23 13 18
9 0 22 3 14 4 18 6 14 7 20 8 13 11 24 12 13 13 21
7 0 19 3 21 4 20 8 17 11 22 14 14 16 15
2 12 21 14 12
8 2 24 4 16 5 21 12 17 13 12 14 23 15 21 16 12
4 1 13 4 15 13 17 17 20
3 2 15 5 15 19 18
7 4 21 5 14 8 14 10 22 12 20 15 21 18 15
8 1 13 3 19 4 23 10 16 11 14 14 21 16 23 19 19
16 0 22 1 21 2 17 3 23 4 23 7 14 8 21 9 15 11 16 12 12 14 18 15 14 16 22 17 24 18 23 19 12
15 1 18 2 22 3 13 4 17 6 16 7 19 8 16 10 21 11 21 12 23 13 17 15 15 17 13 18 18 19 21
4 2 20 8 19 11 22 13 12
13 1 20 2 19 3 17 4 17 6 17 7 16 8 23 9 14 11 24 12 17 15 16 17 13 18 24
13 0 22 3 14 4 19 5 12 8 14 9 13 10 24 13 19 14 21 15 12 16 19 18 15 19 12
18 0 19 1 24 2 20 3 13 4 20 5 12 7 17 8 24 9 13 10 14 11 20 12 22 13 23 14 12 15 19 16 15 17 24 19 20
9 0 16 1 21 7 15 9 24 10 17 13 24 15 12 16 23 18 14
8
2 12 0.0015
4 12 0.0015
4 13 0.0019
11 8 0.0024000000000000002
7 9 0.0023
9 2 0.0019
2 5 0.0018000000000000002
16 8 0.002
32
17 7 0.0012000000000000001 0.1042482011839016
3 18 0.0017000000000000001 0.1096810753034676
0 7 0.0017000000000000001 0.11756340095428681
4 6 0.0024000000000000002 0.14636264117305067
13 14 0.0024000000000000002 0.13245995819073805
5 13 0.0016 0.10331095180652237
12 17 0.0024000000000000002 0.10698605490456657
19 5 0.0012000000000000001 0.12396731640303707
13 7 0.0015 0.13631850884308883
7 6 0.0012000000000000001 0.1440202278368328
2 5 0.0015 0.13743508471560928
9 8 0.0018000000000000002 0.13791975486073982
15 10 0.0016 0.1437017194455339
1 8 0.0024000000000000002 0.13189882800663932
19 16 0.0017000000000000001 0.10991949636968201
2 12 0.0017000000000000001 0.10509202192173599
4 14 0.0014 0.12666771108439306
14 6 0.0013000000000000002 0.10472854310180249
9 19 0.0013000000000000002 0.13668481894453696
9 5 0.0015 0.1428477854154925
17 7 0.0024000000000000002 0.10093889098474905
17 15 0.0012000000000000001 0.12150340144370124
17 2 0.0021000000000000003 0.14530773672961894
18 0 0.0018000000000000002 0.13746339396294097
11 4 0.0012000000000000001 0.10947989953455535
10 7 0.002 0.10921884566508243
14 2 0.0021000000000000003 0.13783310643452903
10 9 0.0022 0.10925215480051018
10 7 0.0013000000000000002 0.13242319042685607
5 9 0.0019 0.13604514967959241
10 1 0.0023 0.12630509053232147
5 6 0.0012000000000000001 0.12871503301200896
