20
7 1 15 2 15 10 17 12 16 14 13 16 16 19 13
4 3 13 4 13 8 15 9 24
15 0 15 1 23 4 21 5 16 6 22 7 16 9 12 10 13 12 18 13 18 14 19 15 13 16 20 17 15 18 22
16 0 22 1 20 4 15 6 13 7 14 8 16 9 15 10 24 12 20 13 19 14 13 15 21 16 13 17 14 18 19 19 17
15 0 22 1 22 2 16 3 24 5 12 8 12 9 14 10 16 11 17 13 20 14 23 15 22 16 13 18 23 19 22
9 0 21 2 13 8 16 9 20 10 18 12 14 13 18 14 18 18 12
9 0 24 2 16 7 17 9 18 14 14 15 22 16 16 17 22 19 17
18 0 12 1 15 2 12 3 20 4 23 5 17 6 16 8 12 9 17 10 13 11 18 12 19 13 22 14 17 15 20 16 14 17 21 19 15
7 12 24 13 15 14 23 15 18 16 17 17 18 18 18
17 0 17 1 20 2 23 4 22 5 15 7 12 8 22 10 18 11 15 12 14 13 17 14 22 15 23 16 23 17 23 18 14 19 15
8 1 16 2 24 3 15 5 22 7 19 13 19 14 15 16 15
12 0 17 1 20 2 20 4 21 5 22 6 20 8 16 13 16 15 17 16 12 17 23 18 21
17 0 12 1 16 2 21 4 18 5 14 6 17 7 13 8 12 9 17 11 15 13 24 14 19 15 16 16 16 17 19 18 18 19 17
11 3 19 6 14 7 15 8 21 9 19 10 23 11 19 14 12 16 20 17 20 18 24
17 0 21 1 19 2 16 3 20 4 17 5 15 6 19 8 17 9 15 10 19 11 14 12 12 13 23 15 16 16 17 17 21 18 19
11 1 23 3 20 4 16 5 20 7 12 8 16 9 17 11 13 14 21 16 24 17 14
10 3 21 4 12 5 22 6 21 8 22 10 23 11 17 14 24 17 22 19 18
5 4 15 7 19 8 23 9 20 13 22
2 7 16 19 14
8 0 21 2 20 7 14 11 24 15 13 16 21 17 15 18 23
8
3 10 0.0024000000000000002
10 19 0.0023
10 19 0.0017000000000000001
15 1 0.0023
2 7 0.0012000000000000001
4 10 0.0024000000000000002
4 0 0.0014
7 10 0.0018000000000000002
32
15 18 0.0021000000000000003 0.1483956723389649
18 16 0.0021000000000000003 0.13801404051246488
10 15 0.0019 0.11804305914766587
10 4 0.0024000000000000002 0.10880620326494606
16 8 0.0021000000000000003 0.11209555943734435
4 19 0.0022 0.12295442159086814
9 11 0.0016 0.11415652913779055
6 4 0.0013000000000000002 0.12440336342623164
7 10 0.0012000000000000001 0.12807937302099248
1 11 0.0015 0.12291776271900526
6 14 0.0019 0.10314390643329738
16 5 0.0018000000000000002 0.14091545229081648
15 6 0.0015 0.1084226347184932
12 11 0.0019 0.10741611215227584
7 18 0.0019 0.12705314607763898
10 1 0.0019 0.10225337329974715
9 17 0.0017000000000000001 0.10699629955037139
10 2 0.0017000000000000001 0.1406548664360968
7 6 0.0021000000000000003 0.13154968983057772
10 5 0.0018000000000000002 0.12426681744108953
16 0 0.0014 0.12621707936111226
4 1 0.0013000000000000002 0.13372393846499703
9 8 0.0015 0.11111104294030764
0 4 0.0017000000000000001 0.10530545768075521
16 19 0.0013000000000000002 0.14838712171716945
16 4 0.0016 0.11204163242723367
7 0 0.0021000000000000003 0.13258271125895713
2 11 0.0022 0.11120070331677966
12 14 0.0018000000000000002 0.13808689415369735
18 12 0.0019 0.10082485924698051
4 18 0.0013000000000000002 0.12283367479823315
10 5 0.0021000000000000003 0.144487151453754
