20
17 1 22 2 21 3 17 4 12 5 13 6 19 7 16 9 23 10 12 11 13 12 21 13 12 14 13 16 21 17 21 18 21 19 14
3 2 13 10 20 13 20
4 0 12 1 12 17 23 18 17
10 0 16 2 24 4 16 5 21 7 20 8 12 10 19 13 18 17 19 18 18
3 8 17 11 14 12 16
6 3 21 8 22 12 15 14 14 16 18 19 23
3 2 13 5 17 9 14
1 10 19
6 0 22 1 13 7 15 17 20 18 17 19 16
1 4 13
3 2 18 17 16 18 17
5 0 23 7 18 9 14 15 16 18 23
8 0 19 5 17 6 17 7 19 10 15 13 22 14 14 15 21
14 0 16 3 16 4 19 5 23 7 17 8 15 9 16 10 16 11 20 12 17 14 22 16 17 18 13 19 20
7 3 21 4 22 5 15 9 23 16 24 17 24 18 18
6 0 16 2 12 4 17 6 12 17 22 19 18
13 1 12 2 23 6 14 7 13 8 23 9 19 10 12 11 18 12 16 14 20 17 15 18 19 19 22
13 0 24 1 23 5 24 6 12 7 19 11 15 12 23 13 21 14 18 15 24 16 17 18 22 19 12
15 0 13 3 19 4 14 5 18 7 18 8 15 9 19 10 22 11 13 12 13 13 13 14 20 15 21 16 20 17 15
8 5 14 6 23 9 15 12 12 13 13 15 18 17 21 18 16
8
18 0 0.0013000000000000002
16 15 0.0021000000000000003
11 18 0.0013000000000000002
9 2 0.0023
0 14 0.0014
5 18 0.0013000000000000002
13 12 0.0013000000000000002
9 16 0.0013000000000000002
32
19 2 0.0023 0.13320219046395837
13 2 0.0016 0.11931479794808768
10 5 0.0012000000000000001 0.1280751015278287
17 9 0.0019 0.10772319636092162
7 14 0.0024000000000000002 0.13312516529946777
19 15 0.0015 0.1401976831128161
15 7 0.0017000000000000001 0.11325245934993981
14 5 0.0021000000000000003 0.12119874865686549
10 13 0.0022 0.13479722359537963
14 0 0.0018000000000000002 0.10752486187832844
19 13 0.0016 0.11695866097924545
6 0 0.0014 0.1089104265540553
1 3 0.0019 0.13161539475801853
18 16 0.002 0.14557447884845792
16 0 0.0021000000000000003 0.10166864114517117
5 4 0.0021000000000000003 0.1074795729249157
8 13 0.0014 0.11983875318180093
3 19 0.0017000000000000001 0.1316360351590545
15 17 0.0015 0.13843151490455705
19 13 0.0017000000000000001 0.10318575980963053
10 19 0.002 0.14174519941062955
5 14 0.0015 0.11180760488961354
15 7 0.0023 0.11625470018720278
19 7 0.0015 0.10354884812138088
7 14 0.0018000000000000002 0.10677250516231894
13 10 0.0016 0.11646466800119877
16 0 0.0019 0.12026738579137634
18 9 0.0014 0.12873756835865344
2 11 0.0013000000000000002 0.1306568815235248
14 11 0.0017000000000000001 0.11284251497762467
3 14 0.0012000000000000001 0.12774962822627606
18 14 0.0013000000000000002 0.12341082264437991
