20
3 13 23 15 16 17 17
4 2 14 3 13 4 24 16 17
12 1 23 4 19 5 17 6 23 8 24 9 17 10 18 12 12 13 14 14 19 15 19 17 22
9 2 15 4 24 7 20 10 21 11 23 14 14 16 24 18 19 19 14
16 0 15 1 13 2 15 3 12 5 13 7 22 8 15 10 14 11 13 12 13 13 23 14 12 15 22 16 13 17 21 19 22
1 18 16
7 0 16 2 15 9 23 11 20 12 14 13 16 19 15
10 1 14 2 24 4 17 6 12 8 19 11 22 12 18 14 15 18 22 19 13
6 0 19 5 24 7 12 10 24 13 23 19 13
7 0 24 2 20 7 17 10 15 12 12 14 12 17 12
7 0 24 4 20 7 22 8 23 9 19 12 16 14 24
1 18 23
12 1 21 4 16 5 21 7 18 8 13 9 14 10 12 13 13 14 17 15 22 17 18 19 17
7 1 24 2 13 3 16 7 21 10 18 12 13 15 16
5 1 24 6 13 9 17 11 23 13 16
14 0 14 2 18 3 12 4 14 6 23 7 12 8 14 9 14 10 18 11 15 12 24 14 23 16 22 19 19
4 7 12 12 15 13 15 19 17
8 5 23 7 20 10 20 12 14 13 15 14 12 16 15 19 20
11 0 19 1 17 2 18 3 21 4 24 7 18 8 23 10 16 14 18 17 15 19 14
14 1 18 2 18 3 24 4 17 5 12 6 22 8 12 9 23 10 12 12 13 14 22 16 24 17 20 18 20
8
19 13 0.0015
4 9 0.0012000000000000001
4 2 0.0014
9 0 0.002
1 10 0.0023
9 0 0.0015
7 9 0.0024000000000000002
5 13 0.0012000000000000001
32
16 5 0.0014 0.12811152775628196
5 18 0.0016 0.1367177728211188
9 2 0.0019 0.11707465351671975
8 13 0.0019 0.1115843109135156
10 5 0.0021000000000000003 0.1300024895754149
5 7 0.0015 0.13346508249822608
15 0 0.0013000000000000002 0.12669726061260625
1 6 0.0021000000000000003 0.13795778551215496
11 0 0.0022 0.11563611574431833
9 4 0.0021000000000000003 0.11478963874715345
13 17 0.0012000000000000001 0.13283329306962682
15 5 0.0013000000000000002 0.10877414518769488
8 17 0.0014 0.11889154451351039
6 12 0.0019 0.12155005612364556
3 18 0.0021000000000000003 0.14590878537687038
11 18 0.0012000000000000001 0.11198473348866488
18 10 0.0014 0.1046726299185618
15 9 0.0013000000000000002 0.10174757184270106
5 11 0.0024000000000000002 0.13833764501511242
3 9 0.0014 0.13164738272357862
10 2 0.0018000000000000002 0.11802408548551224
3 14 0.0023 0.10347480519742445
5 11 0.0022 0.11799542996071377
14 15 0.0014 0.12786848735514242
5 11 0.0019 0.13802329949607361
4 13 0.0016 0.1412393023878107
9 12 0.0014 0.10088243532740264
6 15 0.0024000000000000002 0.1431945476926091
0 3 0.0024000000000000002 0.14884821270218532
9 14 0.0019 0.1259728801974442
14 5 0.0014 0.12683800257302463
0 8 0.0024000000000000002 0.11173799144900697
