20
16 3 12 4 21 5 18 6 22 7 17 9 17 10 22 11 20 12 19 13 19 14 23 15 15 16 21 17 20 18 15 19 21
7 0 23 6 14 9 13 12 16 13 20 15 22 16 20
2 4 19 18 21
13 0 22 1 22 4 22 6 17 7 23 8 14 10 24 13 17 14 22 15 12 16 16 18 16 19 23
11 0 14 3 23 7 20 9 14 11 12 12 19 13 18 14 14 15 21 17 18 19 21
15 1 13 2 23 3 24 4 17 6 14 7 13 9 17 11 21 13 12 14 12 15 18 16 23 17 18 18 14 19 14
18 0 13 1 13 2 16 3 14 4 24 7 13 8 14 9 13 10 15 11 14 12 17 13 13 14 18 15 15 16 19 17 12 18 18 19 18
12 0 14 3 21 4 13 5 16 8 12 9 24 12 15 13 13 14 19 15 21 16 23 18 17
6 1 21 4 16 7 18 10 14 12 13 19 16
18 0 22 1 17 2 24 3 16 4 20 5 15 7 23 8 22 10 16 11 19 12 20 13 24 14 17 15 17 16 23 17 20 18 19 19 21
15 0 21 1 17 2 19 3 18 6 17 7 15 11 20 12 23 13 20 14 15 15 15 16 18 17 16 18 16 19 21
17 0 15 1 23 4 22 5 14 6 17 7 14 8 24 9 15 10 21 12 14 13 22 14 24 15 19 16 13 17 12 18 22 19 20
12 1 12 2 18 3 23 5 14 7 14 10 18 11 22 13 14 15 14 16 19 18 14 19 18
5 5 17 8 24 14 14 17 18 18 20
13 1 15 2 18 3 24 5 22 6 18 7 16 8 20 9 13 10 18 11 15 12 19 17 24 18 12
16 1 20 2 15 3 22 4 15 5 15 6 21 8 22 9 18 10 12 11 22 13 23 14 16 16 16 17 19 18 14 19 18
6 3 18 7 16 10 23 12 20 14 16 15 16
12 1 19 2 21 3 16 5 12 6 21 8 20 9 23 11 17 13 12 16 23 18 22 19 16
16 0 19 1 21 2 17 4 12 5 14 6 14 7 15 8 12 9 20 11 17 12 23 14 23 15 24 16 19 17 15 19 20
3 7 23 10 24 11 20
8
10 14 0.0017000000000000001
2 15 0.0022
14 9 0.0018000000000000002
4 12 0.0018000000000000002
5 9 0.002
11 6 0.0023
10 17 0.0021000000000000003
17 10 0.0023
32
16 18 0.0022 0.10435691200771892
18 16 0.0024000000000000002 0.14406960078009823
12 0 0.0012000000000000001 0.1253679393044381
18 3 0.0016 0.14953274041776582
6 2 0.0014 0.10970166038200212
12 8 0.0022 0.11503383056128488
8 2 0.0019 0.1487339459645279
3 1 0.0024000000000000002 0.136135671428313
15 1 0.0015 0.12087535228689529
15 10 0.0019 0.1383111729781171
12 18 0.0016 0.12847036427509773
16 8 0.0023 0.12452457563599444
19 14 0.0017000000000000001 0.10875555283423018
17 13 0.0013000000000000002 0.1049577910045863
12 3 0.0015 0.14214384507677516
6 16 0.0012000000000000001 0.1132513969488402
7 17 0.0019 0.11751950355608662
4 1 0.0016 0.13279591431186755
13 15 0.0012000000000000001 0.1323192303828337
14 17 0.0012000000000000001 0.11957339879819226
13 19 0.0021000000000000003 0.1040211571800433
6 4 0.0021000000000000003 0.13603578956259385
6 4 0.002 0.12217640804261784
19 0 0.0013000000000000002 0.11405969901528566
11 16 0.0024000000000000002 0.1402892552234251
11 0 0.0017000000000000001 0.13538193936595475
13 1 0.002 0.1289599320296096
19 16 0.0018000000000000002 0.12523509437265376
16 5 0.0018000000000000002 0.10790736342403054
14 5 0.0016 0.11770294946158176
4 3 0.0012000000000000001 0.10301620998173558
18 14 0.0022 0.1051476425419999
