20
6 3 22 8 18 10 20 12 23 14 14 16 20
16 0 16 2 20 3 22 4 19 5 12 6 22 8 14 9 13 10 13 11 19 12 24 14 17 15 17 16 19 17 12 18 12
15 3 15 4 15 5 22 6 18 7 21 8 22 9 12 10 19 11 21 12 12 13 19 14 13 16 22 18 21 19 21
13 2 23 4 15 6 23 8 23 9 23 10 14 11 12 12 21 13 13 14 12 15 15 16 23 19 12
6 6 14 8 23 9 20 10 15 12 20 17 13
16 0 21 1 18 2 12 3 17 4 20 6 13 8 24 9 18 10 19 11 12 12 13 13 14 14 23 16 13 18 23 19 15
3 2 12 3 15 19 21
18 0 12 1 24 2 20 4 16 5 13 6 17 8 15 9 22 10 18 11 23 12 24 13 22 14 20 15 17 16 14 17 17 18 13 19 19
4 2 24 5 18 10 16 13 24
3 0 12 5 20 13 15
4 2 13 15 23 16 17 17 21
16 0 16 4 13 5 13 6 21 7 13 8 18 9 22 10 13 12 16 13 24 14 22 15 21 16 13 17 17 18 18 19 21
8 5 12 6 18 8 18 11 21 14 21 15 15 16 18 17 19
3 5 24 7 12 14 15
4 6 24 12 16 13 20 15 15
14 0 14 1 23 2 15 3 23 4 19 7 22 8 20 9 24 10 13 11 23 13 23 14 14 16 14 18 19
12 0 20 2 12 3 22 4 21 5 12 6 12 9 20 11 17 12 16 13 20 14 16 17 18
9 1 18 3 19 4 17 7 18 11 14 12 15 13 13 15 14 16 13
8 0 22 1 12 3 13 6 21 7 13 13 15 15 22 16 20
15 0 17 1 24 4 14 5 13 6 23 8 19 9 14 10 20 12 16 13 15 14 14 15 13 16 23 17 12 18 12
8
2 15 0.0014
15 7 0.0016
8 19 0.0019
18 10 0.002
16 8 0.0016
16 6 0.002
14 8 0.0022
9 13 0.0022
32
10 3 0.0013000000000000002 0.11993623571033313
14 3 0.0024000000000000002 0.14750289069300299
13 14 0.0016 0.10732604284056055
15 14 0.0016 0.14513803600296646
14 0 0.0024000000000000002 0.10166251319860681
8 18 0.0016 0.12656267052765535
14 9 0.0018000000000000002 0.12997308780710956
3 9 0.0017000000000000001 0.11420731861175513
1 0 0.0014 0.12755458329761477
6 4 0.002 0.10225055414785542
4 18 0.0015 0.10354345582404938
13 17 0.0017000000000000001 0.12868862351837465
6 10 0.0024000000000000002 0.12763543789172316
13 6 0.0024000000000000002 0.13025685744737572
7 1 0.0022 0.11580918615218798
10 7 0.0022 0.13356893540590514
17 18 0.0013000000000000002 0.14167653903232208
3 19 0.0022 0.12489513599858819
12 2 0.0018000000000000002 0.13924788385052697
13 3 0.0022 0.13002416567905786
15 17 0.0023 0.13721813119833132
15 0 0.0023 0.10648546487377637
2 0 0.0019 0.11044229368016596
4 13 0.0012000000000000001 0.13937550301882856
12 14 0.0015 0.13174782906961638
13 12 0.0021000000000000003 0.10445500094104426
0 16 0.0015 0.12022510249293797
16 9 0.0022 0.1339170383829176
18 16 0.0015 0.14270812816322825
13 0 0.0023 0.1381426933798291
5 14 0.0012000000000000001 0.143123503974867
6 3 0.0015 0.13012484535608923
