20
14 3 20 4 16 5 16 6 12 7 13 9 14 11 16 12 16 13 22 14 18 16 23 17 17 18 16 19 17
11 0 20 5 12 6 20 7 12 8 20 10 19 11 16 12 14 13 24 14 21 16 24
13 0 14 1 18 3 18 5 12 8 13 9 14 11 16 12 22 14 24 15 17 16 24 17 13 19 20
7 1 15 4 13 5 17 6 21 7 24 8 15 18 15
9 0 16 1 19 3 16 8 13 9 22 11 23 15 18 16 18 19 21
9 2 12 9 18 10 20 12 13 13 18 14 20 16 16 17 19 18 21
16 0 15 1 18 2 21 5 16 7 13 8 13 9 13 10 24 11 22 12 23 13 19 15 12 16 16 17 15 18 15 19 13
5 0 24 3 16 4 17 15 21 16 12
16 0 15 2 17 4 12 5 22 6 19 7 14 9 22 10 22 11 23 12 14 13 20 14 15 16 16 17 19 18 13 19 12
9 0 22 1 20 3 15 5 22 6 24 7 16 12 12 18 21 19 22
10 0 21 1 17 2 18 5 21 7 21 12 23 13 19 14 13 16 24 17 17
18 0 24 1 14 2 23 3 22 4 20 5 24 6 23 7 14 8 24 10 16 12 21 13 15 14 12 15 17 16 22 17 19 18 15 19 19
18 0 13 1 22 3 20 4 13 5 17 6 24 7 22 8 18 9 15 10 22 11 21 13 16 14 18 15 15 16 16 17 14 18 21 19 14
1 14 13
4 1 14 11 18 13 12 19 18
3 1 16 6 16 12 13
11 0 15 2 21 4 18 5 17 7 24 9 21 11 16 14 23 15 21 17 13 18 15
13 1 18 2 18 3 14 4 19 5 17 6 16 10 21 12 14 13 17 14 23 15 17 16 18 19 15
4 0 23 3 17 9 22 16 16
2 16 15 17 20
8
1 6 0.0017000000000000001
1 17 0.0019
7 9 0.002
11 18 0.0012000000000000001
2 11 0.0013000000000000002
10 7 0.0024000000000000002
11 3 0.0015
19 0 0.0015
32
2 8 0.0023 0.1378641872328716
12 0 0.0014 0.11711985870328499
16 3 0.0021000000000000003 0.1197566373283111
5 19 0.0015 0.11880888363939236
5 1 0.0019 0.10753840047148429
4 9 0.0021000000000000003 0.1484495667198774
7 15 0.0015 0.1304872494454658
4 14 0.0012000000000000001 0.11831124994244233
9 17 0.0021000000000000003 0.10298721703382097
10 12 0.0013000000000000002 0.14898074801935784
2 11 0.0014 0.1320660377982386
7 16 0.0018000000000000002 0.14136793236870188
3 13 0.0018000000000000002 0.14150648494528714
18 3 0.0022 0.10535616024578247
9 5 0.0024000000000000002 0.11574052214143214
3 19 0.0017000000000000001 0.13765561237230228
6 10 0.0023 0.10882587638272559
1 13 0.0012000000000000001 0.14466947019954135
9 17 0.002 0.14584006552925313
19 15 0.0023 0.12182403007727634
19 17 0.0024000000000000002 0.1032476373482507
18 5 0.0017000000000000001 0.1226781879686016
9 8 0.0019 0.1149672421669018
9 1 0.0015 0.12307353609574134
2 4 0.002 0.1430945839186155
15 3 0.0016 0.12182174645698325
15 4 0.002 0.12128825931393648
16 19 0.0019 0.11580659878251251
2 14 0.0017000000000000001 0.13149779744646886
18 13 0.0018000000000000002 0.10314540831771574
8 16 0.0014 0.1333870953787396
14 8 0.0018000000000000002 0.12665398629121288
