20
5 4 13 7 15 9 23 17 22 18 12
13 2 23 4 18 5 12 6 14 7 13 8 14 9 20 10 18 12 17 13 16 16 22 17 18 19 24
1 16 21
12 1 15 2 12 4 20 5 22 6 13 8 15 11 16 12 20 13 17 16 22 17 15 19 19
18 0 23 1 13 2 24 5 18 6 16 7 17 8 20 9 24 10 12 11 14 12 20 13 16 14 18 15 17 16 16 17 18 18 12 19 24
12 0 14 1 12 3 16 4 23 6 12 8 14 10 17 11 19 12 20 13 20 16 12 18 21
13 1 18 2 20 4 20 7 22 8 22 9 21 10 13 11 20 12 16 13 23 14 12 17 23 18 12
12 0 17 1 20 2 18 3 16 4 19 5 21 6 21 10 14 12 17 14 21 17 16 18 15
17 0 23 1 14 3 19 4 14 5 21 6 19 7 23 9 22 10 24 11 16 12 18 13 17 14 19 15 15 16 19 17 21 19 20
3 2 16 13 17 16 21
2 5 14 8 15
12 0 22 1 22 3 20 6 21 7 12 8 19 9 20 10 17 12 15 13 18 16 23 17 17
6 3 19 4 14 5 23 9 12 11 24 18 19
3 4 20 8 16 19 19
2 5 22 18 13
18 0 12 1 16 2 12 3 24 4 13 5 24 7 24 8 14 9 12 10 19 11 17 12 16 13 18 14 24 16 17 17 19 18 13 19 24
17 0 12 1 12 2 22 3 13 4 24 6 23 7 12 8 24 9 13 10 16 11 16 12 20 13 21 15 23 17 20 18 18 19 13
5 0 24 4 23 6 15 10 23 19 13
12 0 23 1 17 2 13 5 18 6 15 8 21 9 24 13 12 14 24 15 23 16 20 19 13
8 0 23 4 14 6 24 8 22 13 19 15 15 16 14 17 14
8
3 13 0.0024000000000000002
10 13 0.0018000000000000002
5 6 0.0016
0 14 0.0014
2 13 0.0012000000000000001
4 6 0.0016
5 15 0.0017000000000000001
14 1 0.0016
32
1 4 0.0019 0.12839965290908834
16 1 0.0013000000000000002 0.13728329895496427
17 13 0.0014 0.14071005276698476
14 15 0.0019 0.12948009254531823
5 3 0.0016 0.12083440892042849
15 19 0.0016 0.11189440322593246
15 16 0.0015 0.12267665727968942
15 17 0.0012000000000000001 0.10551687764071568
10 12 0.0023 0.10476839592238672
7 9 0.0022 0.1005820181274204
1 19 0.0013000000000000002 0.12366873315636126
10 6 0.0015 0.11667301571006314
4 5 0.0012000000000000001 0.14802784330969598
6 0 0.0012000000000000001 0.11225469678201064
7 15 0.0021000000000000003 0.13968453328044986
5 11 0.0014 0.10754650464204707
14 10 0.0024000000000000002 0.12714199498663628
1 15 0.0015 0.13062933980136193
9 0 0.0022 0.13635890590307326
8 16 0.0012000000000000001 0.10099565886147976
10 19 0.0018000000000000002 0.11442356938725719
18 4 0.0015 0.13313244171321562
11 3 0.0016 0.13098872644616155
18 10 0.0016 0.14019942440985056
2 0 0.0022 0.11115958517463016
3 14 0.0022 0.10818339931933632
13 16 0.0016 0.12788093185400443
7 14 0.0015 0.11547639926772742
17 3 0.0018000000000000002 0.11883166839055212
13 6 0.0023 0.13353853714627337
8 7 0.0022 0.1455805115602005
0 13 0.0013000000000000002 0.12666263634837968
