20
2 5 23 17 13
13 0 15 2 23 3 19 7 20 9 24 10 13 11 23 13 14 14 13 15 14 16 23 17 15 18 16
15 0 20 1 18 4 21 5 22 6 12 7 13 9 20 10 17 11 18 12 24 13 22 14 24 16 23 18 12 19 24
3 6 24 17 20 19 17
18 0 24 1 16 2 21 3 24 5 15 6 18 7 23 8 22 9 21 10 24 12 20 13 17 14 23 15 17 16 21 17 24 18 15 19 20
18 0 21 1 17 2 17 3 13 4 17 6 23 7 23 9 17 10 23 11 13 12 23 13 24 14 21 15 14 16 15 17 13 18 16 19 22
16 1 22 2 14 4 24 5 18 7 19 8 22 10 23 11 22 12 12 13 14 14 22 15 24 16 13 17 21 18 14 19 18
8 0 19 2 18 6 21 10 24 12 13 13 15 14 12 17 22
1 1 24
17 0 24 1 19 2 24 3 19 5 21 6 14 7 24 8 22 10 22 11 20 12 19 14 18 15 12 16 12 17 14 18 24 19 21
10 2 20 4 23 6 17 7 17 8 21 9 22 11 18 12 22 17 20 19 12
13 0 16 1 18 3 22 4 15 5 20 7 21 10 13 12 16 13 14 14 24 15 23 17 17 18 17
6 0 17 1 23 2 21 7 19 16 22 18 23
14 1 22 3 22 5 16 6 21 7 12 8 22 9 21 10 24 11 17 12 15 14 18 15 21 16 22 17 14
18 0 19 1 13 2 20 3 20 4 21 5 24 6 24 7 14 9 24 10 24 11 19 12 15 13 18 15 20 16 23 17 17 18 18 19 20
14 0 24 1 16 2 19 4 21 5 17 6 20 7 13 10 23 12 12 14 20 16 19 17 17 18 13 19 21
18 0 13 1 19 2 22 3 16 4 21 5 14 6 15 7 19 8 21 9 18 10 19 11 14 12 16 13 24 14 18 15 14 17 23 18 15
17 0 15 1 17 3 13 4 21 5 14 6 14 7 22 8 16 9 15 10 19 11 17 12 13 13 17 14 19 16 17 18 14 19 24
15 0 20 2 24 3 17 4 13 6 21 7 20 8 18 10 16 11 18 12 24 13 20 14 14 15 17 16 19 19 19
6 0 23 5 16 6 15 14 20 16 15 18 23
8
13 2 0.0015
16 2 0.002
12 6 0.0019
1 6 0.0021000000000000003
19 1 0.0021000000000000003
2 6 0.0012000000000000001
1 17 0.0021000000000000003
15 8 0.0012000000000000001
32
18 6 0.0022 0.12164696697676995
2 6 0.0013000000000000002 0.11411466457700482
6 7 0.0016 0.11083734174952543
4 16 0.0016 0.12133231309304501
5 4 0.0023 0.14199817822337993
12 18 0.0021000000000000003 0.10254758916201358
14 7 0.0015 0.1132201560743109
15 2 0.0018000000000000002 0.11266477214595201
19 7 0.0022 0.11453864097354081
12 3 0.0019 0.14662199207606336
14 4 0.0022 0.10611928819921038
7 2 0.0022 0.1179192636023615
10 19 0.0016 0.13909313364394826
4 16 0.0017000000000000001 0.12622704818215053
14 2 0.0016 0.11046869643248064
14 3 0.0022 0.11672926382585211
11 9 0.0024000000000000002 0.12098771820382928
12 1 0.0016 0.10815008897567707
6 8 0.0019 0.13909641453824056
10 17 0.0016 0.11960141346851003
19 9 0.0021000000000000003 0.13339530589797108
12 13 0.0012000000000000001 0.12841476541528843
12 8 0.0023 0.12412198273319144
10 1 0.0017000000000000001 0.1480563173531501
12 3 0.0018000000000000002 0.12298932645797793
10 14 0.0023 0.13249569879941642
5 1 0.0019 0.10297828946024945
16 9 0.0022 0.10335591050112566
7 12 0.0015 0.11147383434380477
16 19 0.0018000000000000002 0.13383616065250742
3 0 0.0014 0.13070479835574073
5 10 0.0023 0.12312597685938752
