20
10 2 23 5 13 7 20 8 24 9 22 12 12 13 18 14 13 16 22 19 16
17 2 24 4 20 5 23 6 16 7 20 8 14 9 20 10 14 11 16 12 23 13 17 14 15 15 12 16 16 17 14 18 22 19 14
2 0 19 3 14
7 0 18 5 15 8 23 10 22 12 23 15 12 16 15
14 2 23 3 17 5 20 7 22 8 15 10 13 11 15 12 24 13 15 15 17 16 14 17 15 18 23 19 18
8 3 17 6 12 8 14 9 20 11 12 12 13 13 15 15 19
15 0 21 2 15 3 20 7 14 8 18 9 18 10 19 11 13 12 24 14 17 15 21 16 23 17 21 18 18 19 16
12 0 18 1 14 2 19 4 17 5 15 8 15 9 16 10 19 12 14 14 21 15 20 17 23
3 10 18 12 22 19 23
9 0 13 3 13 4 20 5 17 7 17 10 18 13 19 14 15 19 21
8 0 22 2 22 3 23 5 12 7 21 12 20 17 24 19 23
7 1 21 2 22 9 22 13 19 15 19 18 14 19 13
3 2 19 4 14 6 19
2 8 12 11 16
13 0 23 2 15 3 23 4 12 6 13 7 14 8 13 9 23 10 15 11 21 12 14 18 17 19 21
2 9 22 17 23
18 0 17 1 20 2 13 3 15 4 18 6 21 7 19 8 17 9 22 10 12 11 19 12 15 13 16 14 21 15 14 17 20 18 24 19 17
11 0 19 1 19 2 20 3 21 4 16 5 15 7 22 8 18 11 18 14 13 16 17
8 0 20 3 23 6 13 8 18 11 22 13 13 15 16 16 13
2 5 20 17 14
8
14 18 0.0018000000000000002
11 6 0.0012000000000000001
12 9 0.0015
15 14 0.0017000000000000001
8 17 0.0023
2 6 0.0021000000000000003
11 4 0.0019
13 19 0.0024000000000000002
32
0 7 0.0017000000000000001 0.1420107968440626
15 8 0.0015 0.10842364898452551
0 13 0.0014 0.1134804581282961
8 13 0.0024000000000000002 0.11790238254530998
4 14 0.0024000000000000002 0.11582182011746495
18 5 0.0017000000000000001 0.14235099466897644
12 16 0.0012000000000000001 0.141985567940959
12 11 0.0015 0.12374477988794322
0 12 0.0024000000000000002 0.10837709846179513
4 19 0.0013000000000000002 0.1480848114746104
8 3 0.0016 0.1167035332389319
11 9 0.0013000000000000002 0.12183211173652808
1 2 0.0015 0.12739098640252325
19 16 0.0017000000000000001 0.11458423589264266
6 1 0.0018000000000000002 0.13741558120890482
16 10 0.0024000000000000002 0.10099599046323926
5 2 0.002 0.11541162170853106
3 5 0.0018000000000000002 0.1392411712446574
16 6 0.002 0.14815247656422706
1 7 0.0015 0.14059190961184256
5 13 0.0023 0.13969121920379438
5 0 0.0012000000000000001 0.10434339471317981
16 19 0.0019 0.12804640774899986
8 13 0.0014 0.13877650390507407
14 15 0.0015 0.11039984631150804
9 6 0.0019 0.11465129440903908
14 15 0.0019 0.13151625937952652
11 0 0.0023 0.138298638069166
12 5 0.0022 0.14361700216528428
13 19 0.0024000000000000002 0.10684669058806542
12 2 0.0019 0.1057327226888475
9 16 0.0017000000000000001 0.10272962092446336
