20
14 1 17 2 19 4 14 5 20 6 16 7 20 8 12 10 16 12 20 14 13 16 24 17 17 18 16 19 18
17 0 20 2 13 4 22 5 18 6 17 7 12 8 19 9 23 10 23 11 12 12 17 13 16 14 17 15 16 16 14 18 13 19 19
2 3 22 12 24
9 1 24 4 12 6 12 7 24 8 13 9 13 14 19 17 13 18 17
12 1 18 5 15 6 20 7 15 8 19 11 24 13 12 14 20 16 16 17 21 18 19 19 12
8 0 18 1 18 6 16 7 17 13 15 14 12 18 18 19 17
7 0 24 7 24 10 19 11 15 13 13 17 14 19 13
15 0 14 1 16 2 23 3 19 4 13 5 12 6 21 8 20 9 13 10 12 11 19 12 13 14 21 15 19 17 24
11 0 17 2 20 4 14 5 14 7 14 9 15 11 15 15 12 16 15 17 17 18 20
14 0 14 2 23 3 15 5 20 6 14 7 15 10 22 11 20 12 15 14 14 15 23 16 24 17 13 19 21
14 0 19 1 23 2 15 3 19 4 19 5 14 7 12 11 16 12 18 13 16 14 15 15 18 16 22 17 22
5 5 18 12 14 14 16 15 22 16 24
9 0 14 1 13 3 21 5 18 8 16 9 24 13 23 16 14 17 18
9 0 24 1 20 2 23 6 19 8 19 9 12 14 17 16 16 19 20
4 6 23 10 18 12 22 15 16
3 7 14 9 20 19 13
6 0 20 3 15 7 13 9 12 10 15 19 18
12 1 17 3 23 4 12 7 21 9 24 11 12 13 21 14 14 15 24 16 13 18 22 19 12
12 0 15 1 15 2 23 4 12 5 13 7 14 8 24 9 17 13 19 14 14 17 24 19 21
3 2 24 6 19 14 20
8
18 16 0.0022
0 19 0.0016
14 10 0.0024000000000000002
9 5 0.0024000000000000002
13 3 0.0017000000000000001
5 9 0.002
9 13 0.0014
6 7 0.0013000000000000002
32
7 17 0.0013000000000000002 0.10379490110753263
5 1 0.0022 0.1444302221448697
9 11 0.0013000000000000002 0.11362593453481042
14 6 0.0015 0.142283829424418
13 18 0.0015 0.11397647028827569
6 11 0.0012000000000000001 0.13612237920266412
10 9 0.0021000000000000003 0.11063897554463194
18 4 0.0023 0.12543701730299534
16 3 0.0017000000000000001 0.13338896765404257
10 7 0.0015 0.13523904994743274
4 2 0.0016 0.14775265043737199
13 2 0.0018000000000000002 0.13770530605556403
3 19 0.0012000000000000001 0.11167971532313194
10 13 0.0022 0.11970610886325785
13 0 0.0024000000000000002 0.1160465709474374
18 19 0.0019 0.135027053030989
2 14 0.0013000000000000002 0.14350609704437745
12 19 0.0022 0.14125706995411483
8 18 0.0015 0.10492205229223336
15 5 0.0017000000000000001 0.12429689742347971
6 3 0.0013000000000000002 0.1216874099315062
8 6 0.0021000000000000003 0.11252873881055638
3 1 0.0021000000000000003 0.1264041069846676
15 6 0.0013000000000000002 0.11590904279906887
4 10 0.0022 0.12544817337279043
11 16 0.002 0.13430074842148243
4 13 0.0023 0.11812696936814385
1 0 0.0019 0.13532485830214833
8 18 0.0022 0.11609686335755807
14 15 0.0016 0.10966791353721327
12 19 0.0014 0.11240698020156516
18 17 0.0012000000000000001 0.11245907879185708
