10
31 16 7 18 29 
25 8 15 2 17 
43 14 2 7 
13 32 18 
9 12 26 1 14 2 36 46 
32 18 45 11 
20 34 12 26 1 14 
10 17 29 6 12 36 
49 0 27 
4 1 0 16 10 17 
25
46 37 42 43 44 5 11 7 
12 17 14 15 16 18 
43 44 5 11 7 18 15 9 8 12 10 25 26 13 16 6 17 14 20 19 24 22 33 23 27 31 30 41 28 39 29 35 36 34 32 38 49 
15 18 45 16 19 26 32 22 43 20 28 
18 45 16 19 26 32 
5 12 11 13 1 14 10 41 9 15 18 45 
13 16 6 17 14 20 
9 15 18 45 16 19 26 32 22 43 20 28 
6 17 14 20 19 24 22 33 23 27 31 30 41 28 39 29 35 36 34 32 38 49 40 46 37 42 43 44 
33 23 27 31 30 41 28 39 29 35 36 34 32 38 49 40 46 37 
4 8 2 7 5 12 11 13 1 14 10 41 9 15 18 45 16 19 26 
31 25 36 27 41 32 35 42 34 45 47 1 13 2 
26 31 
46 37 42 43 44 5 11 7 18 15 9 8 12 10 25 26 
35 42 34 45 47 1 13 2 7 3 
1 14 10 41 9 15 18 45 16 19 26 32 22 
19 26 32 22 43 20 28 42 23 27 48 0 6 4 8 2 7 5 12 
12 11 13 1 14 10 41 9 15 18 45 16 19 26 32 22 43 20 28 42 23 27 48 
36 34 32 38 49 40 46 37 42 43 44 5 11 7 18 15 9 8 12 10 25 26 13 16 6 17 14 20 19 21 
48 0 6 4 8 2 7 5 12 11 13 1 14 10 41 9 15 18 45 16 19 26 32 22 43 20 28 42 
8 12 10 25 26 13 16 
5 11 7 18 15 9 8 12 10 25 26 13 16 6 17 14 20 19 24 22 33 23 27 31 
21 19 26 32 22 43 20 28 42 23 27 48 0 6 4 
46 37 
5 11 7 18 15 9 8 12 10 25 26 13 16 6 17 14 20 19 24 22 33 23 27 31 
