10
12 3 2 16 
5 8 
13 0 10 
18 1 
4 19 0 9 
3 2 1 
17 14 
15 7 
13 3 14 
18 0 6 
20
5 3 6 4 
12 10 15 8 16 13 18 9 17 
15 8 16 13 18 9 17 14 0 2 
18 9 17 14 0 2 
0 2 1 5 3 6 4 19 7 11 12 10 15 8 16 13 18 9 17 14 
3 6 0 2 
16 13 18 
12 10 15 8 16 13 18 9 17 14 0 2 1 5 3 6 4 
12 10 15 8 16 13 18 9 17 14 0 2 
18 9 17 14 0 2 1 5 3 
7 11 12 10 15 8 16 13 18 9 17 14 0 2 
16 13 18 9 17 14 0 
13 18 9 17 14 
17 14 0 2 1 5 3 6 4 19 7 11 12 10 15 8 16 13 18 
1 5 3 6 
11 12 10 15 8 16 
11 12 10 15 8 16 13 18 9 17 14 0 2 1 5 
5 3 6 0 
5 3 6 4 19 7 11 12 10 15 8 16 
5 3 6 4 19 7 11 12 10 
