20
16 1 15 2 15 3 17 6 18 7 13 8 21 9 12 10 18 11 12 12 24 13 20 14 15 15 12 16 20 17 19 18 16
3 7 15 8 22 19 13
2 11 24 16 12
4 0 23 2 20 13 12 17 15
6 8 13 9 16 12 12 14 18 16 13 17 13
18 0 15 1 21 3 15 4 13 6 18 7 18 8 13 9 14 10 17 11 12 12 17 13 12 14 23 15 24 16 14 17 13 18 16 19 21
2 3 21 4 19
14 0 14 1 12 2 13 3 23 4 21 5 23 6 17 8 24 9 22 11 13 14 17 15 22 18 14 19 19
12 0 13 1 20 2 22 3 17 5 24 9 18 13 12 14 23 15 21 16 15 17 21 18 13
9 0 15 1 14 3 16 10 14 12 16 16 22 17 16 18 19 19 16
7 0 20 4 22 5 22 12 21 17 23 18 23 19 13
4 0 20 3 21 8 21 9 21
14 2 18 3 19 4 15 5 14 7 13 8 13 9 13 11 16 13 18 15 12 16 23 17 14 18 20 19 15
13 0 23 1 15 2 13 4 22 5 20 6 17 8 22 10 24 12 24 15 23 16 15 17 12 18 17
15 0 12 1 14 2 15 3 15 4 21 7 15 9 22 10 16 11 24 12 23 13 24 15 22 16 19 17 17 19 21
11 0 17 2 19 3 17 4 17 5 22 9 22 11 16 12 23 16 13 18 13 19 23
2 1 12 2 23
17 0 16 1 17 2 19 3 18 4 22 5 22 7 23 8 21 9 20 10 15 11 12 12 15 13 22 14 15 15 19 16 20 19 15
9 2 16 3 17 4 19 5 12 6 12 8 24 11 14 16 14 17 23
12 1 17 3 12 6 17 7 16 8 20 9 18 10 24 12 12 13 23 14 20 16 18 17 22
10
3 12 0.0013000000000000002
13 11 0.0022
6 5 0.0013000000000000002
18 14 0.0021000000000000003
16 8 0.0016
6 13 0.0013000000000000002
19 5 0.0024000000000000002
5 10 0.0019
15 9 0.0013000000000000002
5 15 0.0015
30
7 11 0.0022 0.13633533314092205
17 5 0.0022 0.13943562192748446
7 5 0.0019 0.1094665166344776
16 13 0.0015 0.10862516199135548
12 17 0.0014 0.13910457123831033
14 3 0.0021000000000000003 0.1215568719680502
16 3 0.0018000000000000002 0.14531803730835285
5 4 0.0023 0.11713726771416348
10 5 0.0013000000000000002 0.12931928090092304
17 6 0.0018000000000000002 0.10998142299727232
15 10 0.0015 0.13210270760228063
19 5 0.0019 0.14437814831270085
16 11 0.0014 0.1241138156263755
6 1 0.0012000000000000001 0.11258529155715573
17 8 0.0015 0.12500714882651662
9 19 0.0019 0.12984938979817942
19 16 0.002 0.11962829102656367
17 6 0.0013000000000000002 0.13293428909678548
19 18 0.0016 0.10813459520214529
9 11 0.0014 0.14822849718452769
14 4 0.0022 0.1151560143555682
3 7 0.0015 0.13744893011167086
17 0 0.0016 0.11939567562782778
14 9 0.002 0.10226112600815859
9 16 0.0023 0.11142551179754354
11 0 0.0014 0.13527495535106349
6 9 0.0014 0.1078441902889013
13 17 0.0019 0.1294246639271632
8 19 0.0015 0.13063947001279724
1 8 0.0024000000000000002 0.11046201029804215
