20
2 8 14 11 21
17 0 15 2 19 3 22 4 21 5 15 6 12 7 17 8 22 9 21 10 24 11 22 13 24 14 24 16 12 17 16 18 21 19 17
4 1 18 5 14 8 14 17 20
10 0 18 5 16 6 14 7 24 9 13 10 15 11 21 14 15 17 22 19 19
12 0 14 3 23 5 13 7 21 8 24 9 17 10 12 12 16 13 17 16 18 17 23 18 21
18 0 13 1 21 2 15 3 24 4 23 6 19 7 12 8 14 9 12 10 20 12 21 13 18 14 21 15 15 16 17 17 19 18 22 19 22
18 0 23 2 22 3 22 4 18 5 14 7 19 8 23 9 14 10 12 11 19 12 16 13 13 14 14 15 22 16 20 17 19 18 13 19 18
12 0 15 1 15 2 14 3 24 6 19 8 22 10 18 13 23 16 21 17 17 18 16 19 19
14 1 21 2 19 4 14 5 18 9 22 11 20 12 22 13 20 14 19 15 21 16 13 17 24 18 20 19 13
1 19 23
1 1 18
6 3 16 5 20 9 13 16 15 17 19 18 17
2 14 15 19 22
3 4 15 6 18 11 15
17 0 13 1 18 2 19 3 12 4 18 5 12 6 24 7 21 8 12 9 15 10 17 11 16 12 24 15 16 17 21 18 13 19 12
7 1 23 6 22 9 18 12 21 14 15 17 17 18 15
10 0 21 2 17 6 20 7 18 8 15 9 13 11 24 12 17 13 22 18 20
13 0 23 2 18 3 19 5 12 6 18 7 20 8 18 10 24 12 20 14 16 15 14 18 15 19 14
13 0 21 2 12 4 12 6 17 7 21 8 15 10 12 12 17 13 21 14 16 15 22 17 18 19 24
7 0 17 2 12 5 14 11 15 14 14 15 14 17 17
10
12 0 0.0019
19 6 0.0015
8 5 0.0015
4 18 0.0012000000000000001
5 0 0.0023
19 14 0.0012000000000000001
11 1 0.0014
3 1 0.0016
13 7 0.002
14 3 0.002
30
14 11 0.0022 0.1263535656158872
11 10 0.0023 0.132283556689515
19 7 0.0016 0.13767645152019858
17 12 0.0015 0.14421304544508184
19 13 0.0017000000000000001 0.11375496766920246
12 4 0.0022 0.1476936253840239
11 17 0.0018000000000000002 0.10125882290083818
0 13 0.0023 0.1220888350412698
1 14 0.0013000000000000002 0.11990018200555597
9 13 0.0012000000000000001 0.12209713897838458
9 10 0.0024000000000000002 0.13115095515912287
1 5 0.0013000000000000002 0.11756639081833067
4 15 0.0012000000000000001 0.10563122149038628
17 9 0.002 0.12103766923003956
8 18 0.0015 0.1054766583723983
13 12 0.0012000000000000001 0.1143452484759274
6 2 0.0023 0.11912307234085595
17 3 0.0021000000000000003 0.12902819963591097
1 15 0.0023 0.1374202818241275
14 11 0.0022 0.1112752232921725
14 2 0.0018000000000000002 0.14990388867908538
1 15 0.0016 0.11831182437681911
4 19 0.0012000000000000001 0.10585122716466239
4 13 0.0016 0.13092852605285865
2 19 0.0014 0.11679650396177521
5 14 0.0018000000000000002 0.1404541557099786
17 14 0.0017000000000000001 0.13750927722176515
4 1 0.0017000000000000001 0.11959949535627355
12 3 0.0023 0.14782288924334816
7 9 0.0021000000000000003 0.12508573815882626
