20
9 1 13 5 22 7 13 9 20 10 24 14 15 15 14 16 14 18 16
2 0 13 9 19
2 14 21 16 17
9 1 22 2 21 6 17 9 15 10 17 11 18 13 12 15 15 18 20
2 8 15 14 23
8 3 20 4 22 6 15 7 24 12 22 15 14 16 20 18 20
10 0 12 3 24 4 18 5 24 7 12 11 20 13 12 14 14 15 21 16 21
18 0 22 1 21 2 13 3 15 4 12 5 24 6 21 8 24 9 20 10 12 11 13 12 24 13 20 15 24 16 17 17 21 18 12 19 12
11 0 22 2 12 3 16 6 14 7 17 9 17 10 15 13 21 14 19 17 23 19 15
4 1 12 6 16 7 21 14 21
8 3 17 4 14 6 22 7 15 13 12 14 16 15 20 19 21
7 3 17 4 16 6 15 7 24 12 12 14 17 16 23
14 1 18 2 15 3 13 4 23 8 14 9 22 10 23 11 15 13 14 14 12 15 21 16 21 17 19 18 12
16 0 18 1 23 2 18 4 24 5 17 6 14 7 13 8 15 10 17 11 17 12 24 14 13 15 19 16 20 17 15 19 15
9 0 23 4 23 8 22 10 14 11 20 12 15 15 15 16 21 19 13
3 11 13 12 20 19 18
15 0 17 2 22 3 14 4 23 5 14 6 22 7 17 8 14 10 21 11 16 12 18 13 14 15 15 17 18 18 21
11 0 23 1 20 5 21 6 19 7 23 10 21 13 19 14 20 15 23 16 17 19 20
8 0 20 1 13 2 12 3 12 4 24 8 14 13 22 15 20
1 18 22
10
6 9 0.0017000000000000001
2 14 0.0012000000000000001
1 6 0.0015
14 3 0.0016
19 0 0.0021000000000000003
12 10 0.0021000000000000003
8 7 0.0023
13 0 0.0019
18 7 0.0014
7 3 0.0022
30
2 6 0.0015 0.10328481270644291
14 5 0.0016 0.1271752426876304
10 0 0.0012000000000000001 0.14803174951652384
5 15 0.0018000000000000002 0.10774299729718358
15 5 0.002 0.11340528671548457
17 13 0.0017000000000000001 0.1401669262034558
1 6 0.0014 0.14983931409231083
9 11 0.0012000000000000001 0.14549227727809258
13 10 0.0015 0.14712105797370809
12 5 0.0017000000000000001 0.14938493912907758
9 7 0.0017000000000000001 0.11262283048976564
0 4 0.0022 0.14572977423022881
7 5 0.0018000000000000002 0.12034350832681658
2 17 0.0014 0.11642483582896682
17 5 0.0022 0.1124706697926698
7 4 0.0013000000000000002 0.10696863671533886
8 14 0.0015 0.12550103238602328
5 1 0.0017000000000000001 0.1453451046662694
10 4 0.0021000000000000003 0.11064179048286625
15 16 0.0021000000000000003 0.13604275724462583
9 0 0.0018000000000000002 0.14660225949789074
7 10 0.0013000000000000002 0.10404644199723273
4 2 0.0013000000000000002 0.1441447396387767
17 7 0.0014 0.12940328107303045
4 15 0.0024000000000000002 0.11734061422783548
0 17 0.0012000000000000001 0.10618787726220175
13 9 0.0019 0.10036549245933181
13 12 0.0018000000000000002 0.10923075120992641
15 13 0.0017000000000000001 0.1165502526864689
10 5 0.0019 0.1479564346670037
