20
2 10 15 18 19
16 2 21 3 23 6 23 7 23 8 15 9 17 10 24 11 24 12 15 13 22 14 20 15 21 16 21 17 23 18 16 19 24
8 5 23 7 18 10 18 11 14 14 15 16 15 17 14 18 19
17 1 20 2 16 5 24 6 14 7 24 8 19 9 22 10 15 11 17 12 19 13 23 14 24 15 13 16 23 17 15 18 24 19 16
18 0 24 1 18 2 19 3 16 5 22 6 13 7 23 8 20 9 15 10 13 11 17 12 14 13 13 15 12 16 24 17 12 18 18 19 19
15 0 12 1 14 2 16 4 13 6 22 7 24 9 23 10 20 11 17 12 21 14 18 15 23 17 15 18 16 19 13
3 2 24 10 13 12 13
2 1 13 8 24
15 1 20 2 23 3 19 4 24 5 14 6 19 7 15 9 24 10 22 12 13 13 23 15 22 16 19 17 23 18 19
9 0 17 1 24 2 12 3 17 4 13 6 12 8 12 13 17 16 19
17 0 14 1 17 2 23 3 21 4 23 5 22 6 16 7 13 8 21 9 14 11 15 12 12 13 23 14 21 16 22 17 13 18 12
15 1 22 2 15 3 19 4 17 5 16 6 17 7 19 8 19 9 17 10 22 12 12 13 21 14 13 18 20 19 24
16 0 24 1 22 2 19 3 20 4 17 5 17 6 14 7 13 9 14 10 22 11 20 13 18 15 22 16 20 18 21 19 18
16 0 16 1 17 2 14 3 22 4 14 5 18 6 20 7 16 8 24 10 18 11 16 12 23 14 13 15 12 18 23 19 16
5 1 14 4 15 10 15 11 23 19 15
8 3 20 4 23 7 12 9 24 10 16 11 14 13 22 16 12
3 6 24 14 14 18 12
7 1 24 10 19 13 14 14 14 15 23 18 15 19 22
14 0 16 1 15 2 20 3 14 4 14 6 24 7 13 8 17 10 20 11 20 12 20 14 13 15 21 16 19
7 4 20 6 20 7 21 8 22 13 13 15 21 16 19
10
0 7 0.0018000000000000002
13 5 0.0012000000000000001
3 19 0.0021000000000000003
9 5 0.0022
11 1 0.0012000000000000001
13 16 0.0015
2 1 0.0016
14 16 0.0017000000000000001
9 0 0.0013000000000000002
0 12 0.0019
30
13 11 0.0018000000000000002 0.13137821680026524
13 17 0.0018000000000000002 0.13137913855851427
5 3 0.0021000000000000003 0.13315599801283798
9 10 0.0017000000000000001 0.1497420633730324
1 12 0.0016 0.13888938159860265
4 12 0.0024000000000000002 0.1360450468243486
8 16 0.0013000000000000002 0.10930767641383222
5 4 0.0016 0.1033923784821239
9 3 0.0012000000000000001 0.1433458504336215
5 7 0.0018000000000000002 0.10443825310969826
16 19 0.0017000000000000001 0.1190622503798942
13 9 0.0023 0.1302542232874594
0 7 0.0014 0.10942710202035782
9 2 0.0017000000000000001 0.12417940504919522
1 2 0.0021000000000000003 0.1412533781506059
1 3 0.0019 0.13959969372602515
3 11 0.0014 0.14860124194904123
18 16 0.0015 0.1017937921183074
13 19 0.0024000000000000002 0.10308805026527484
8 14 0.0013000000000000002 0.12466912347718931
16 18 0.0019 0.11942272026329973
4 19 0.002 0.1026790683596847
18 3 0.0022 0.1433526406145962
4 8 0.0019 0.1290001080585184
5 17 0.0018000000000000002 0.14581382959527384
12 0 0.0021000000000000003 0.11958109193579129
14 6 0.0019 0.13079853257490315
15 5 0.0016 0.10818393451351836
1 16 0.0018000000000000002 0.14590141566379758
10 8 0.0016 0.13020154567367656
