20
18 1 13 2 23 4 21 5 18 6 20 7 23 8 20 9 17 10 20 11 15 12 15 13 17 14 16 15 18 16 24 17 17 18 19 19 20
14 0 20 3 18 4 12 7 21 8 23 9 16 10 23 11 24 12 19 14 19 15 20 17 13 18 17 19 23
8 3 13 4 20 6 12 10 21 11 24 14 12 15 17 19 13
2 8 22 15 21
15 0 16 1 15 2 22 3 19 5 20 7 20 9 16 10 24 11 22 13 15 14 19 15 18 16 24 18 24 19 18
10 0 19 1 13 6 20 9 12 10 17 11 12 13 18 14 22 16 15 17 16
15 0 16 1 12 2 20 3 18 4 21 5 23 7 23 8 14 10 19 11 21 12 19 13 19 17 16 18 22 19 22
7 2 24 10 24 11 14 13 23 16 15 18 22 19 18
7 0 17 1 14 3 23 4 23 11 12 14 18 19 13
16 1 18 2 21 3 21 4 21 5 24 6 12 7 16 10 16 11 13 12 12 13 21 14 22 16 20 17 17 18 22 19 19
18 0 13 1 12 2 20 3 19 4 23 5 15 6 17 7 21 8 16 9 24 11 20 12 16 13 24 15 18 16 13 17 14 18 23 19 12
14 0 19 1 15 2 15 3 16 5 17 6 13 7 15 9 15 10 22 12 12 14 24 16 19 17 21 19 15
9 1 17 3 22 7 24 8 17 9 22 10 14 15 21 16 19 18 24
5 4 17 10 17 15 20 16 15 18 13
11 1 16 2 23 3 21 4 20 6 18 8 12 12 20 16 24 17 19 18 18 19 21
7 2 15 7 21 11 13 14 14 16 24 17 21 19 17
9 3 24 5 12 7 22 9 21 10 15 13 21 14 22 18 18 19 15
17 0 14 1 14 2 16 3 23 4 16 5 17 6 22 7 12 8 21 11 20 12 14 13 21 14 23 15 15 16 21 18 21 19 12
2 0 21 13 15
10 3 22 4 20 6 20 8 14 10 14 13 23 14 12 15 20 16 20 17 17
10
16 9 0.0012000000000000001
0 11 0.0018000000000000002
10 8 0.002
11 16 0.0012000000000000001
19 13 0.0023
3 9 0.0016
5 1 0.0018000000000000002
14 6 0.0021000000000000003
16 6 0.002
5 18 0.0022
30
17 6 0.0012000000000000001 0.13675274966772694
16 0 0.0018000000000000002 0.12554812250769262
5 7 0.0023 0.14699015072746666
5 3 0.0012000000000000001 0.10759065160243836
15 11 0.0012000000000000001 0.11127292230470019
15 2 0.0015 0.11451253998803558
7 1 0.0023 0.11272613151247603
19 14 0.0015 0.10865226198236573
2 3 0.0015 0.14131325170538928
18 8 0.0022 0.11496471208830153
4 2 0.0023 0.1201176578136515
16 19 0.0023 0.12100695955189718
0 1 0.0014 0.11892005352931403
6 4 0.0016 0.1450359544807305
16 2 0.0016 0.13123436887624768
18 9 0.0019 0.10774947262846647
9 11 0.0016 0.1468759403335449
1 19 0.0015 0.14195904341946666
19 1 0.0012000000000000001 0.1322269354994715
1 17 0.0013000000000000002 0.10767953178002733
8 19 0.0014 0.14606076099997567
1 5 0.002 0.12846959329964402
10 7 0.0023 0.13948260196991977
18 5 0.0018000000000000002 0.11137014597851799
13 0 0.0015 0.12185959030135074
14 7 0.002 0.11730755667495636
3 2 0.0019 0.1286996469774465
18 4 0.0012000000000000001 0.14297394030523444
13 7 0.0014 0.14699624921438104
4 0 0.0014 0.12375995915716345
