20
10 4 20 5 14 6 22 8 21 11 15 12 13 14 13 15 18 16 16 17 15
13 2 21 4 16 6 16 8 13 9 20 10 22 11 16 12 15 14 22 15 18 16 24 17 22 19 19
4 1 16 5 20 8 24 14 21
6 0 15 6 24 7 23 10 22 11 15 17 15
3 13 15 15 15 16 15
17 0 16 1 23 2 24 4 14 6 18 7 12 8 17 9 24 10 21 11 16 12 23 13 17 14 14 15 17 16 23 18 23 19 19
9 0 22 2 15 3 20 4 17 7 19 8 16 11 24 13 19 15 18
9 0 20 2 16 3 23 4 20 6 17 10 15 12 19 15 22 18 21
5 3 24 4 14 10 17 13 13 16 22
7 2 22 3 14 4 14 11 21 14 15 17 16 18 24
15 0 24 3 22 4 14 5 23 6 22 7 19 9 18 11 18 12 13 13 17 15 20 16 22 17 14 18 23 19 23
13 0 23 3 12 5 16 6 21 9 22 10 16 13 22 14 12 15 18 16 17 17 19 18 12 19 23
7 1 23 4 17 11 13 13 18 15 13 16 21 19 19
15 0 15 1 21 2 19 3 24 4 16 5 16 6 18 8 12 9 15 10 17 12 24 15 20 16 17 17 18 19 21
6 1 15 5 13 7 24 17 16 18 24 19 24
5 5 15 8 14 9 13 11 23 18 20
10 1 19 5 17 6 19 7 14 11 24 12 23 14 12 15 14 17 16 19 17
18 1 14 2 23 3 14 4 20 5 20 6 14 7 15 8 21 9 23 10 16 11 24 12 13 13 19 14 22 15 21 16 19 18 23 19 21
14 0 12 3 22 4 15 5 24 7 19 9 15 10 19 11 18 12 22 13 16 14 21 16 21 17 21 19 20
16 0 14 1 12 2 16 3 22 5 19 7 23 8 12 9 14 10 23 11 18 12 20 14 21 15 16 16 19 17 24 18 21
10
10 11 0.0021000000000000003
0 5 0.002
12 10 0.0016
11 14 0.002
2 13 0.002
12 13 0.0023
2 6 0.0018000000000000002
16 2 0.0016
3 5 0.0015
10 2 0.002
30
4 12 0.0022 0.12219298594026444
13 2 0.0021000000000000003 0.11058934577714193
15 19 0.0014 0.11807024024586041
17 18 0.0019 0.13270761761083444
6 7 0.0018000000000000002 0.14775547212760926
6 13 0.002 0.13835859583552568
2 7 0.0013000000000000002 0.10247865239013626
3 12 0.0017000000000000001 0.14612763558898717
3 0 0.002 0.10192830498630658
1 11 0.0021000000000000003 0.13956364680205102
11 18 0.0019 0.10089710321857491
17 12 0.0017000000000000001 0.10413308181904894
13 1 0.0013000000000000002 0.11977967657581538
19 4 0.0021000000000000003 0.13807215878218237
11 18 0.0015 0.11322129052066772
17 10 0.0021000000000000003 0.1342667556827393
10 18 0.0023 0.1488381264780184
7 5 0.0023 0.1409277094915752
18 7 0.0012000000000000001 0.10106101722049092
19 0 0.0016 0.1413137491330051
1 19 0.0014 0.11684693268565821
6 11 0.0016 0.13321498888267017
3 1 0.0019 0.11282365531177664
16 1 0.0018000000000000002 0.12121634230888864
18 14 0.002 0.12971669898861765
10 7 0.0022 0.10770301814878701
3 12 0.0012000000000000001 0.14229921273284724
6 4 0.0018000000000000002 0.1195478266528428
7 10 0.0019 0.1329182886628589
12 2 0.0015 0.12269523274028399
