20
17 1 13 2 21 3 12 6 17 7 15 8 21 9 12 10 21 11 22 12 15 13 13 14 14 15 14 16 13 17 15 18 15 19 21
15 0 23 2 12 3 12 5 13 6 13 7 15 8 18 9 16 13 23 14 20 15 14 16 14 17 21 18 17 19 16
5 0 18 4 23 5 23 16 12 17 13
17 0 13 1 24 2 18 4 17 6 12 7 17 8 14 9 16 10 22 11 16 13 19 14 19 15 15 16 16 17 17 18 12 19 16
11 0 17 2 17 3 15 5 14 7 23 8 22 10 12 12 23 14 17 15 15 18 15
18 1 19 2 17 3 18 4 23 6 21 7 14 8 16 9 20 10 19 11 13 12 14 13 18 14 22 15 17 16 12 17 15 18 17 19 13
2 3 21 8 20
14 2 18 4 17 5 22 8 12 9 15 11 19 12 16 13 13 14 14 15 12 16 15 17 13 18 21 19 20
17 0 24 1 17 2 16 4 23 5 15 6 19 7 18 10 15 11 22 12 23 13 15 14 14 15 15 16 22 17 23 18 20 19 24
12 0 19 1 23 3 15 5 15 7 24 8 14 10 24 11 13 14 23 15 20 16 20 17 13
7 0 21 11 14 14 17 15 13 16 17 17 22 18 12
3 9 23 12 21 17 21
15 0 22 1 14 3 21 4 14 5 20 6 16 7 18 8 16 9 20 10 23 11 23 13 16 14 17 18 13 19 12
2 2 16 11 12
15 1 12 3 17 4 19 6 13 7 19 8 12 9 22 11 23 12 17 13 12 15 20 16 16 17 16 18 16 19 18
6 2 17 6 21 7 23 10 23 11 19 12 13
6 0 13 1 20 5 16 7 17 12 19 18 17
13 2 18 3 13 5 22 6 13 7 12 8 19 11 15 12 16 14 12 15 13 16 13 18 16 19 24
5 4 18 5 23 13 15 16 13 19 23
10 0 20 1 12 6 23 7 17 10 21 11 18 12 21 15 23 16 17 18 14
10
13 16 0.0019
9 5 0.0019
8 11 0.0023
8 2 0.002
2 3 0.0014
12 4 0.0012000000000000001
18 0 0.0012000000000000001
4 5 0.0014
12 14 0.0016
19 0 0.0024000000000000002
30
6 9 0.0015 0.14513523635529707
18 13 0.002 0.10818466758737627
6 0 0.0018000000000000002 0.10548171068711572
14 2 0.0022 0.11908589463593065
6 11 0.0023 0.10090126408642236
16 10 0.0021000000000000003 0.11150788321241972
14 4 0.0018000000000000002 0.11380960179814052
4 11 0.0013000000000000002 0.1137410700575547
14 17 0.0022 0.11697717062199896
3 8 0.0014 0.1211841051851055
6 4 0.0013000000000000002 0.13867333950805907
9 11 0.0024000000000000002 0.1478151044700568
2 17 0.0023 0.1243790383589156
15 14 0.0012000000000000001 0.1431030531686763
12 5 0.0013000000000000002 0.12184999952683347
5 19 0.0014 0.11949395877582547
18 2 0.0017000000000000001 0.13177049308526734
4 8 0.0014 0.11530014850761258
6 0 0.0015 0.13236439478135942
15 16 0.0012000000000000001 0.12409197967462415
8 19 0.0019 0.12296106756732167
14 1 0.0023 0.10034266405841194
13 1 0.0016 0.1421437335424549
13 12 0.0013000000000000002 0.11172265656594008
13 6 0.0014 0.11162924920341316
4 2 0.0017000000000000001 0.12532094852669245
12 18 0.0013000000000000002 0.14610235567269583
12 16 0.0021000000000000003 0.1483361229085276
2 15 0.0015 0.12322053040649006
7 6 0.0014 0.10499001633514331
