20
8 2 17 3 23 5 17 8 12 13 12 15 19 17 12 18 24
6 2 18 5 18 9 20 10 24 11 13 17 20
6 0 20 6 14 7 12 8 15 15 16 16 12
10 0 24 1 23 4 12 6 14 7 12 8 22 16 16 17 18 18 18 19 12
2 10 20 14 15
1 19 13
3 11 22 14 16 19 22
5 3 14 4 18 8 19 9 14 17 21
11 0 21 4 17 5 17 7 20 9 20 10 23 14 18 15 12 16 15 17 17 18 16
12 1 24 2 14 3 18 4 14 5 21 7 18 8 13 11 14 15 21 16 14 17 16 18 18
16 0 13 1 24 2 22 3 12 5 21 6 15 7 18 8 24 9 24 11 16 12 24 13 22 14 24 17 23 18 18 19 21
8 2 19 4 22 6 23 9 12 12 18 13 12 14 13 16 16
7 1 21 4 14 6 20 10 23 11 16 13 21 18 24
10 0 18 2 23 4 21 6 18 8 22 15 24 16 12 17 24 18 18 19 22
15 1 17 2 22 3 12 4 13 5 24 6 20 7 24 8 17 9 22 10 23 11 12 12 18 13 19 15 22 17 21
8 0 22 1 16 3 16 5 18 9 18 11 12 12 20 17 13
3 0 12 5 22 12 21
7 4 13 5 15 7 23 8 17 15 15 16 12 19 12
15 0 20 1 16 2 20 4 17 6 20 7 12 8 24 10 21 11 23 12 20 13 21 14 18 15 16 16 24 17 24
6 2 14 5 14 6 18 9 20 12 22 17 19
10
8 0 0.0024000000000000002
14 5 0.0024000000000000002
15 11 0.002
2 16 0.002
6 5 0.0016
14 0 0.002
7 17 0.0019
3 2 0.0018000000000000002
11 3 0.0015
19 18 0.0023
30
2 6 0.0018000000000000002 0.11193082568911313
2 0 0.0022 0.12145860348566868
7 15 0.0019 0.11067176626084989
1 19 0.0016 0.1401451090917399
13 5 0.0022 0.1468885644829319
5 12 0.0012000000000000001 0.10649993247891162
11 8 0.0024000000000000002 0.1363977101412257
15 16 0.0018000000000000002 0.11514308091058856
1 11 0.0017000000000000001 0.11934684011300326
19 10 0.0013000000000000002 0.14542800487848057
8 13 0.0015 0.13743573376196502
5 14 0.002 0.13854557267744214
6 14 0.0022 0.1358947786982761
12 17 0.0017000000000000001 0.10067894882132272
13 11 0.0015 0.10824654781328324
10 12 0.0024000000000000002 0.11300328338746266
5 7 0.0021000000000000003 0.10455704191565315
17 8 0.002 0.10568637905523187
17 11 0.0019 0.10672466875315388
19 2 0.0024000000000000002 0.12471002921506412
5 6 0.0017000000000000001 0.14529909089465234
13 8 0.0012000000000000001 0.1196743600761546
7 9 0.0017000000000000001 0.13279631551317767
0 4 0.0018000000000000002 0.14261740080583538
13 6 0.0015 0.11586696674425058
12 9 0.0016 0.10034966854440794
16 6 0.0014 0.14586169801380688
10 11 0.0017000000000000001 0.11529156926040705
9 4 0.0013000000000000002 0.12398891998517358
3 0 0.0021000000000000003 0.13620275974630586
