20
16 1 16 3 16 4 19 5 15 6 19 7 19 8 20 9 21 10 19 11 16 12 21 13 14 14 20 15 14 16 19 17 12
18 0 13 2 17 4 17 5 24 6 14 7 19 8 23 9 13 10 21 11 18 12 15 13 15 14 15 15 17 16 15 17 23 18 24 19 20
10 1 18 4 13 5 15 8 23 10 14 11 16 13 23 16 16 17 14 18 18
7 2 19 6 13 9 22 11 22 12 24 16 24 18 17
11 0 24 1 23 2 23 6 20 7 16 9 14 10 23 14 15 17 15 18 14 19 19
2 11 21 19 12
4 1 13 7 24 10 16 17 16
16 0 13 1 15 2 24 3 20 5 12 6 19 9 17 10 13 12 12 13 19 14 17 15 19 16 18 17 21 18 21 19 22
5 0 23 4 18 7 22 11 13 17 21
7 0 17 3 22 4 16 10 18 15 21 16 18 19 22
3 2 23 8 22 17 24
14 0 17 2 22 4 14 6 19 7 14 8 19 9 20 13 14 14 16 15 24 16 14 17 19 18 18 19 19
16 2 17 3 12 4 12 5 23 7 17 8 18 9 22 10 16 11 12 13 21 14 16 15 14 16 20 17 15 18 22 19 12
3 2 20 3 21 9 16
12 1 23 2 14 3 17 4 13 5 13 6 24 8 23 9 20 11 21 12 19 16 21 18 14
12 3 19 4 19 6 23 7 12 9 23 10 13 12 15 14 24 16 22 17 16 18 16 19 13
1 19 24
12 1 12 3 12 4 12 6 20 8 20 9 14 10 12 12 19 14 17 15 23 18 15 19 16
4 1 12 10 17 14 19 16 16
5 5 20 6 16 8 24 11 19 12 15
10
12 5 0.0016
4 3 0.002
17 10 0.002
5 3 0.0023
0 10 0.0017000000000000001
19 8 0.0015
9 7 0.0013000000000000002
3 7 0.0022
8 14 0.0013000000000000002
18 19 0.0019
30
7 14 0.0013000000000000002 0.10971283153503994
15 11 0.0017000000000000001 0.14399213841686853
10 6 0.0018000000000000002 0.13270940690649885
2 7 0.0022 0.13850592107611845
5 19 0.0023 0.14048607811353572
17 3 0.0019 0.11551141797587959
6 4 0.0014 0.13524275282323847
13 8 0.0013000000000000002 0.12484501085445489
5 12 0.0023 0.10575103899675423
10 13 0.002 0.14294678404999905
5 16 0.0023 0.12126064573519711
0 16 0.002 0.14457147891831612
13 5 0.0021000000000000003 0.13117095622482536
4 2 0.0012000000000000001 0.1287874105686794
15 0 0.0019 0.14909228379949574
1 9 0.0022 0.13044195615668164
1 14 0.0022 0.1290499062467407
12 17 0.0012000000000000001 0.10834829629528667
16 4 0.0018000000000000002 0.1139871632804227
11 10 0.0014 0.1301913704592582
5 18 0.0019 0.10753158831785004
2 9 0.0014 0.10867855257161305
17 1 0.0013000000000000002 0.10863832837736331
13 17 0.0015 0.11129140055228323
0 5 0.0019 0.1419430732494958
17 13 0.0012000000000000001 0.11696230930750033
11 8 0.0019 0.1088929383786686
4 18 0.0013000000000000002 0.11159422449086044
2 11 0.0013000000000000002 0.1434460790770407
7 11 0.0014 0.12214602547489917
