20
15 1 12 2 15 3 12 5 18 6 12 8 21 9 23 10 18 11 12 12 22 13 20 14 16 15 20 16 22 19 22
3 2 23 4 21 15 24
18 0 24 1 14 3 14 4 18 5 13 6 24 7 16 9 22 10 17 11 22 12 18 13 24 14 17 15 20 16 16 17 16 18 14 19 17
10 0 14 1 14 4 21 8 12 9 17 10 24 11 19 12 16 13 16 19 17
6 8 19 9 20 10 15 14 19 16 13 17 16
8 2 24 3 13 4 16 6 18 12 23 14 20 16 23 18 21
14 0 23 1 17 2 15 3 21 4 14 5 17 10 13 11 22 12 13 13 21 14 14 16 14 18 23 19 17
16 0 24 1 22 2 16 3 21 4 22 5 18 6 21 10 16 11 22 12 14 13 15 14 18 16 20 17 19 18 20 19 13
18 0 14 1 20 2 23 3 18 4 12 6 24 7 18 9 16 10 21 11 19 12 19 13 24 14 15 15 22 16 24 17 17 18 19 19 23
9 0 16 4 12 6 21 8 14 10 21 11 21 14 22 18 22 19 16
9 2 19 4 12 5 14 7 22 9 17 12 12 14 24 15 19 16 21
18 0 24 1 13 2 12 3 20 4 12 5 12 6 19 7 24 8 23 9 16 10 16 12 17 14 21 15 22 16 21 17 16 18 18 19 18
16 1 14 2 21 5 16 6 12 7 18 8 15 9 15 10 20 11 14 13 15 14 20 15 23 16 16 17 24 18 16 19 24
7 1 23 4 24 5 13 7 19 8 20 9 17 14 16
7 0 23 2 16 3 18 6 16 16 21 18 17 19 19
18 0 21 1 16 2 15 3 23 4 20 5 24 6 23 7 22 8 16 10 23 11 19 12 12 13 20 14 12 16 22 17 12 18 16 19 16
1 5 15
4 0 22 2 19 5 18 12 19
13 0 14 1 22 3 14 5 17 6 21 7 14 9 15 11 23 12 17 15 17 16 18 17 16 19 21
8 0 20 2 24 3 19 7 16 8 12 9 18 10 12 11 18
10
8 16 0.0018000000000000002
10 0 0.002
2 4 0.0017000000000000001
3 1 0.0017000000000000001
17 18 0.0016
13 0 0.0017000000000000001
19 4 0.0016
12 7 0.0019
19 0 0.0017000000000000001
17 12 0.0017000000000000001
30
11 0 0.0022 0.12213984299948327
14 7 0.0023 0.14371641864620077
17 3 0.0024000000000000002 0.11998704382937496
16 17 0.0022 0.11932659922465993
5 9 0.002 0.13894511119128317
12 8 0.0024000000000000002 0.11124950157834633
15 2 0.0019 0.1396568093140096
19 15 0.0021000000000000003 0.11291145152343669
3 17 0.0023 0.1267515022496882
2 3 0.0014 0.11693739495982168
2 1 0.0021000000000000003 0.1100924669224575
6 9 0.0015 0.11980480519984484
6 1 0.0022 0.1117886185084743
13 6 0.0019 0.1257334922275489
10 13 0.0013000000000000002 0.13536876461802372
7 12 0.0019 0.1463693385984003
18 12 0.0012000000000000001 0.12067719196597522
15 8 0.0018000000000000002 0.12139809980989241
15 5 0.002 0.12401314689650304
18 19 0.0021000000000000003 0.1167414568321996
5 8 0.0016 0.11034198852223996
12 8 0.0023 0.10032797747721943
1 7 0.0022 0.12530341144120336
18 0 0.0021000000000000003 0.10381852549317347
13 0 0.0023 0.11815085492507388
18 12 0.0024000000000000002 0.14311561753239344
5 14 0.0017000000000000001 0.10368584311048577
3 1 0.0022 0.13121349500080737
11 4 0.0018000000000000002 0.10347635939804045
7 3 0.0019 0.1359868548356981
