20
10 1 18 3 24 4 21 5 24 6 21 7 14 11 12 13 21 17 24 19 12
18 0 15 2 19 3 17 4 15 5 15 6 17 7 15 8 14 9 20 10 14 11 22 13 17 14 24 15 13 16 19 17 17 18 20 19 13
18 0 18 1 12 3 18 4 24 5 15 6 22 7 14 8 22 9 18 10 12 11 24 12 14 13 18 14 17 15 13 17 16 18 18 19 24
11 0 14 2 21 4 17 7 12 10 23 11 12 12 15 16 12 17 14 18 24 19 13
2 0 15 11 22
15 0 19 2 23 3 24 4 20 7 13 8 18 9 20 10 20 11 17 12 13 14 24 15 21 16 19 17 19 19 17
7 3 20 5 22 7 16 11 19 14 23 15 15 16 21
13 1 24 2 22 3 16 5 15 8 21 9 13 10 18 13 22 14 20 15 22 16 20 17 19 19 15
17 0 13 1 16 2 19 3 23 4 16 5 17 6 14 7 14 9 16 10 13 11 12 13 24 14 14 15 14 16 14 17 16 18 15
18 0 20 1 16 2 24 3 18 4 24 5 13 6 21 7 16 8 18 10 14 12 13 13 20 14 22 15 17 16 17 17 13 18 24 19 20
12 0 16 3 22 5 23 7 24 8 12 9 17 11 24 14 22 16 23 17 23 18 24 19 19
16 1 15 2 17 3 14 4 13 5 22 6 21 7 20 8 14 9 13 10 16 13 19 14 16 15 24 16 16 18 16 19 22
18 0 21 1 18 2 12 3 15 4 19 5 23 6 19 7 20 8 14 9 24 11 20 13 17 14 17 15 24 16 16 17 24 18 14 19 18
6 1 23 5 17 12 15 16 16 17 22 18 12
10 0 20 3 19 4 13 5 23 6 13 9 14 10 21 13 21 17 14 18 20
15 0 14 1 17 3 18 5 22 6 14 7 22 8 17 9 20 10 17 12 15 13 12 14 12 17 12 18 22 19 21
7 3 15 7 17 8 13 10 22 11 21 12 18 14 15
7 0 19 1 19 2 13 3 21 9 17 13 15 18 12
10 0 20 1 13 2 19 3 18 4 22 5 22 6 17 7 20 8 15 19 19
16 0 20 1 22 2 21 3 18 4 15 6 18 8 20 9 15 10 14 11 15 12 12 13 21 14 19 15 17 16 20 17 16
10
17 15 0.0017000000000000001
7 16 0.0019
10 16 0.0016
8 3 0.0024000000000000002
15 17 0.0013000000000000002
19 12 0.0023
19 4 0.0013000000000000002
16 15 0.0023
6 7 0.0023
8 3 0.0013000000000000002
30
13 9 0.0013000000000000002 0.14233684449888062
4 17 0.0023 0.1097316710204962
8 17 0.0018000000000000002 0.11208339318488673
9 17 0.0016 0.1125711949654121
3 18 0.0017000000000000001 0.14265604142408572
2 5 0.0023 0.12348213956479412
9 1 0.0013000000000000002 0.14957269788721017
10 5 0.0012000000000000001 0.12130866557468331
1 17 0.0014 0.11072174020895367
11 14 0.0016 0.10462283829336098
12 4 0.0024000000000000002 0.11975941225078937
0 5 0.0012000000000000001 0.12050633000044542
4 8 0.0018000000000000002 0.12129962328313647
12 18 0.0019 0.1287006434697105
3 19 0.0013000000000000002 0.11193207826315178
14 5 0.0012000000000000001 0.14964370152351525
11 1 0.0022 0.12407162195559451
10 6 0.0022 0.13816033292142677
9 0 0.0019 0.1462777550766673
15 14 0.0018000000000000002 0.12901589742310493
10 4 0.0022 0.13721810530730938
8 7 0.0024000000000000002 0.1496620233046546
2 10 0.0014 0.11500074134218347
16 17 0.0015 0.1421296277408577
12 10 0.0015 0.13894533025238986
3 7 0.0014 0.12664177974815588
9 7 0.0013000000000000002 0.14938671615021412
19 17 0.0021000000000000003 0.1262456718058758
12 17 0.0022 0.12370405885416655
8 5 0.002 0.12020611683661607
