20
18 1 16 2 12 3 22 4 17 5 15 6 13 7 21 8 14 9 23 10 12 11 23 12 22 14 18 15 14 16 14 17 18 18 19 19 24
18 0 24 2 23 3 19 4 16 5 14 6 19 7 19 8 14 9 16 10 18 12 21 13 22 14 22 15 12 16 23 17 21 18 23 19 17
4 1 12 3 20 8 15 9 13
6 6 20 7 22 9 15 12 19 14 12 16 17
5 1 16 5 16 13 23 15 17 17 21
18 0 18 1 20 2 14 3 12 4 22 6 23 7 22 8 23 9 20 10 23 11 24 12 13 13 12 15 20 16 17 17 24 18 20 19 17
14 0 12 1 24 2 21 4 21 5 17 7 17 8 12 10 22 11 24 12 12 14 19 16 16 18 23 19 20
10 0 24 2 17 4 24 5 19 9 17 11 19 13 20 16 18 18 21 19 13
18 0 17 1 20 2 23 3 17 4 14 5 15 6 19 7 14 9 14 10 17 11 14 12 15 13 14 14 17 15 20 16 23 17 16 19 17
2 14 24 18 13
13 1 23 3 21 4 13 5 15 7 16 9 24 11 12 12 22 13 19 14 24 15 21 16 23 17 18
11 1 12 3 12 4 21 6 14 7 15 8 19 9 23 13 20 15 18 17 16 19 14
2 15 20 17 21
2 8 19 9 22
10 0 13 5 20 7 18 8 14 9 23 10 21 11 13 12 19 16 20 17 23
7 0 15 3 14 7 22 8 20 10 20 11 20 14 20
10 1 20 2 14 3 14 5 22 7 12 8 17 9 19 14 14 15 24 18 17
3 1 14 3 22 13 16
14 1 17 2 13 3 14 4 13 5 19 6 21 7 20 9 13 10 15 11 18 13 13 14 22 16 13 17 13
17 0 17 1 15 2 13 3 18 5 24 6 22 7 21 8 16 9 16 10 17 11 16 12 24 13 19 14 20 15 18 16 21 17 17
10
4 12 0.0018000000000000002
8 5 0.0021000000000000003
2 4 0.0012000000000000001
8 17 0.0015
16 15 0.0017000000000000001
10 16 0.0015
16 11 0.0017000000000000001
16 0 0.0013000000000000002
3 18 0.0017000000000000001
18 8 0.0013000000000000002
30
17 18 0.0023 0.12381373314643829
5 17 0.0023 0.11728420009008965
17 19 0.0023 0.14741275741810947
8 10 0.0018000000000000002 0.10208426307316808
4 0 0.0016 0.11226151732743742
4 13 0.0021000000000000003 0.1318793642298839
19 11 0.0024000000000000002 0.12188162333977942
1 11 0.0022 0.13503051129855448
18 5 0.002 0.10256346359109153
9 6 0.0018000000000000002 0.12301637108239258
9 6 0.0018000000000000002 0.13286629326479202
19 6 0.0013000000000000002 0.13156602278977006
1 14 0.0012000000000000001 0.11920581416461881
11 14 0.002 0.1449587892993654
17 12 0.0017000000000000001 0.109797331176598
19 6 0.0019 0.11587126127880791
18 10 0.0021000000000000003 0.14344128076878265
2 19 0.0016 0.10546714888060153
11 19 0.0012000000000000001 0.12040060709585365
12 2 0.0017000000000000001 0.13595726172689357
5 14 0.0019 0.14500202793122347
14 13 0.0015 0.1227358878211571
4 2 0.0022 0.1206563276653096
9 18 0.0013000000000000002 0.1073633851574795
18 1 0.0022 0.11571449934306738
10 0 0.0018000000000000002 0.14334557884248178
10 9 0.0023 0.13520498654611754
15 8 0.0017000000000000001 0.12434685983062871
18 9 0.0018000000000000002 0.14787693998566176
5 13 0.0014 0.10275310087349603
