20
16 1 19 2 13 3 19 4 24 5 21 6 12 7 14 8 17 9 18 10 20 11 13 13 18 14 15 16 24 17 17 19 23
6 11 20 12 18 14 21 16 18 17 17 18 18
12 0 20 1 20 4 12 5 16 6 19 7 22 12 16 13 16 14 22 17 18 18 16 19 17
1 12 19
10 0 19 1 20 5 19 9 22 10 15 11 21 12 24 16 16 17 20 19 20
9 1 21 2 20 6 20 9 14 11 23 12 17 14 18 15 23 19 19
9 3 21 4 20 9 24 10 21 11 12 12 13 13 19 15 19 19 18
2 13 16 17 24
3 1 17 13 18 15 23
12 0 13 3 17 4 23 5 13 6 20 7 13 8 18 11 18 12 17 13 21 15 21 19 22
6 0 18 1 17 2 18 4 14 14 20 16 18
13 0 16 1 16 2 22 3 17 4 18 5 19 8 18 9 22 14 23 16 16 17 20 18 15 19 16
7 0 15 4 13 6 20 9 23 14 13 15 19 16 17
10 0 15 2 21 3 13 5 19 10 19 14 16 15 12 16 14 18 22 19 21
10 0 24 2 16 3 21 4 12 5 19 6 15 7 12 8 17 9 21 10 19
16 1 22 3 16 4 17 5 20 7 23 8 17 9 19 10 12 11 22 12 21 13 24 14 19 16 20 17 16 18 24 19 21
9 0 19 2 14 3 17 4 12 10 23 12 16 13 21 17 14 19 24
1 4 22
6 2 22 4 21 12 12 13 21 15 23 16 12
12 1 17 5 14 7 20 9 17 10 19 12 18 13 24 14 14 15 15 16 12 17 13 18 19
10
8 1 0.0013000000000000002
6 7 0.0019
10 16 0.0024000000000000002
5 7 0.0017000000000000001
4 14 0.0022
15 13 0.002
4 15 0.0016
5 0 0.0014
7 10 0.0019
18 0 0.0014
30
9 6 0.002 0.12592536109680547
8 15 0.0015 0.11555006046495835
13 19 0.0018000000000000002 0.13310119465663592
10 15 0.0014 0.14347594711592468
6 9 0.002 0.14250409219766053
10 6 0.0013000000000000002 0.1434806437611061
17 5 0.0012000000000000001 0.14005517960814243
11 12 0.0018000000000000002 0.13494871446913898
14 1 0.0017000000000000001 0.12318485578310218
7 18 0.0021000000000000003 0.13680807639751708
2 6 0.002 0.10584605408122053
2 19 0.0021000000000000003 0.12882576978848825
18 14 0.0012000000000000001 0.11783046021381666
17 7 0.0013000000000000002 0.14129082632771087
16 1 0.0023 0.10520346653256962
9 12 0.002 0.14077529400347263
1 9 0.0019 0.1146866944319979
11 16 0.0012000000000000001 0.14092522603807925
16 0 0.0023 0.10258771608660333
13 10 0.0016 0.1214466413149535
5 13 0.0018000000000000002 0.14685205472165364
15 19 0.0018000000000000002 0.11365859994388337
15 5 0.0021000000000000003 0.11334693395129594
2 3 0.0021000000000000003 0.11393577809981201
11 19 0.0024000000000000002 0.13286210684521876
14 1 0.0019 0.14467874211692888
2 5 0.0014 0.13128527571034232
4 13 0.0014 0.12874460136641197
16 2 0.0019 0.14837560240130748
11 8 0.0014 0.13104269602921953
