20
14 1 24 2 18 3 20 4 20 5 19 6 20 7 12 8 24 9 20 11 12 12 18 13 15 14 20 15 13
9 2 18 7 23 10 15 13 16 15 14 16 23 17 24 18 19 19 22
14 0 23 1 12 4 12 5 17 6 24 7 22 8 24 9 13 10 13 11 16 12 16 13 20 14 14 19 22
2 13 20 18 18
12 1 24 2 21 5 22 7 15 10 16 11 20 13 13 14 17 16 21 17 21 18 15 19 23
4 3 20 7 18 8 16 11 23
5 4 17 7 13 9 13 12 20 19 19
4 6 22 13 23 16 12 19 14
8 0 17 4 20 9 22 10 24 11 15 13 20 17 12 19 24
1 12 23
15 0 24 1 20 3 20 4 16 5 18 8 13 9 14 11 18 12 12 13 19 15 16 16 12 17 13 18 19 19 21
15 0 18 1 12 2 15 4 20 5 19 6 12 8 23 9 12 10 15 13 19 14 21 15 23 16 22 17 13 19 20
2 2 23 18 12
3 10 17 11 14 19 20
6 1 16 10 22 13 23 16 21 18 17 19 17
9 1 14 2 20 4 12 8 12 9 19 11 22 13 16 16 13 18 22
9 1 23 2 13 4 12 9 22 11 17 12 15 13 12 18 12 19 16
13 0 20 1 23 4 15 5 17 6 12 9 24 10 17 11 22 12 22 14 19 15 18 18 23 19 23
1 6 22
3 0 12 14 20 18 22
10
7 19 0.0024000000000000002
4 2 0.0013000000000000002
1 11 0.0016
5 16 0.0012000000000000001
16 18 0.0016
10 17 0.0023
12 16 0.0021000000000000003
1 14 0.0016
7 15 0.0019
16 7 0.0023
30
3 16 0.0019 0.10886332495159737
4 17 0.0019 0.14424609680760708
15 7 0.0022 0.14484428640169827
7 11 0.0024000000000000002 0.1247902149690683
14 0 0.002 0.14912798894246962
2 7 0.0022 0.14768368458402525
17 18 0.0022 0.12202408619988106
16 12 0.0013000000000000002 0.10285559677500233
8 16 0.0021000000000000003 0.10463772827570844
5 11 0.0012000000000000001 0.12606865812703746
0 7 0.0019 0.14443278417953304
9 13 0.0022 0.12227979374580561
8 14 0.0013000000000000002 0.1289800692581866
8 13 0.0015 0.11470815719056789
8 16 0.0014 0.12142051468013305
5 10 0.0013000000000000002 0.13865941387952238
12 13 0.0016 0.13290667683228308
8 4 0.0017000000000000001 0.14302494935407695
8 2 0.0014 0.12204676802268925
8 0 0.002 0.14319331762101928
18 19 0.0019 0.12952368511642726
10 7 0.0018000000000000002 0.10045193724786607
19 13 0.0017000000000000001 0.10706901055195342
0 8 0.0018000000000000002 0.14501700358866892
17 1 0.0023 0.14924844500673703
19 10 0.0014 0.11717895010595908
19 18 0.0017000000000000001 0.10763758261643394
18 9 0.0017000000000000001 0.13955437960384115
2 13 0.002 0.13875799458737628
16 17 0.0017000000000000001 0.13896298862158113
