20
16 1 20 2 17 3 12 4 14 5 17 6 22 7 13 8 14 10 20 11 16 12 22 13 17 16 22 17 16 18 15 19 21
3 3 14 9 15 19 14
1 15 12
16 0 24 1 16 2 15 5 22 6 18 7 13 8 16 9 18 11 12 12 14 13 20 14 14 15 21 16 12 17 16 18 14
8 1 17 3 19 6 14 11 21 12 23 16 21 17 17 18 12
14 0 14 1 12 3 24 4 24 6 16 7 23 8 13 9 17 11 14 12 21 13 21 14 13 17 15 19 21
14 1 20 2 19 3 16 4 14 5 18 8 18 12 13 13 16 14 24 15 22 16 16 17 13 18 20 19 16
12 0 19 2 15 3 23 4 20 6 16 9 16 10 21 11 17 14 13 16 17 17 17 19 17
3 4 17 9 15 11 17
1 14 24
5 1 17 9 17 12 20 14 21 19 21
11 1 18 4 21 5 19 8 22 9 13 10 18 12 17 14 21 17 21 18 12 19 19
4 1 14 11 18 13 19 15 20
15 0 14 1 13 2 17 3 17 4 16 5 14 6 14 7 14 8 13 9 15 11 15 12 17 17 15 18 16 19 16
6 0 12 1 24 2 18 7 22 13 23 17 16
1 19 15
13 0 13 1 15 2 21 3 24 4 19 7 23 9 24 10 17 11 23 12 12 13 20 15 22 17 17
9 4 13 6 12 8 23 9 15 10 17 11 16 13 19 16 24 19 18
10 2 23 3 15 4 20 5 15 7 13 8 23 9 16 11 20 12 13 13 20
6 3 19 8 13 10 21 12 15 13 12 14 23
10
14 16 0.0021000000000000003
3 2 0.0014
16 6 0.0018000000000000002
17 8 0.0021000000000000003
15 14 0.0015
7 4 0.0021000000000000003
9 2 0.0019
11 12 0.0012000000000000001
11 9 0.0017000000000000001
9 14 0.0021000000000000003
30
8 7 0.0016 0.14509911361653316
17 10 0.0023 0.13024159787542705
0 13 0.0024000000000000002 0.11706599062563648
1 8 0.0022 0.13005700294354972
7 10 0.0015 0.11238987832369933
11 10 0.0016 0.13592018344686968
3 19 0.0022 0.12729115244779388
1 12 0.002 0.14598011690113485
7 15 0.0023 0.14102359135337114
17 0 0.0014 0.12936791791509947
3 18 0.0021000000000000003 0.14625001648232783
13 10 0.0022 0.13198866884729238
1 6 0.0013000000000000002 0.10302306007984972
4 0 0.0021000000000000003 0.1397981670864324
3 5 0.0015 0.1284056277516171
11 7 0.0018000000000000002 0.1294724898280312
6 3 0.0022 0.1287098347589213
4 5 0.0021000000000000003 0.12444408888380323
5 17 0.0022 0.12368451991461106
6 7 0.0015 0.1482965591610959
4 11 0.0018000000000000002 0.12151088185096631
4 18 0.0022 0.14779132672645673
4 10 0.0013000000000000002 0.13473346487537075
7 8 0.0015 0.1195966448512793
1 3 0.0022 0.14409965800800884
11 16 0.0022 0.14304056540932425
19 8 0.0017000000000000001 0.14955341157479032
11 12 0.0023 0.11138470500134318
10 3 0.0022 0.1073280733545981
17 15 0.0022 0.1374824818629191
