20
14 1 23 3 12 4 19 5 14 7 12 8 16 9 19 11 15 12 12 13 15 15 12 16 18 18 16 19 15
1 19 23
16 0 24 3 13 6 16 7 23 8 15 9 19 10 21 11 16 12 22 13 13 14 14 15 15 16 23 17 12 18 21 19 17
17 0 23 1 21 2 16 4 12 5 19 6 20 7 21 8 16 9 16 10 14 11 15 12 23 13 13 15 15 17 19 18 12 19 20
3 5 15 7 22 12 21
6 6 17 9 20 11 16 13 21 14 16 15 18
3 5 12 8 22 11 18
15 0 22 1 16 4 17 6 16 8 16 9 15 11 12 12 22 13 20 14 21 15 13 16 17 17 22 18 14 19 21
12 2 14 4 19 5 14 7 16 9 14 10 15 11 21 12 19 13 19 14 23 16 16 17 24
3 0 13 8 15 17 20
11 2 13 3 19 4 13 7 21 11 14 14 18 15 17 16 23 17 13 18 20 19 17
14 3 14 4 19 5 18 6 21 7 15 8 14 10 23 12 19 13 23 14 16 15 19 17 21 18 20 19 13
12 2 24 3 20 4 12 5 15 6 16 7 22 8 23 9 16 10 18 14 14 18 12 19 14
11 1 14 2 22 3 16 7 17 8 16 9 15 10 12 15 16 17 23 18 15 19 17
7 0 16 1 23 7 17 9 20 10 15 13 17 19 24
3 7 21 8 21 14 24
17 0 23 1 18 2 24 3 20 4 21 5 19 6 17 7 16 8 23 10 18 11 19 12 18 13 21 15 21 17 18 18 24 19 14
4 6 15 8 23 10 18 11 13
8 1 12 2 16 7 12 9 19 10 19 11 15 14 20 15 17
8 1 19 4 20 7 21 13 16 15 18 16 20 17 16 18 23
10
19 0 0.002
0 3 0.0013000000000000002
1 7 0.002
14 15 0.0013000000000000002
2 19 0.0019
14 1 0.0015
2 18 0.0022
16 11 0.0021000000000000003
16 18 0.0024000000000000002
10 9 0.0016
30
9 3 0.0017000000000000001 0.14299942160383136
14 19 0.0024000000000000002 0.12055664289938939
19 8 0.0012000000000000001 0.14801810613506322
4 7 0.0013000000000000002 0.1318139555387866
12 19 0.0016 0.12629586779129268
1 8 0.0014 0.12078251698894862
15 13 0.0019 0.10890748180653258
19 7 0.0013000000000000002 0.133380157578309
18 13 0.0017000000000000001 0.12165768898598277
8 9 0.0018000000000000002 0.12437989398180246
8 15 0.0015 0.12465802767715087
13 17 0.002 0.1340792303475994
14 3 0.0022 0.1481936199740934
13 18 0.0024000000000000002 0.11823415507486804
13 3 0.0022 0.12103741083826115
16 17 0.0017000000000000001 0.1387050406501156
8 18 0.0017000000000000001 0.13860349522226287
19 8 0.0014 0.12297571691146038
5 2 0.0024000000000000002 0.11492306440637207
18 17 0.0024000000000000002 0.11363310953249925
0 18 0.0016 0.10617625864003513
4 19 0.0012000000000000001 0.10095492828862176
5 19 0.0024000000000000002 0.1344549900391374
10 13 0.0018000000000000002 0.10474794890004085
16 0 0.0022 0.14844315260884627
5 13 0.0013000000000000002 0.1206413689293431
10 18 0.002 0.1363635035966859
11 8 0.0012000000000000001 0.14619829478113838
7 12 0.0014 0.10882152758541677
12 5 0.002 0.1496791596991741
