20
3 1 12 5 22 13 13
5 4 16 9 21 15 12 16 16 19 16
16 0 19 3 16 4 21 5 19 6 14 7 15 8 15 9 13 10 21 12 18 13 19 14 19 16 17 17 16 18 21 19 18
8 4 17 5 14 11 19 13 12 15 12 17 23 18 16 19 17
18 0 12 1 13 2 21 3 16 5 14 7 20 8 13 9 24 10 16 11 15 12 17 13 21 14 13 15 19 16 14 17 19 18 15 19 18
8 0 16 8 16 10 22 11 21 12 12 14 14 16 19 18 17
8 0 19 2 14 7 13 8 14 10 18 11 12 17 19 19 23
15 0 19 1 13 2 15 3 21 4 15 6 13 10 12 11 13 12 18 13 24 15 18 16 14 17 20 18 24 19 14
2 1 17 3 13
5 7 24 12 17 14 21 15 15 18 14
1 16 21
17 0 14 1 23 2 14 3 13 4 17 5 23 6 20 7 21 8 12 9 23 10 20 12 15 13 14 15 17 16 19 18 17 19 12
15 0 13 2 18 3 20 4 21 5 24 7 24 8 12 9 14 10 15 11 20 13 16 14 12 16 14 18 23 19 20
12 2 20 4 14 5 24 6 21 7 17 8 22 9 24 12 12 14 12 15 17 16 22 19 22
4 1 14 10 14 11 14 12 15
11 0 18 1 13 8 21 9 18 11 15 13 12 14 23 16 23 17 23 18 17 19 21
5 2 12 3 17 4 13 12 24 19 14
16 0 15 1 17 2 20 3 24 4 23 5 24 6 15 7 17 10 23 11 22 12 15 14 17 15 15 16 12 18 15 19 19
8 1 18 5 19 8 12 12 17 13 19 14 21 15 15 19 21
13 2 22 3 20 5 24 6 16 7 13 8 17 11 22 12 21 13 21 14 15 15 21 17 24 18 15
10
18 5 0.0018000000000000002
19 9 0.0018000000000000002
13 11 0.0023
9 10 0.0014
8 3 0.0015
0 19 0.002
0 12 0.0019
10 14 0.0014
13 5 0.0017000000000000001
14 7 0.0019
30
11 14 0.0012000000000000001 0.11642673839379108
1 17 0.0012000000000000001 0.1442628146883871
10 4 0.002 0.13949677090472834
11 15 0.0019 0.11746186498543468
1 5 0.0023 0.12866213154604628
16 4 0.0013000000000000002 0.10658744268644846
5 9 0.0023 0.11186174280594036
12 5 0.0024000000000000002 0.11763148201053908
3 17 0.0024000000000000002 0.1417158417418152
3 10 0.0023 0.13993238698987662
18 19 0.002 0.11788645647157336
15 14 0.0014 0.14365751558265455
10 7 0.0015 0.14981843104358755
12 8 0.0023 0.12687442531158324
1 9 0.0012000000000000001 0.14985952296799776
6 18 0.0021000000000000003 0.11763322307958848
17 14 0.0012000000000000001 0.14430761750850324
12 19 0.0017000000000000001 0.13819722820757796
3 9 0.0018000000000000002 0.10482653611302684
14 9 0.0015 0.13990298024786374
0 16 0.0019 0.10376297840482301
12 7 0.0015 0.11281176544264575
1 16 0.0016 0.11513118802477618
2 4 0.0012000000000000001 0.1013556105149894
11 18 0.0021000000000000003 0.12441153706222426
18 19 0.0023 0.12660235351661397
2 19 0.0021000000000000003 0.1396090380595723
3 1 0.0023 0.1338543809846009
14 2 0.0012000000000000001 0.1204848117988306
17 4 0.002 0.10295056003569539
