20
10 1 24 3 12 5 20 6 16 7 16 8 13 9 23 13 18 15 17 18 12
13 0 13 2 22 4 23 6 24 8 22 9 19 10 23 12 23 14 12 15 22 16 13 17 14 18 15
12 0 22 1 13 3 22 4 14 6 13 9 18 13 22 14 21 15 22 16 20 18 18 19 24
8 0 20 4 20 6 16 7 17 8 12 14 19 16 21 19 23
10 1 21 2 21 3 19 6 16 7 20 8 16 10 18 13 15 17 16 18 24
13 0 24 1 20 2 17 4 12 7 24 9 13 10 24 12 16 13 24 16 17 17 19 18 24 19 24
2 11 21 15 18
5 0 14 2 17 11 20 13 13 14 20
16 0 24 1 15 2 20 3 13 4 16 6 23 7 17 9 21 10 15 11 12 12 24 13 19 14 15 17 15 18 20 19 17
7 3 16 7 12 8 24 13 12 14 18 16 21 19 14
11 0 19 1 16 3 17 4 19 5 12 6 15 9 14 11 20 15 20 16 22 17 15
13 0 18 1 18 3 13 4 20 8 22 12 14 13 12 14 15 15 12 16 23 17 15 18 13 19 23
17 0 19 1 18 3 18 4 22 5 24 6 15 8 22 9 17 10 23 11 13 13 14 14 24 15 22 16 20 17 19 18 21 19 14
16 0 17 1 20 3 21 4 18 5 19 6 22 7 24 8 22 9 14 10 13 11 18 12 22 15 20 17 24 18 23 19 18
11 1 18 3 13 4 15 5 20 6 21 7 18 8 21 13 16 16 24 17 17 19 15
4 4 22 6 15 7 22 10 17
10 4 24 5 13 6 24 7 23 8 19 9 24 10 19 11 20 12 22 19 19
14 0 24 1 13 2 18 3 20 4 21 5 12 6 22 7 22 8 13 10 23 12 15 13 19 14 13 15 23
1 9 12
4 6 16 8 21 16 14 17 18
10
8 18 0.0015
19 7 0.0013000000000000002
1 17 0.0021000000000000003
2 19 0.0013000000000000002
14 0 0.0019
10 8 0.0024000000000000002
1 12 0.0018000000000000002
18 15 0.0019
6 2 0.0024000000000000002
5 14 0.0012000000000000001
30
17 9 0.0018000000000000002 0.1199672141517725
4 19 0.0013000000000000002 0.11487544486172421
3 13 0.0021000000000000003 0.12470375785369114
14 7 0.0017000000000000001 0.14549347291895096
14 9 0.0014 0.13294773281023847
12 19 0.0013000000000000002 0.1020833414144729
8 15 0.0021000000000000003 0.14136467861762164
19 3 0.0022 0.1313140110196805
10 15 0.0019 0.12631378221509146
13 15 0.0018000000000000002 0.1496190442505849
18 14 0.0018000000000000002 0.13014398015620238
15 2 0.002 0.10284197678876267
19 6 0.0022 0.1460077610995114
13 6 0.0023 0.12059280255144839
19 10 0.002 0.12733084647155443
0 16 0.002 0.13625288191650106
10 12 0.002 0.12418215840049575
8 5 0.002 0.1376987791191557
18 16 0.0013000000000000002 0.119710325573047
15 12 0.0023 0.11757000324546779
11 19 0.0022 0.14857570479258497
0 2 0.0024000000000000002 0.11764122932022915
7 6 0.0024000000000000002 0.14870299705834267
8 2 0.0022 0.11163316581717682
18 16 0.0023 0.10186317192859994
16 18 0.0022 0.1259558093038993
9 3 0.0018000000000000002 0.1078662439383053
5 12 0.0016 0.12559609670532312
7 9 0.0013000000000000002 0.12066608264639385
12 5 0.0021000000000000003 0.12153858780389179
