20
18 1 15 2 21 3 13 4 18 6 12 7 16 8 16 9 16 10 15 11 14 12 14 13 13 14 20 15 19 16 20 17 24 18 21 19 17
13 2 13 4 12 5 22 6 17 7 19 8 20 10 21 12 24 13 13 14 16 16 15 18 20 19 12
16 0 20 1 14 3 22 4 12 5 22 7 23 8 16 9 24 10 14 11 15 12 21 13 20 14 15 15 13 16 23 19 14
8 1 13 2 16 7 24 13 15 14 14 15 22 16 14 18 12
3 0 13 5 20 8 19
9 0 13 2 23 3 19 4 24 7 24 8 24 12 13 15 19 19 21
3 1 22 13 20 17 12
11 0 14 2 19 3 20 4 21 6 23 8 14 9 18 11 19 13 24 14 23 16 22
15 0 12 3 24 4 24 5 21 6 24 7 20 9 21 11 18 12 18 13 21 14 16 15 18 16 16 18 16 19 12
13 0 18 1 24 5 16 6 15 7 13 10 18 11 20 13 16 14 17 16 18 17 22 18 16 19 15
9 3 12 4 19 5 12 7 23 13 20 15 18 16 16 18 24 19 23
7 0 12 2 23 4 17 6 12 12 24 15 15 17 22
17 0 24 2 21 3 24 4 24 5 24 6 15 7 20 8 15 9 15 10 18 13 16 14 12 15 17 16 12 17 16 18 17 19 13
13 0 19 2 16 3 16 4 23 5 16 6 16 7 18 8 20 9 13 12 17 14 18 16 16 17 20
6 7 14 10 12 11 14 12 23 17 20 18 24
12 0 14 2 19 3 17 4 18 6 22 7 14 8 17 11 19 13 24 14 14 16 21 17 12
5 3 24 7 17 13 18 15 14 18 13
15 0 23 1 13 2 23 3 21 4 23 5 24 6 24 8 17 9 18 10 21 11 13 12 13 13 23 15 16 18 20
18 0 18 1 12 2 12 3 19 4 14 5 16 6 23 7 19 8 19 9 19 10 13 11 20 12 22 13 19 15 16 16 24 17 19 19 22
6 3 14 4 14 5 18 6 24 7 21 15 17
10
18 5 0.0014
7 6 0.0013000000000000002
10 9 0.0015
9 4 0.0024000000000000002
2 7 0.0018000000000000002
13 12 0.0022
8 16 0.0018000000000000002
12 11 0.0016
6 0 0.0021000000000000003
7 5 0.0024000000000000002
30
3 9 0.0014 0.13949436380172947
8 15 0.0023 0.1139034880711139
14 0 0.0015 0.14414342533898714
12 14 0.0012000000000000001 0.13506396255503345
19 5 0.0012000000000000001 0.13020322554738978
2 18 0.0018000000000000002 0.14324313566122335
2 17 0.0017000000000000001 0.10596657240385612
11 12 0.0018000000000000002 0.14924854464870774
14 15 0.0017000000000000001 0.14454975875395762
18 12 0.0024000000000000002 0.1093977932911148
6 0 0.0017000000000000001 0.12356431262726543
0 9 0.0016 0.14284265302652127
12 17 0.0016 0.12445411250032343
12 17 0.0019 0.12958005183825527
8 14 0.0018000000000000002 0.14547979167775796
15 5 0.0023 0.10787612090484
9 0 0.0019 0.13604901802374053
15 16 0.0023 0.13152499049783048
5 19 0.0012000000000000001 0.11672441029090516
14 6 0.0014 0.10991343362096354
0 10 0.0015 0.14998537674989737
2 18 0.0023 0.10217559316922131
15 19 0.0017000000000000001 0.1460102394387865
5 10 0.0013000000000000002 0.13051521326698165
0 1 0.0023 0.11048896581101046
17 13 0.0014 0.11194093001550602
19 9 0.0018000000000000002 0.12877186350302505
6 2 0.002 0.14456977390821518
10 4 0.0012000000000000001 0.10583291679617379
7 15 0.0015 0.11137414347963492
