20
7 2 15 4 18 6 12 10 15 13 23 16 17 17 18
6 0 19 2 19 3 23 4 19 10 24 12 13
4 0 17 4 18 8 20 15 19
12 1 22 2 21 4 17 5 22 6 19 8 21 9 16 10 17 12 13 14 21 16 12 19 24
3 0 24 9 17 18 24
11 0 22 1 19 4 23 8 13 9 12 11 17 13 24 14 22 15 13 17 18 18 16
16 0 15 1 18 3 24 4 24 5 13 7 19 8 21 9 16 10 16 12 23 14 20 15 15 16 23 17 22 18 22 19 12
10 1 16 4 20 6 18 8 13 9 22 10 22 11 14 13 13 17 17 18 17
9 0 12 1 16 3 14 6 13 7 21 9 24 11 12 12 14 17 15
11 0 12 1 23 2 15 4 15 8 24 10 12 11 16 13 22 16 23 18 12 19 22
18 0 19 1 24 2 14 3 13 4 18 5 22 6 17 7 17 8 24 9 12 11 20 12 22 13 24 14 16 15 16 16 12 17 15 19 13
7 1 17 2 20 3 20 10 12 12 15 18 18 19 23
13 0 20 2 12 3 14 5 16 8 18 9 17 10 15 11 24 13 23 15 23 16 15 17 19 18 15
5 3 12 4 24 9 14 15 23 19 24
14 0 22 1 20 2 22 3 17 6 15 8 24 10 14 11 16 12 15 13 23 16 14 17 24 18 24 19 12
15 0 17 1 15 2 15 3 19 4 22 6 24 7 15 8 22 9 20 10 19 13 14 14 21 16 20 18 21 19 12
13 0 22 1 23 2 23 4 22 5 13 6 13 7 18 11 22 12 16 13 23 14 15 18 14 19 15
13 0 20 1 17 2 12 3 18 4 15 6 12 8 12 9 12 10 20 12 14 13 19 16 13 18 21
3 8 13 14 23 17 19
18 0 19 1 22 2 12 3 22 4 19 5 16 6 12 7 15 9 21 10 12 11 14 12 22 13 23 14 21 15 19 16 13 17 12 18 15
4
9 3 0.0024000000000000002
5 13 0.0015
12 14 0.002
10 8 0.0016
16
0 4 0.0012000000000000001 0.130863861287286
8 5 0.0016 0.11891061054496779
18 6 0.0012000000000000001 0.12774916874422063
15 14 0.002 0.1352316887116082
19 0 0.0012000000000000001 0.14068760603046548
7 14 0.002 0.10399407422179392
16 12 0.0021000000000000003 0.14282820078407046
10 18 0.0016 0.1166884623785425
4 7 0.0014 0.11124697436939977
5 12 0.0015 0.10468275106411526
3 14 0.0019 0.11511813225683182
15 11 0.0019 0.11190156313974435
11 9 0.0016 0.13249199212446466
7 2 0.0016 0.1236555935097745
14 2 0.0017000000000000001 0.10843996617339434
18 4 0.0017000000000000001 0.13394327704535108
