20
11 1 23 3 13 5 13 6 17 7 12 10 15 12 24 14 24 17 18 18 24 19 14
8 4 17 5 12 6 22 10 14 14 17 15 21 16 17 17 17
8 4 23 6 23 9 16 10 16 12 18 13 21 15 19 18 18
12 0 20 2 23 4 20 5 22 6 19 7 16 8 17 13 20 14 18 15 18 16 24 19 17
10 1 22 3 14 5 16 6 12 7 21 9 17 10 19 13 14 17 14 19 22
13 0 15 1 18 4 14 6 17 7 17 8 16 9 18 10 18 11 13 15 21 17 19 18 13 19 19
8 5 18 7 22 9 22 10 15 11 19 15 12 16 23 19 23
2 13 17 17 22
11 1 17 2 20 3 16 6 16 7 17 11 23 13 22 14 19 15 24 17 14 19 15
3 2 12 6 22 10 15
6 4 13 5 19 6 24 11 14 12 13 18 22
9 0 23 2 20 5 15 6 12 7 12 8 18 15 16 17 15 19 21
9 2 13 4 17 5 19 6 12 10 13 11 14 13 15 16 18 19 19
3 12 18 14 13 18 24
11 0 22 1 13 4 19 5 15 6 12 11 23 12 22 13 23 15 18 16 15 19 12
18 0 21 1 20 2 21 3 21 4 16 5 12 6 14 7 18 8 22 9 16 11 23 12 17 13 22 14 24 16 24 17 13 18 22 19 19
8 1 19 4 18 5 13 6 23 7 12 8 21 15 18 19 13
15 0 22 1 15 3 20 5 20 6 22 7 21 9 22 10 15 11 12 12 20 13 23 14 20 15 16 18 13 19 15
9 0 19 4 12 5 24 8 15 9 20 11 21 13 19 15 23 17 15
18 1 23 2 15 3 19 4 16 5 13 6 19 7 23 8 16 9 21 10 20 11 15 12 19 13 22 14 13 15 22 16 14 17 12 18 23
4
6 9 0.0017000000000000001
3 4 0.0014
1 10 0.0018000000000000002
3 13 0.0016
16
15 10 0.0015 0.13806947884148468
18 4 0.0016 0.1338897843268108
11 17 0.002 0.10948527145258283
3 13 0.0023 0.1415436250648652
7 12 0.0024000000000000002 0.14667242047368093
7 1 0.0016 0.10474921023315054
17 13 0.0014 0.13264080048135696
12 6 0.0018000000000000002 0.1335447930992929
5 13 0.0017000000000000001 0.1338715247868223
16 0 0.0021000000000000003 0.10539622964964844
18 4 0.0021000000000000003 0.14602548176641933
11 5 0.0024000000000000002 0.140972573717645
7 6 0.0023 0.10596532894537128
17 3 0.002 0.14894023897851225
11 12 0.0021000000000000003 0.1446227062422251
17 5 0.0017000000000000001 0.13757575934090321
