20
1 4 23
14 0 18 2 12 3 12 4 17 5 14 6 14 7 24 8 14 10 15 11 24 12 19 16 16 18 20 19 19
16 0 20 1 22 3 21 4 18 5 24 6 23 7 14 9 14 10 13 11 12 12 22 13 16 15 14 16 23 17 12 18 13
14 0 13 1 14 2 15 4 14 5 17 6 24 9 15 10 15 11 17 13 13 15 15 16 23 18 24 19 21
18 0 19 1 19 2 14 3 21 5 21 6 21 7 14 8 15 9 24 10 12 11 19 12 16 13 16 14 14 15 16 16 24 17 21 19 13
16 0 18 1 21 2 15 3 14 4 16 6 14 7 24 11 18 12 12 13 16 14 14 15 19 16 20 17 17 18 20 19 21
1 5 16
17 0 21 1 13 2 17 3 14 4 17 5 23 6 17 8 21 9 21 10 16 12 22 13 15 14 13 15 17 17 13 18 22 19 17
3 1 16 7 20 17 15
5 8 18 11 13 13 12 16 19 17 15
5 2 13 6 15 7 12 14 15 15 17
5 0 19 2 22 9 21 12 12 16 19
6 2 24 6 17 10 13 14 16 16 20 19 14
12 1 19 2 21 4 23 7 21 9 18 10 20 11 16 12 24 15 18 16 24 17 18 18 24
7 1 23 2 20 6 23 11 20 13 21 17 13 18 21
17 1 15 2 17 4 12 5 17 6 13 7 19 8 14 9 18 10 15 11 17 12 23 13 17 14 21 16 13 17 12 18 19 19 16
18 0 19 1 21 2 13 3 22 4 21 5 17 6 22 7 21 9 16 10 24 11 19 12 13 13 17 14 20 15 16 17 22 18 23 19 18
3 2 17 8 15 13 17
14 0 13 2 21 3 16 5 14 7 18 8 19 9 19 10 19 11 23 13 16 14 21 15 13 16 23 19 19
12 1 12 3 18 4 23 6 14 7 23 10 20 11 15 13 24 14 17 16 23 17 20 18 20
4
11 14 0.0023
4 16 0.0018000000000000002
4 6 0.0017000000000000001
7 8 0.0019
16
8 1 0.0012000000000000001 0.10432839526610052
15 18 0.0021000000000000003 0.14186642756840548
7 18 0.0024000000000000002 0.11825680048276785
5 8 0.002 0.10432472279388756
12 10 0.002 0.10004856905680715
12 0 0.0022 0.12121236992414966
18 12 0.0022 0.11968509666827709
1 9 0.0013000000000000002 0.1313886933441193
9 6 0.0013000000000000002 0.1264710320949065
11 15 0.0012000000000000001 0.13976494514726995
19 9 0.0022 0.10294614862770565
4 5 0.0017000000000000001 0.13001775122401082
2 0 0.0014 0.12497065508798524
14 4 0.0014 0.10146263460110988
6 14 0.0016 0.13178671335207004
4 9 0.0019 0.1404758419335696
