20
9 1 19 6 18 8 15 9 22 11 19 12 22 14 15 15 21 16 19
4 3 22 4 20 14 12 17 13
10 0 15 3 15 4 16 6 17 7 22 8 17 12 24 16 16 17 18 19 21
16 0 16 1 23 4 13 5 18 6 12 7 17 8 14 10 24 11 14 13 22 14 22 15 18 16 24 17 12 18 23 19 21
2 12 22 14 17
2 3 24 12 23
18 0 13 1 22 2 19 3 22 4 17 5 24 7 24 8 21 9 17 10 19 11 18 12 13 13 19 14 18 15 24 16 22 17 19 19 22
16 0 17 1 16 2 16 3 22 5 13 6 22 8 17 9 14 10 15 11 13 12 18 13 19 14 20 15 14 16 24 19 24
14 1 16 2 19 3 15 5 19 6 14 9 24 10 13 11 23 12 15 13 24 14 20 16 21 17 22 19 17
12 0 19 1 24 2 12 3 15 5 14 7 23 8 12 10 21 11 19 12 24 13 12 16 24
10 2 24 3 16 4 23 5 14 8 23 9 13 12 15 15 21 17 14 19 13
14 0 12 1 14 3 18 5 16 7 15 8 24 9 12 10 16 12 23 13 23 14 14 15 13 16 24 19 14
15 0 12 1 20 2 22 4 22 6 22 7 23 8 20 9 13 10 20 11 20 13 16 14 14 15 13 16 14 17 12
17 0 15 1 15 2 18 3 19 4 15 5 22 6 22 7 18 8 21 9 23 11 19 12 14 14 24 15 13 17 12 18 16 19 20
16 0 14 1 22 2 22 3 24 4 12 5 19 6 14 7 14 8 18 10 14 11 16 12 15 13 14 17 18 18 21 19 15
18 0 15 1 17 2 17 3 15 4 17 5 18 6 16 7 14 8 22 10 21 11 18 12 24 13 24 14 15 16 17 17 24 18 20 19 24
12 1 19 2 12 4 21 5 12 7 22 8 18 10 13 11 24 13 20 14 20 17 15 18 17
12 0 18 2 17 3 17 4 13 5 21 6 13 10 13 11 23 13 12 15 21 16 16 19 14
5 7 14 9 13 15 18 16 24 17 18
6 2 16 6 18 8 15 10 14 12 18 17 22
4
17 2 0.0012000000000000001
7 19 0.0017000000000000001
15 0 0.0024000000000000002
3 2 0.0012000000000000001
16
2 13 0.0023 0.10978561333026211
10 11 0.002 0.14892939567918925
18 1 0.0018000000000000002 0.1319902334656935
7 2 0.0022 0.10546369166838596
0 5 0.0021000000000000003 0.11773185685830682
6 19 0.0018000000000000002 0.12754178504899918
13 5 0.0021000000000000003 0.12483714360149874
13 0 0.0016 0.1464940862552069
7 6 0.0015 0.10902562666342624
15 16 0.0021000000000000003 0.10177380861204437
10 19 0.0015 0.10484786862169437
2 4 0.0012000000000000001 0.14005805209132918
17 10 0.0017000000000000001 0.13479069092257778
11 12 0.0023 0.14223843944822348
11 6 0.0023 0.1253785722978426
6 16 0.0016 0.14675918178561603
