20
2 12 18 17 12
1 5 12
11 0 15 1 17 6 18 8 13 9 12 10 14 11 15 12 24 13 12 14 12 18 22
14 1 23 2 21 4 19 6 13 7 15 10 15 11 21 12 15 13 14 14 20 15 13 17 14 18 17 19 21
3 9 19 17 16 18 18
14 1 12 2 13 3 16 4 19 6 13 7 23 8 14 9 23 10 18 11 15 12 23 14 23 17 21 19 12
11 0 23 1 17 3 18 4 18 7 17 8 15 9 20 13 15 14 22 15 23 19 16
18 0 21 1 18 2 15 3 23 4 16 5 12 6 18 8 13 9 15 11 14 12 16 13 17 14 23 15 12 16 24 17 22 18 12 19 18
15 0 16 1 20 3 17 4 22 5 22 6 17 7 16 9 13 10 14 12 21 14 20 15 20 17 20 18 24 19 15
11 0 20 1 24 3 19 4 20 5 19 7 18 8 16 13 12 14 20 16 24 18 22
6 3 18 5 14 9 24 13 17 16 21 18 21
12 2 23 3 19 5 24 6 24 7 18 8 21 9 21 13 16 15 21 17 21 18 17 19 17
4 5 16 8 14 14 18 16 19
15 0 12 1 21 2 23 4 23 5 12 7 21 8 12 9 20 10 18 11 17 12 15 14 14 17 23 18 13 19 23
9 2 21 3 15 4 17 10 16 13 22 15 24 16 18 17 12 18 17
7 1 14 4 20 7 24 11 19 13 21 14 14 16 13
16 0 12 2 15 3 21 4 21 5 17 6 16 9 23 10 18 11 19 12 14 13 23 14 19 15 22 17 17 18 12 19 23
6 1 13 2 13 7 13 8 18 12 22 16 21
14 0 12 1 22 2 12 4 23 5 14 7 24 8 24 10 19 11 16 12 12 13 12 14 24 15 14 17 14
15 0 23 1 23 2 18 3 15 4 12 6 16 8 12 9 24 10 13 13 18 14 22 15 22 16 14 17 14 18 13
4
10 3 0.0019
0 11 0.0019
15 19 0.0014
9 18 0.0015
16
0 1 0.0017000000000000001 0.12952621054757224
19 2 0.0021000000000000003 0.12040455779493495
7 11 0.0021000000000000003 0.13355308876524374
18 4 0.0024000000000000002 0.11919449831780364
8 9 0.002 0.10549260784753477
14 6 0.0014 0.13095745946094223
2 6 0.0024000000000000002 0.10121006049628403
18 10 0.0023 0.13169938594691544
5 10 0.0017000000000000001 0.13933908206734194
12 2 0.002 0.10491264561731914
14 7 0.0023 0.1229397214483762
15 0 0.0023 0.13016233750400813
7 16 0.0021000000000000003 0.11155171668364361
8 7 0.0024000000000000002 0.11725298164279802
5 8 0.0022 0.11624760224735618
5 3 0.0017000000000000001 0.11365941124817726
