20
14 1 15 3 24 4 24 5 17 6 19 8 20 9 19 10 13 11 21 12 13 14 15 16 19 18 20 19 20
16 2 19 3 22 5 12 6 18 7 22 8 13 9 19 10 20 11 19 12 16 13 16 14 12 15 19 16 12 18 17 19 12
11 1 20 3 16 4 13 6 24 7 19 8 21 9 23 11 22 14 21 15 15 16 24
13 0 23 2 13 4 13 5 22 8 12 9 12 10 14 11 17 12 20 14 13 15 22 17 24 19 15
18 0 21 1 12 2 16 3 15 5 24 6 21 7 23 9 21 10 16 11 21 12 21 13 20 14 18 15 20 16 14 17 13 18 22 19 23
4 6 17 7 22 15 21 18 16
7 1 23 4 15 7 21 10 19 14 14 17 22 19 15
17 0 15 1 24 2 24 3 17 4 23 5 19 6 23 10 17 11 21 12 16 13 19 14 22 15 13 16 20 17 17 18 15 19 19
14 0 18 1 13 2 16 3 19 4 13 5 12 7 20 9 22 10 22 11 24 12 24 13 20 18 18 19 16
7 0 22 2 19 8 24 10 23 11 16 14 17 17 24
4 3 16 4 16 12 15 17 20
6 1 12 2 16 4 20 5 14 13 24 17 20
7 0 17 6 19 7 12 10 18 13 20 16 12 17 13
6 1 23 2 23 4 13 10 16 17 17 18 23
18 0 17 1 23 2 22 3 18 4 17 5 19 6 12 7 19 8 18 9 17 10 21 12 19 13 18 15 19 16 17 17 14 18 15 19 24
14 0 20 1 19 2 15 3 13 4 20 5 21 6 23 8 24 9 17 11 18 12 15 17 23 18 13 19 19
3 3 21 9 24 12 14
7 0 23 1 12 9 19 11 16 13 17 15 24 18 12
16 0 14 1 20 2 13 3 20 5 12 7 23 8 14 9 23 10 19 11 23 12 15 13 24 14 15 15 18 16 17 19 21
14 0 15 2 19 4 22 5 12 6 15 7 19 8 23 10 15 11 19 12 21 13 19 14 16 15 13 17 24
4
2 19 0.0023
4 0 0.0015
17 2 0.0016
14 13 0.0024000000000000002
16
7 1 0.0021000000000000003 0.11797610643751455
10 13 0.002 0.1191962694971649
0 16 0.0022 0.10343920717340936
16 12 0.0015 0.1386444113133311
17 18 0.0012000000000000001 0.12998907282863814
4 7 0.0024000000000000002 0.14466485413830962
10 1 0.0024000000000000002 0.13166653686593305
10 3 0.0021000000000000003 0.10609066013427475
5 16 0.0014 0.10839812274292768
17 18 0.0018000000000000002 0.11296484837045362
4 15 0.0021000000000000003 0.1460358758504955
9 15 0.0016 0.1315563561005699
0 2 0.0012000000000000001 0.12497511720977067
13 7 0.0016 0.11861176857143729
4 12 0.0014 0.11837587877630867
6 15 0.0023 0.12931675701042594
