20
3 5 23 10 16 12 12
15 0 21 2 22 3 22 6 24 7 21 8 14 9 15 12 19 13 18 14 22 15 18 16 17 17 22 18 24 19 23
13 0 15 6 23 7 20 8 19 9 16 10 19 13 14 14 22 15 22 16 22 17 12 18 20 19 16
7 0 15 5 15 7 12 9 17 13 18 15 14 19 20
10 0 21 2 18 3 24 5 12 7 19 10 16 13 24 16 20 17 16 18 17
5 2 19 4 18 11 23 13 14 18 23
10 0 21 2 20 5 14 8 17 10 18 13 16 14 24 17 14 18 24 19 13
15 1 22 2 13 3 24 4 20 6 12 8 12 9 22 10 24 11 19 12 17 13 22 14 23 16 21 17 20 19 24
15 0 21 2 20 3 12 4 20 5 24 6 22 7 16 10 12 11 23 13 21 15 15 16 15 17 18 18 13 19 22
18 0 19 1 18 2 19 3 12 4 13 5 22 7 22 8 23 10 12 11 18 12 20 13 22 14 23 15 20 16 14 17 16 18 18 19 24
10 0 20 1 16 2 17 3 22 5 13 8 23 9 22 12 24 17 23 19 13
16 1 23 2 20 3 15 4 21 5 23 6 15 7 23 9 17 10 12 12 20 13 17 14 14 16 23 17 24 18 22 19 12
6 2 19 3 20 7 13 8 15 10 21 11 24
5 9 20 12 21 14 23 15 24 19 14
8 2 20 3 21 4 17 7 23 8 17 11 16 18 24 19 22
15 0 24 1 23 2 19 3 24 4 24 9 23 10 22 11 14 12 13 13 23 14 17 16 20 17 23 18 20 19 13
9 1 24 2 20 4 13 6 12 7 13 11 18 13 16 18 16 19 19
4 0 19 12 13 14 15 19 16
15 0 13 1 19 2 16 3 20 4 13 5 20 7 13 8 13 9 15 11 19 14 24 15 17 16 19 17 16 19 23
2 7 22 9 19
4
3 10 0.0015
12 16 0.0018000000000000002
2 1 0.0017000000000000001
19 1 0.0022
16
16 19 0.0013000000000000002 0.13307325098786893
8 2 0.0012000000000000001 0.11718150462979834
1 3 0.002 0.1053044335536608
5 14 0.0015 0.12928206076556278
16 8 0.0018000000000000002 0.12386153394137399
7 16 0.0024000000000000002 0.10738910730561084
12 1 0.0024000000000000002 0.13066907293867416
11 3 0.0023 0.14708077501216082
0 4 0.0023 0.114876766863868
2 6 0.0021000000000000003 0.12948273315851577
13 18 0.0024000000000000002 0.13865255552713304
12 0 0.002 0.14487240342187463
10 5 0.0022 0.14907240034145658
10 11 0.0022 0.1099761491109243
12 11 0.0022 0.1479609424020642
5 12 0.0017000000000000001 0.1429207548507272
