20
1 16 21
11 0 16 3 13 4 13 5 18 8 21 10 21 11 15 12 17 13 19 15 24 18 13
4 0 15 10 24 11 23 16 23
17 0 15 1 22 2 24 4 21 5 21 6 13 7 21 8 19 9 13 10 18 11 13 12 21 14 16 15 16 17 12 18 15 19 13
8 1 19 3 20 6 15 9 17 13 22 14 13 16 15 17 15
15 0 21 1 15 2 16 3 16 6 18 7 18 8 21 11 16 12 22 14 15 15 19 16 18 17 22 18 18 19 22
4 1 20 4 17 15 22 17 23
2 0 20 6 24
7 0 18 4 18 9 14 11 19 13 24 16 24 17 17
15 0 20 1 14 2 17 3 24 4 17 5 20 6 15 7 15 11 20 12 12 13 15 14 16 15 15 17 17 18 24
1 19 16
17 0 13 1 16 2 12 3 23 4 20 6 20 7 23 8 12 9 13 10 16 12 17 14 18 15 12 16 23 17 17 18 24 19 15
5 0 22 4 23 10 23 17 21 18 22
11 0 16 1 22 2 14 3 14 4 12 6 17 7 23 8 12 12 23 14 24 18 22
5 3 18 5 24 8 24 9 15 11 16
4 8 23 9 12 11 23 19 12
1 3 20
10 0 16 1 17 4 14 5 12 10 21 11 18 12 13 13 17 14 18 19 12
16 0 18 2 23 3 13 4 14 5 14 6 13 8 17 9 15 10 20 12 22 13 14 14 17 15 18 16 21 17 13 19 24
15 0 14 1 19 2 13 3 22 5 19 7 15 8 16 9 19 10 15 11 13 12 22 14 19 15 16 16 17 17 23
4
3 11 0.0019
2 10 0.0024000000000000002
19 7 0.0012000000000000001
9 13 0.0023
16
18 12 0.0015 0.14219682354198754
3 14 0.0021000000000000003 0.10151001540207089
13 15 0.002 0.11971840198707072
10 14 0.0017000000000000001 0.13844707498046013
8 0 0.0019 0.10919181763239513
1 2 0.0013000000000000002 0.13958426937626087
17 10 0.0023 0.14499489485040426
11 19 0.0024000000000000002 0.12103490309481023
3 19 0.0016 0.1054086679941383
15 18 0.0014 0.12727090213788608
2 18 0.0018000000000000002 0.107448167867732
14 13 0.0018000000000000002 0.11207783519036658
1 0 0.0022 0.12873552103980138
17 1 0.0013000000000000002 0.13445569972754806
8 19 0.0015 0.12745073507833088
6 9 0.0014 0.12523937188228235
