20
13 1 20 4 16 6 16 7 18 8 18 9 13 11 17 12 17 13 16 14 22 15 13 16 16 18 17
10 2 20 5 23 6 24 7 17 8 15 9 18 10 22 11 23 13 23 15 13
1 17 20
13 0 15 1 19 4 17 8 22 9 24 10 24 11 14 12 16 13 23 15 16 16 20 17 12 18 16
9 0 16 2 14 5 16 6 23 8 15 11 15 17 19 18 15 19 15
1 13 18
17 0 23 1 23 2 16 3 18 4 14 5 23 7 24 9 20 10 13 11 15 12 20 13 13 14 22 15 12 16 20 17 17 18 19
1 18 23
15 0 24 2 14 3 14 4 19 5 12 6 13 9 20 10 13 11 24 13 12 14 15 16 18 17 14 18 21 19 17
9 1 14 5 12 7 21 11 12 12 23 14 13 15 12 16 20 17 20
5 2 15 12 24 15 24 16 16 17 16
3 4 19 6 16 9 18
1 10 15
3 16 12 17 19 19 17
13 0 22 1 14 2 14 3 23 5 18 6 12 8 12 9 15 11 12 13 17 17 21 18 15 19 16
15 0 19 1 17 2 13 3 18 5 23 6 24 7 15 8 13 10 22 11 20 13 23 14 14 17 18 18 19 19 15
13 2 18 4 18 5 21 6 13 8 23 9 24 10 12 12 21 13 13 14 18 15 19 17 16 19 17
8 1 22 3 17 6 18 10 23 11 18 12 22 13 24 18 17
7 3 17 6 18 7 21 10 16 15 15 16 22 19 16
15 0 15 2 15 3 16 5 21 6 23 7 21 9 13 10 14 12 24 13 24 14 24 15 12 16 21 17 19 18 13
4
3 11 0.0018000000000000002
16 0 0.0021000000000000003
12 3 0.002
6 11 0.0013000000000000002
16
12 6 0.0015 0.13850993354370053
8 4 0.0013000000000000002 0.12233166312840435
14 15 0.002 0.12658181685929445
8 18 0.0023 0.14927803566102996
18 0 0.0022 0.12951846294378147
8 2 0.0015 0.11709425171343604
0 15 0.0019 0.14871409525958648
18 4 0.0017000000000000001 0.1375836415534596
2 18 0.0012000000000000001 0.13791870677561843
1 6 0.0017000000000000001 0.12071319043926738
18 5 0.0016 0.10190011593631672
14 11 0.0018000000000000002 0.11547995990162963
9 10 0.0024000000000000002 0.14396099988366629
17 16 0.0016 0.10362292913299259
18 5 0.0013000000000000002 0.1012079849728782
11 1 0.0023 0.14567363000421552
