20
5 6 15 9 17 12 12 17 20 18 21
13 0 23 4 16 5 15 7 20 10 19 11 22 13 23 14 13 15 13 16 17 17 24 18 12 19 23
2 5 21 14 12
6 0 21 1 19 2 14 7 16 9 22 10 23
7 1 18 3 12 8 22 12 13 13 18 15 16 19 15
9 0 23 6 21 7 14 9 15 13 24 14 12 16 15 17 23 18 17
4 7 21 10 16 12 20 18 16
9 0 24 3 18 5 16 11 18 13 17 15 24 16 20 17 14 19 24
4 9 12 10 13 14 14 16 20
13 1 20 2 21 3 12 5 13 6 14 7 15 8 13 10 17 11 16 14 23 15 20 17 23 19 12
9 1 24 3 12 4 21 5 21 9 12 12 17 15 15 16 14 17 22
11 1 14 2 21 3 13 6 15 7 13 10 14 12 21 13 15 15 24 17 19 19 17
1 8 20
1 6 20
18 0 14 1 22 3 12 4 20 5 21 6 16 7 23 8 13 9 16 10 17 11 24 12 12 13 15 15 23 16 13 17 16 18 23 19 13
2 1 24 11 14
6 2 12 6 18 13 17 14 22 17 23 19 19
15 0 20 2 24 3 24 4 22 5 21 7 21 8 13 9 20 10 24 11 13 12 23 13 18 14 22 16 20 19 18
12 2 12 3 14 4 15 5 12 6 12 7 23 9 15 10 16 11 20 12 21 14 23 17 15
8 0 13 2 24 4 17 5 19 7 18 9 24 14 20 16 12
4
3 14 0.0013000000000000002
17 2 0.0012000000000000001
8 12 0.0023
0 14 0.0021000000000000003
16
13 3 0.002 0.12723973304224706
0 17 0.0013000000000000002 0.11761413705733435
18 9 0.0012000000000000001 0.11801157316554639
3 16 0.0014 0.10663799179163672
6 16 0.0012000000000000001 0.1170904920460015
7 14 0.0019 0.10537379631448596
0 8 0.0023 0.1392322407973236
2 17 0.0014 0.13524289669485387
4 10 0.0012000000000000001 0.12734094088599368
14 1 0.0017000000000000001 0.10473458152410978
11 0 0.0022 0.11260940850496919
8 13 0.0015 0.10548530372202918
6 2 0.0019 0.14490688113151395
5 8 0.0021000000000000003 0.10701523885423606
11 0 0.0023 0.10601748798061454
7 14 0.002 0.13529498053813901
