20
6 2 22 6 13 8 22 12 18 15 19 19 20
16 0 12 2 20 4 18 5 22 6 20 7 13 9 24 10 23 11 24 12 17 13 17 14 18 15 14 16 22 18 12 19 18
4 6 13 12 20 14 23 15 24
11 0 23 2 16 4 20 6 19 8 16 9 22 10 22 14 20 15 23 17 19 18 17
13 0 19 1 21 2 17 6 24 7 16 8 19 9 23 10 24 12 15 13 15 15 20 18 23 19 22
13 1 14 2 23 3 20 7 15 8 22 9 21 10 21 11 15 13 17 15 16 16 13 17 17 18 21
11 1 19 2 18 4 20 5 20 8 13 9 23 10 24 12 20 13 21 16 15 18 12
9 0 20 2 24 5 22 6 21 9 24 10 22 12 12 18 22 19 19
13 0 17 3 12 5 14 6 14 7 20 9 15 11 16 12 23 14 13 15 14 16 19 18 13 19 24
15 0 20 1 20 3 24 4 19 5 21 6 19 8 15 10 17 11 22 12 17 13 15 14 17 16 23 18 17 19 23
9 0 20 2 12 8 21 9 21 11 17 12 17 13 14 14 20 17 19
18 0 21 1 17 2 24 3 20 5 14 6 22 7 18 8 12 9 17 10 15 12 22 13 16 14 24 15 24 16 21 17 24 18 19 19 14
15 0 24 1 24 2 12 3 17 4 14 5 21 6 13 8 24 9 19 10 17 11 15 13 18 16 17 17 19 19 14
11 0 19 2 14 3 22 6 22 9 12 10 13 11 19 12 17 15 24 17 18 19 13
3 2 12 11 17 12 17
2 10 21 12 17
7 3 20 4 18 9 24 11 20 12 15 14 15 18 23
5 1 18 3 18 9 12 13 17 16 23
5 6 17 9 17 10 12 12 15 15 22
18 0 14 1 16 2 20 3 24 4 12 5 24 6 17 7 23 8 24 9 21 10 17 11 23 12 15 13 13 14 13 15 16 16 21 17 12
4
12 6 0.0018000000000000002
4 3 0.0012000000000000001
1 3 0.0024000000000000002
19 14 0.0013000000000000002
16
16 3 0.0016 0.12598974771229424
14 13 0.0019 0.13920221811365574
17 13 0.0013000000000000002 0.12402141497237881
19 4 0.002 0.11208289726780225
17 8 0.0019 0.11978959486663263
2 5 0.0024000000000000002 0.1452737143514142
18 8 0.0022 0.10323234146215758
5 1 0.0012000000000000001 0.1323038855357745
13 15 0.002 0.11219616814478693
0 6 0.0019 0.13935882558332474
0 8 0.0019 0.1041371352432709
15 11 0.0014 0.12063135883927695
17 14 0.0017000000000000001 0.10793473378179273
3 14 0.002 0.14980918535929832
9 7 0.002 0.10259686689535075
13 4 0.0016 0.12297142146591054
