15
5 1 15 5 21 10 14 13 12 14 23
9 2 12 4 23 5 24 6 12 7 14 8 14 11 14 12 18 14 23
2 0 23 3 20
8 4 13 5 24 7 16 10 23 11 17 12 20 13 13 14 21
13 1 17 2 24 3 20 5 24 6 21 7 22 8 22 9 22 10 21 11 12 12 12 13 19 14 16
8 1 19 2 18 4 21 6 21 9 13 10 23 13 14 14 24
3 1 22 2 20 10 12
5 2 24 6 12 8 24 10 19 11 24
3 10 16 11 22 13 14
11 0 22 1 21 3 19 4 22 5 21 7 12 8 19 10 24 11 16 12 18 13 18
5 1 17 8 16 9 16 11 22 12 24
12 0 18 1 24 2 12 3 23 4 22 5 18 6 21 7 13 9 14 12 22 13 16 14 14
13 0 15 1 21 2 23 3 17 4 13 5 18 6 16 7 13 8 21 9 17 10 17 13 22 14 16
10 0 17 1 23 2 16 3 18 4 13 6 17 7 17 9 19 10 24 11 21
4 1 22 3 24 8 24 9 17
3
13 0 0.0014
13 3 0.0023
0 6 0.0017000000000000001
12
14 10 0.0012000000000000001 0.1435273711928061
5 9 0.0014 0.13439423093180933
7 12 0.002 0.12130195311185743
3 6 0.0016 0.12354126521562836
2 13 0.0012000000000000001 0.10808087165859755
3 6 0.0014 0.14103391102483603
1 9 0.002 0.14259388997157205
6 7 0.0015 0.1150081655849923
9 0 0.0014 0.13980802122787586
13 7 0.0016 0.12183926976202811
7 12 0.0016 0.13062657375310588
1 3 0.0019 0.11881821980941101
