15
3 7 12 12 22 13 16
7 0 24 3 20 6 13 7 22 9 24 10 12 11 24
1 10 15
5 1 17 6 18 8 20 12 21 14 19
2 1 20 10 14
13 0 15 1 14 2 18 3 21 4 18 7 22 8 13 9 16 10 20 11 12 12 22 13 16 14 12
6 1 14 2 19 9 15 10 15 11 20 12 20
12 0 18 1 18 2 14 3 21 4 16 5 14 9 19 10 17 11 15 12 16 13 15 14 15
13 0 18 1 14 3 23 4 16 5 17 6 24 7 15 9 17 10 12 11 15 12 15 13 15 14 23
5 2 21 3 18 8 21 10 21 14 12
6 0 22 4 22 7 22 9 12 12 17 14 17
8 0 18 2 18 3 20 7 20 8 12 10 17 13 19 14 22
6 1 24 4 17 5 13 11 14 13 18 14 16
10 0 15 1 16 2 16 4 19 5 15 8 19 9 20 10 24 11 21 12 20
8 0 19 1 22 4 17 5 12 6 13 9 20 10 21 11 15
3
7 13 0.0013000000000000002
12 10 0.0023
7 8 0.0024000000000000002
12
13 1 0.0014 0.10400870752903409
9 12 0.0018000000000000002 0.12776274114134864
7 3 0.0018000000000000002 0.14685075257014993
9 10 0.002 0.14061811084258127
7 14 0.0022 0.14676186299454572
12 9 0.0023 0.11469571571662508
9 14 0.0021000000000000003 0.13378847571127664
3 5 0.0017000000000000001 0.12754124173627723
3 13 0.0022 0.11457328974974641
11 8 0.0021000000000000003 0.10370497954429675
1 2 0.0019 0.1285140752174998
1 8 0.0023 0.10300400707062474
