15
9 1 21 2 18 6 12 7 12 8 22 9 13 11 18 12 19 13 12
2 7 21 14 17
6 0 13 8 15 9 17 11 13 12 23 14 14
7 0 12 4 12 6 16 8 18 10 18 11 14 14 23
11 1 23 2 21 3 16 5 20 7 23 8 18 10 19 11 16 12 14 13 22 14 22
8 0 16 1 15 7 17 8 24 10 22 11 13 12 15 13 17
3 7 17 11 19 12 19
1 3 12
4 0 18 5 23 12 22 14 21
9 0 24 1 23 2 21 3 18 5 24 6 23 7 21 12 17 14 12
3 6 23 13 14 14 13
4 0 24 1 22 7 24 10 22
11 0 23 2 19 3 15 4 19 6 20 7 12 8 19 9 16 10 14 13 24 14 12
11 0 21 1 13 4 16 5 20 6 17 8 19 9 16 10 14 11 14 12 16 14 21
9 0 13 1 12 2 12 3 12 5 18 7 19 9 15 10 21 13 22
3
14 5 0.0019
11 1 0.0019
7 14 0.0021000000000000003
12
7 5 0.0012000000000000001 0.10058958271062772
10 5 0.0018000000000000002 0.10739929291200301
7 10 0.0014 0.12844453586615223
4 3 0.0023 0.129263523181009
14 5 0.0023 0.10475275828099219
11 4 0.0013000000000000002 0.1274304196484448
10 3 0.0023 0.12417298161321813
11 13 0.0023 0.13569195946300694
7 6 0.0023 0.10944755533288023
13 5 0.0018000000000000002 0.11303362911547095
10 13 0.0015 0.12127860311021658
0 9 0.0014 0.1032008029792861
