15
2 8 19 10 17
7 2 14 3 12 4 16 6 15 7 20 9 19 14 22
13 1 20 3 22 4 22 5 13 6 24 7 15 8 24 9 20 10 16 11 16 12 12 13 14 14 17
8 0 23 4 14 5 16 7 13 9 19 10 22 12 15 13 18
1 12 12
5 1 22 3 22 11 19 12 18 14 23
7 0 18 3 19 7 12 9 16 11 23 12 13 13 22
13 0 14 1 21 2 19 3 20 4 23 6 24 8 13 9 21 10 23 11 19 12 17 13 19 14 20
8 0 24 1 24 5 12 7 12 9 17 10 12 11 20 14 23
10 0 15 1 18 3 21 4 13 5 22 6 23 7 18 8 12 10 13 13 19
11 0 13 1 16 2 16 3 13 4 20 5 15 6 17 9 22 11 14 12 12 14 20
6 1 24 3 12 5 22 6 13 9 17 13 21
9 0 24 3 21 5 13 6 15 7 15 8 12 10 13 13 15 14 19
1 14 22
5 0 20 2 24 3 20 6 19 10 23
3
2 1 0.0015
10 3 0.0021000000000000003
4 9 0.0017000000000000001
12
4 3 0.0017000000000000001 0.10676535640962999
1 6 0.0013000000000000002 0.14203523271982668
7 11 0.0024000000000000002 0.10493643726426631
8 6 0.0012000000000000001 0.12540141719576198
2 9 0.0016 0.11425601842542449
7 1 0.0019 0.1447529915290248
11 12 0.0012000000000000001 0.13192398649508244
6 14 0.0015 0.10609393358344796
6 2 0.0013000000000000002 0.10617482903489557
12 7 0.0015 0.14235911282947333
5 10 0.0014 0.13727046800079915
7 5 0.0021000000000000003 0.1386418244497392
