15
6 3 24 4 19 8 19 11 13 12 12 13 18
12 0 24 2 19 4 13 5 22 6 24 7 14 8 16 9 16 10 14 11 12 12 24 13 14
11 1 12 3 17 4 15 6 16 8 12 9 14 10 16 11 24 12 24 13 15 14 22
5 2 13 7 19 9 24 10 12 13 14
8 1 21 2 16 5 23 9 14 10 17 11 15 13 21 14 16
3 4 12 11 24 14 15
12 0 15 1 16 2 24 3 22 4 22 5 14 7 24 8 18 9 17 10 19 11 21 13 14
1 4 23
6 1 22 2 13 5 19 10 20 12 24 13 19
10 0 19 1 12 2 21 3 21 4 24 7 14 8 22 10 15 12 17 13 18
2 0 15 2 24
11 0 18 1 21 2 17 3 13 4 17 6 20 7 18 10 18 12 16 13 21 14 19
2 3 13 4 21
6 1 20 4 14 5 19 7 12 9 23 12 22
4 0 22 5 22 6 17 12 16
3
10 0 0.0022
10 0 0.0015
11 2 0.0016
12
5 14 0.0019 0.13344677305238678
6 10 0.0015 0.12009672629927795
11 8 0.0014 0.10481690970575568
4 2 0.0019 0.14536937228097008
4 11 0.0019 0.14410517451316282
6 0 0.0019 0.1410516331859661
1 0 0.002 0.11537182137397141
1 5 0.0014 0.13204156512459272
5 3 0.0015 0.141286997842793
13 3 0.0014 0.14473579144222304
0 2 0.0014 0.10826816039191903
2 8 0.0021000000000000003 0.10753220240917774
