15
4 1 21 3 18 7 17 10 23
13 0 23 2 13 3 19 4 13 5 21 6 22 8 24 9 16 10 22 11 20 12 18 13 22 14 19
4 1 17 7 12 10 15 12 24
9 1 15 2 19 5 17 6 19 7 22 8 20 9 13 10 22 12 24
2 5 20 13 21
10 0 24 1 21 4 19 6 14 8 19 9 16 10 15 11 12 13 18 14 17
13 0 23 1 22 2 16 3 19 5 14 7 16 8 14 9 20 10 22 11 15 12 18 13 19 14 16
7 0 22 2 15 4 20 8 15 11 22 13 13 14 15
4 1 17 3 16 11 21 12 17
10 1 13 3 14 4 13 5 20 6 16 7 13 10 21 11 21 13 23 14 12
11 0 24 1 21 2 20 3 12 5 12 6 17 8 15 11 23 12 21 13 12 14 19
8 0 16 3 21 4 20 6 21 7 22 8 22 10 16 13 16
6 0 14 5 20 7 13 8 22 13 23 14 21
9 0 24 3 14 4 12 6 23 7 18 9 19 10 23 11 24 14 24
3 2 16 3 15 13 17
3
2 3 0.002
11 7 0.0023
3 1 0.002
12
0 2 0.0013000000000000002 0.1474742051869107
11 7 0.0015 0.10582200251592004
12 7 0.0022 0.13330712897463087
13 6 0.0022 0.12825631367414322
3 8 0.0016 0.12732520781491738
11 6 0.002 0.10724882671634253
12 7 0.002 0.1315351426755672
1 6 0.0023 0.11027600683514928
6 8 0.0013000000000000002 0.11083469821377927
6 9 0.0019 0.11733284947097236
5 0 0.0019 0.1033333863278764
0 12 0.0018000000000000002 0.13251509930466668
