15
3 3 21 7 13 14 18
4 2 22 4 24 7 19 9 21
4 7 24 8 16 11 13 12 16
11 0 14 1 22 4 20 5 19 8 24 9 21 10 16 11 12 12 17 13 12 14 21
11 0 14 1 17 2 20 3 23 6 17 7 15 8 15 10 21 12 19 13 15 14 12
11 1 20 2 16 3 18 6 19 7 23 8 20 9 14 10 23 11 22 12 16 14 14
4 1 21 7 12 12 24 14 21
1 3 15
4 1 15 11 13 12 18 14 13
13 0 21 1 19 2 20 3 15 4 24 5 20 6 20 8 14 10 15 11 16 12 20 13 22 14 17
7 0 19 2 23 4 12 5 20 8 20 12 14 14 21
7 2 22 4 15 5 19 6 12 7 18 8 13 14 21
8 0 15 1 15 3 19 4 17 6 22 8 20 11 12 14 12
11 1 19 2 14 3 13 4 21 5 13 6 12 8 21 9 24 10 19 12 16 14 17
5 0 23 4 18 8 23 9 14 11 24
3
6 3 0.0021000000000000003
3 8 0.0021000000000000003
3 4 0.0014
12
11 14 0.0017000000000000001 0.12626043734635056
13 9 0.0024000000000000002 0.11454171834127093
10 2 0.0013000000000000002 0.10587054843249787
0 14 0.0013000000000000002 0.10378386466983269
3 11 0.0016 0.10611460564671671
14 8 0.0022 0.13766030338951826
9 7 0.0013000000000000002 0.11043943808269883
12 14 0.0018000000000000002 0.12855195000741584
8 6 0.0013000000000000002 0.14200415916697146
8 1 0.002 0.13644379676201007
3 1 0.0024000000000000002 0.1408943545952574
10 5 0.0015 0.11746933483132323
