15
6 1 17 2 15 3 20 6 20 7 21 12 15
5 0 24 9 21 11 20 12 23 13 17
5 0 21 1 13 3 13 4 22 12 21
10 1 24 5 16 6 24 7 18 8 23 9 17 10 22 12 24 13 23 14 18
13 0 15 1 12 2 20 3 13 5 18 6 22 7 18 8 12 10 13 11 17 12 13 13 19 14 23
13 0 24 1 13 2 21 3 22 4 23 6 18 7 15 8 13 9 23 11 21 12 19 13 14 14 18
7 1 13 3 21 7 23 8 12 10 23 11 15 12 21
6 0 14 2 12 3 14 9 24 12 22 14 13
9 0 21 2 15 3 14 4 18 5 16 6 18 10 16 13 19 14 13
1 4 16
3 0 14 4 18 13 15
2 3 24 8 16
2 1 13 4 22
1 11 19
6 1 17 4 15 5 13 6 14 9 16 12 24
3
4 7 0.0015
2 0 0.0017000000000000001
0 3 0.0014
12
0 11 0.0024000000000000002 0.1426171185710299
9 5 0.0017000000000000001 0.11511157198707259
13 0 0.0019 0.1421393119144256
1 6 0.002 0.10041212144758747
6 9 0.0024000000000000002 0.1126260045476623
6 4 0.0016 0.10454286727634454
13 12 0.0019 0.10447202287968421
14 13 0.0013000000000000002 0.13764844855763098
11 3 0.0013000000000000002 0.12444264539383812
12 13 0.0016 0.10078576032880796
11 4 0.0019 0.1129190667353328
8 7 0.0017000000000000001 0.10952500776248777
