15
8 2 24 3 18 6 14 8 22 9 14 10 24 11 24 12 17
1 12 21
12 0 21 1 20 5 19 6 20 7 22 8 12 9 21 10 22 11 24 12 24 13 19 14 22
12 0 14 1 16 2 12 4 12 6 21 7 15 8 23 9 23 10 17 11 17 13 13 14 16
13 0 12 1 15 2 19 3 18 5 14 6 12 7 12 8 20 9 18 10 17 11 19 13 18 14 17
9 0 18 1 13 2 13 4 21 6 17 9 13 11 24 12 18 13 19
2 0 20 12 24
9 1 12 2 15 3 16 4 21 5 23 6 17 9 15 13 19 14 22
9 0 21 1 23 2 16 3 20 6 15 10 12 12 13 13 20 14 13
3 0 17 2 14 7 13
4 0 24 2 13 3 19 14 15
5 3 16 6 17 10 21 12 13 14 18
6 0 14 1 12 7 21 10 24 13 19 14 23
12 0 17 1 15 2 24 3 12 4 20 6 19 7 12 8 23 9 22 10 18 12 21 14 20
11 0 13 1 22 3 13 6 16 7 17 8 16 9 18 10 15 11 16 12 24 13 17
3
0 12 0.0012000000000000001
3 1 0.0021000000000000003
2 9 0.0024000000000000002
12
4 1 0.002 0.1245441734877143
4 2 0.0015 0.12008977319204919
8 14 0.0013000000000000002 0.145366541725823
1 10 0.002 0.12601948786318246
3 1 0.0015 0.12625692572372132
14 2 0.0014 0.1174154423696154
5 0 0.0012000000000000001 0.1252393174988134
7 8 0.0014 0.10100579348742622
1 3 0.0024000000000000002 0.13399595318911262
13 8 0.0017000000000000001 0.14853243891860476
7 11 0.0016 0.14123585347890621
12 6 0.002 0.14016680917959112
