15
7 2 15 3 19 6 16 8 24 9 18 10 23 13 18
3 0 17 3 13 7 17
12 0 22 1 23 3 24 4 14 5 23 6 16 8 23 9 21 11 14 12 13 13 20 14 13
3 0 15 8 14 11 12
4 5 20 7 24 9 24 12 18
2 2 15 8 21
10 0 19 2 15 3 20 4 18 5 12 7 13 8 15 12 19 13 16 14 15
4 3 15 4 17 9 23 14 19
8 0 18 2 15 4 21 5 23 7 24 11 18 13 23 14 14
13 0 13 1 15 2 16 3 16 4 18 6 22 7 18 8 16 10 18 11 16 12 12 13 23 14 22
7 0 19 1 21 5 15 6 23 8 23 11 19 14 24
4 2 22 5 19 6 12 10 16
8 1 21 2 20 7 15 8 15 9 17 10 23 13 15 14 21
12 0 22 1 24 3 19 4 19 5 22 6 22 8 16 9 23 10 15 11 24 12 13 14 13
3 8 13 9 17 10 22
3
2 9 0.0013000000000000002
3 14 0.0023
3 13 0.0012000000000000001
12
4 8 0.0012000000000000001 0.14027730696786267
10 9 0.0023 0.14463004647393196
9 5 0.0021000000000000003 0.1038878770103286
14 11 0.0019 0.11421677197867294
3 1 0.0016 0.1209454231191809
11 2 0.0024000000000000002 0.14559116646733375
14 13 0.0015 0.12846285609057878
11 3 0.0019 0.126647759801739
3 1 0.0013000000000000002 0.12312185289235096
14 7 0.0022 0.10952027814810786
11 7 0.0014 0.14589134942348914
3 13 0.0015 0.10927714531603817
