15
8 1 23 2 14 3 17 6 22 10 23 11 19 12 12 13 23
4 3 17 6 19 9 13 14 19
7 5 21 6 17 7 24 11 20 12 14 13 22 14 12
7 4 12 5 16 6 24 9 14 12 23 13 23 14 19
9 1 20 2 19 3 20 5 18 6 14 9 14 11 22 12 20 14 13
5 1 18 4 20 7 16 9 13 10 19
9 0 22 1 20 3 19 4 12 8 18 9 21 12 21 13 20 14 21
5 0 15 1 23 6 13 10 16 12 19
8 2 18 4 19 6 20 7 22 9 19 10 24 11 13 14 16
1 6 16
12 0 16 1 20 2 16 3 21 4 23 6 14 7 18 9 23 11 21 12 21 13 21 14 15
3 2 19 3 23 12 21
10 1 16 2 23 3 22 4 16 5 16 7 20 8 19 10 21 13 22 14 22
6 0 17 1 20 4 21 5 23 7 13 11 13
10 2 23 3 13 4 13 5 21 6 16 7 16 8 18 9 23 10 24 13 21
3
11 2 0.0021000000000000003
1 4 0.002
11 6 0.0013000000000000002
12
1 3 0.0012000000000000001 0.11736984833148376
13 6 0.0016 0.1023418082029298
10 4 0.0012000000000000001 0.12218283124828748
3 5 0.0019 0.10986745066055213
9 14 0.0024000000000000002 0.1320682557757356
4 6 0.0021000000000000003 0.10771629467540492
0 2 0.0012000000000000001 0.1143351646234618
11 1 0.0023 0.10417806757963541
12 1 0.0017000000000000001 0.10683896522681077
5 4 0.0012000000000000001 0.11168891859043498
6 0 0.0016 0.1485661173412395
13 1 0.0013000000000000002 0.13076574415668155
