15
4 4 13 6 21 8 19 12 22
9 0 18 3 16 5 20 6 12 7 19 9 17 12 16 13 16 14 21
10 1 12 3 20 5 15 6 20 7 12 8 16 9 21 10 21 11 12 12 15
6 1 14 2 22 4 20 6 24 11 15 13 16
12 0 13 1 24 2 12 3 18 6 23 7 23 8 21 9 18 10 22 11 16 12 24 14 13
5 2 14 3 23 9 17 12 23 13 12
6 1 22 3 22 9 12 11 23 13 18 14 12
4 6 17 8 22 9 22 13 15
4 1 22 5 21 7 18 13 16
2 4 17 8 13
2 2 21 14 21
12 0 22 1 22 2 15 3 14 5 16 7 21 8 23 9 14 10 22 12 16 13 19 14 12
10 0 23 2 18 3 19 4 22 6 18 7 17 9 14 11 24 13 20 14 23
8 1 15 2 17 5 16 8 18 9 18 10 15 11 23 12 18
6 1 15 8 12 9 19 10 13 11 22 13 12
3
5 9 0.0012000000000000001
12 5 0.0018000000000000002
0 10 0.0023
12
7 3 0.0022 0.13398499208348583
6 7 0.0016 0.10337137741704622
13 2 0.0016 0.14657922413709273
2 12 0.0017000000000000001 0.1167945134955429
0 6 0.0017000000000000001 0.12712718247102484
5 11 0.0015 0.11768429481588838
4 8 0.0014 0.10526561640101322
8 0 0.0017000000000000001 0.1147100055103608
7 11 0.0013000000000000002 0.11061412595861878
9 4 0.0023 0.11484449193769229
11 9 0.0023 0.12515946206031103
11 13 0.0013000000000000002 0.13708613917931817
