15
2 11 15 14 20
11 2 15 4 21 5 22 6 17 7 12 8 12 9 18 10 24 11 21 12 12 13 14
10 3 23 4 16 5 20 7 14 8 19 9 12 10 20 12 14 13 14 14 16
9 1 16 4 20 6 16 7 15 8 18 9 17 10 16 12 13 13 20
13 0 21 1 21 2 17 3 17 5 12 7 22 8 14 9 12 10 19 11 17 12 21 13 15 14 18
4 2 18 6 15 7 18 11 23
7 0 12 4 23 9 16 10 24 11 14 13 22 14 14
8 1 24 5 23 6 22 8 14 9 22 10 18 11 21 13 22
9 3 21 4 16 5 18 6 20 7 20 10 18 11 14 12 22 13 18
6 2 12 3 14 5 21 12 13 13 20 14 12
9 1 23 3 23 4 14 5 15 6 21 7 13 8 21 9 16 14 14
12 0 15 1 15 2 15 3 18 4 14 5 13 6 12 7 12 8 18 9 19 10 20 13 16
3 0 14 9 24 14 21
7 0 18 2 17 4 15 8 20 9 20 10 12 12 16
6 0 16 1 16 5 18 8 24 10 13 12 22
3
8 12 0.0015
5 9 0.0019
1 0 0.0017000000000000001
12
14 8 0.0014 0.14716177151429818
0 12 0.0013000000000000002 0.11290386573389712
13 14 0.0013000000000000002 0.12284995399588225
0 5 0.0023 0.12038441781811265
12 14 0.0019 0.14805292742655224
1 12 0.002 0.10650689276595007
8 6 0.0014 0.1082904943013192
7 5 0.0019 0.1074384218445982
8 3 0.002 0.1278461163398073
13 6 0.0015 0.1359686575954387
4 8 0.002 0.13948819652963382
6 13 0.0018000000000000002 0.1262464808659611
