15
13 2 19 3 17 4 20 5 23 6 14 7 17 8 13 9 18 10 16 11 16 12 19 13 12 14 24
4 0 15 2 23 6 24 13 15
10 0 22 1 14 3 24 7 20 8 23 9 24 10 23 11 13 12 24 13 20
2 1 17 2 22
7 2 23 5 16 7 14 8 15 11 13 12 12 13 18
1 14 13
7 0 20 2 14 5 15 7 18 8 14 10 17 12 21
1 4 22
2 1 13 6 17
11 0 24 1 20 2 14 3 22 4 20 7 17 8 17 10 14 11 16 13 17 14 14
7 0 13 2 18 3 17 5 16 7 18 8 20 13 16
9 2 22 3 12 4 24 5 20 6 22 7 19 12 13 13 20 14 20
2 0 19 9 12
2 0 17 14 13
1 8 21
3
4 7 0.0013000000000000002
8 7 0.0021000000000000003
3 6 0.002
12
11 10 0.0023 0.1408658928093548
12 1 0.0022 0.1017269456224192
12 1 0.0019 0.14740696047934604
1 6 0.0015 0.12629095273623359
13 0 0.0016 0.10645248390590936
3 4 0.0024000000000000002 0.12959694597880655
7 4 0.0012000000000000001 0.11652114220482554
1 8 0.0021000000000000003 0.1293968899079512
12 9 0.0024000000000000002 0.11943487641702444
7 5 0.0013000000000000002 0.13970683547141288
10 3 0.0024000000000000002 0.12143092338341308
0 12 0.0018000000000000002 0.1293158179506201
