15
2 7 15 14 21
13 2 23 3 13 4 19 5 16 6 13 7 16 8 21 9 23 10 19 11 16 12 13 13 19 14 20
11 0 23 1 13 3 15 4 16 7 18 8 19 9 19 10 24 11 21 12 23 13 20
12 0 15 1 18 2 21 4 12 5 22 6 14 7 19 9 23 10 17 11 13 12 13 13 19
2 5 16 6 19
5 2 12 9 24 10 15 11 14 13 22
4 0 24 3 12 4 23 14 12
3 2 17 11 13 14 18
4 0 21 7 24 12 18 13 18
4 3 12 5 20 7 15 11 19
11 0 18 1 19 2 19 3 14 4 17 5 19 6 15 7 23 9 14 12 15 13 16
5 2 14 3 21 7 24 10 14 12 14
12 0 12 1 21 2 21 3 18 4 23 5 16 6 19 7 19 9 22 11 15 13 23 14 22
10 1 21 3 15 4 22 5 18 6 17 7 18 8 14 9 17 12 20 14 19
8 0 23 1 17 2 17 4 14 5 19 9 14 10 13 12 18
3
5 6 0.0012000000000000001
6 9 0.0016
11 0 0.0019
12
0 14 0.0021000000000000003 0.11944663868093919
2 1 0.0012000000000000001 0.10970620710291988
7 8 0.0013000000000000002 0.1330072360064779
2 10 0.0017000000000000001 0.1478832562296434
13 12 0.002 0.14223256061880965
7 0 0.0018000000000000002 0.10741419888739207
9 14 0.0013000000000000002 0.10333678124415317
5 8 0.0013000000000000002 0.1328625957519135
0 1 0.0023 0.11491685305760027
0 7 0.0017000000000000001 0.1377937374521975
2 9 0.0014 0.1317600114934685
5 9 0.0017000000000000001 0.10300005455550122
