15
5 2 14 5 16 6 22 8 20 13 12
9 3 19 4 22 6 13 8 19 10 22 11 24 12 16 13 16 14 17
9 0 20 1 17 3 24 7 19 8 15 9 20 10 24 11 15 13 23
5 5 19 6 23 7 12 8 17 13 21
13 0 17 1 13 2 21 3 19 5 21 6 18 7 17 8 13 9 16 10 19 11 16 13 13 14 14
7 0 13 4 16 6 24 7 12 8 18 10 23 14 19
9 2 22 3 22 4 20 5 21 8 18 10 17 11 15 13 16 14 14
6 1 24 4 15 5 14 8 20 11 24 13 22
2 2 19 9 23
10 1 17 2 12 3 19 4 21 5 17 6 12 8 13 10 14 11 21 13 12
6 3 24 4 17 7 22 9 23 11 21 12 24
13 0 17 1 15 2 19 3 16 4 12 6 12 7 19 8 24 9 23 10 17 12 13 13 18 14 22
4 1 19 4 13 6 20 14 22
5 2 22 6 17 7 17 8 16 10 23
4 0 16 2 13 6 15 9 23
3
7 1 0.0015
5 8 0.0024000000000000002
13 4 0.0012000000000000001
12
2 8 0.002 0.1257464860636473
2 6 0.0023 0.131255184625749
6 12 0.0013000000000000002 0.1473643014965312
13 12 0.0022 0.11322791245040643
0 1 0.002 0.10523839026994658
1 11 0.0012000000000000001 0.10127024854640043
2 0 0.0012000000000000001 0.13596715226199144
5 9 0.0024000000000000002 0.12590243660204428
11 14 0.0022 0.13493325822770205
13 9 0.0018000000000000002 0.11153913155389784
6 4 0.0012000000000000001 0.13891916657698442
10 8 0.0024000000000000002 0.11052645380984592
