10
3 1 18 5 24 9 24
6 2 13 3 12 5 24 6 13 7 14 9 16
8 0 15 1 22 3 12 4 16 5 19 6 15 7 17 9 18
4 0 19 1 14 5 24 8 15
1 1 19
5 0 23 1 13 2 23 7 13 8 14
8 0 20 1 16 2 14 3 13 4 14 5 12 8 24 9 13
1 0 19
6 0 16 2 21 3 18 5 16 6 19 9 20
5 2 21 4 24 5 21 6 13 7 21
6
7 6 0.0012000000000000001
0 9 0.0024000000000000002
4 8 0.002
3 7 0.0022
8 1 0.0012000000000000001
0 1 0.0024000000000000002
6
2 0 0.002 0.1403412554214262
0 1 0.0024000000000000002 0.1439076597866302
7 4 0.0024000000000000002 0.11863744210013157
9 3 0.0023 0.11624840941372142
7 3 0.0013000000000000002 0.10225764633209791
8 4 0.0015 0.13503284511703254
