10
5 2 13 6 14 7 16 8 20 9 22
3 5 14 7 19 8 13
3 0 14 1 23 7 24
8 0 14 1 13 4 13 5 14 6 13 7 17 8 21 9 13
5 1 21 2 22 5 20 8 16 9 16
1 8 18
7 0 15 1 16 3 21 4 20 5 20 7 12 8 24
5 0 13 5 20 6 21 8 20 9 19
2 2 24 3 23
4 1 14 2 13 5 14 8 12
6
0 9 0.0017000000000000001
7 6 0.0022
6 7 0.0013000000000000002
8 2 0.0013000000000000002
4 9 0.0015
3 0 0.002
6
5 0 0.0017000000000000001 0.13926481256545759
7 5 0.0018000000000000002 0.11545594296846784
8 5 0.0016 0.13620860291066456
2 0 0.0021000000000000003 0.11350578146022282
3 1 0.0016 0.14684989431312678
2 3 0.0021000000000000003 0.13712371386434985
