10
4 2 24 4 16 5 14 7 20
5 0 14 3 22 4 16 8 16 9 13
5 0 21 4 21 5 18 6 18 7 18
3 0 21 2 23 6 16
1 1 22
8 0 19 1 20 2 18 3 13 4 14 6 23 7 13 9 17
1 4 21
1 0 15
3 2 15 7 18 9 23
5 1 14 3 13 4 12 5 22 8 16
6
7 6 0.0021000000000000003
1 5 0.0017000000000000001
5 0 0.0017000000000000001
5 6 0.0018000000000000002
1 9 0.002
5 4 0.0022
6
2 0 0.0024000000000000002 0.13089744364705214
4 6 0.002 0.14411976763613027
1 9 0.0019 0.1400036349556964
2 4 0.0019 0.13594614041630348
2 3 0.0019 0.1254111973068299
9 7 0.0013000000000000002 0.11123304371315888
