10
4 1 17 4 12 5 22 6 20
3 2 22 5 12 6 16
2 3 17 4 13
5 0 12 1 18 2 23 6 17 9 14
2 0 16 9 23
4 1 24 3 21 6 21 8 18
3 1 16 3 12 5 22
2 3 24 6 13
4 1 19 6 12 7 12 9 16
2 0 21 6 20
6
8 5 0.0023
1 6 0.0024000000000000002
7 8 0.0023
0 7 0.002
2 4 0.0015
2 0 0.0019
6
2 9 0.0013000000000000002 0.12231463668331669
5 1 0.0018000000000000002 0.14159883584667626
4 5 0.0022 0.13722656690944615
1 9 0.0017000000000000001 0.13557746732586123
2 6 0.0017000000000000001 0.12659457639713595
6 7 0.0024000000000000002 0.132388231440504
