10
3 1 13 4 13 5 23
3 5 15 6 22 7 21
4 5 18 7 17 8 22 9 15
2 5 20 9 24
1 6 23
7 0 17 2 15 3 21 4 16 6 19 8 20 9 12
1 0 14
4 0 19 2 15 4 18 6 20
5 0 14 3 16 4 21 5 18 6 17
4 1 15 2 21 7 21 8 18
6
9 5 0.0022
5 6 0.0021000000000000003
7 8 0.0015
0 8 0.0016
9 8 0.0021000000000000003
7 8 0.0012000000000000001
6
9 5 0.0022 0.11587377819462943
7 0 0.0018000000000000002 0.14976312456084337
9 8 0.0023 0.1494125386757775
3 0 0.0012000000000000001 0.14446770687086788
6 1 0.0012000000000000001 0.1144241822441542
8 7 0.0015 0.1323269501217518
