10
5 1 23 3 22 4 22 5 16 6 14
5 2 23 3 19 6 15 7 20 9 16
7 0 18 1 21 4 23 5 20 6 16 7 21 9 18
7 1 14 2 21 4 13 5 22 6 21 7 17 9 14
7 0 12 1 16 2 12 5 13 7 21 8 15 9 17
3 3 17 4 19 8 18
5 0 21 2 18 3 12 5 14 7 24
5 0 21 1 19 3 22 6 12 8 21
7 1 21 2 14 3 23 4 14 5 13 6 16 9 12
7 0 16 2 23 3 24 4 19 5 24 7 22 8 22
6
3 8 0.0014
7 2 0.0016
1 8 0.0023
0 4 0.0019
0 3 0.0019
6 0 0.0018000000000000002
6
2 3 0.002 0.10487091378983315
0 7 0.0013000000000000002 0.147488674351077
0 3 0.002 0.11953921660719673
0 2 0.002 0.1412103271188163
1 0 0.0015 0.14424830372880487
8 0 0.0018000000000000002 0.11944757058586722
