10
2 4 12 9 23
3 4 16 6 16 8 20
4 3 17 5 22 8 19 9 23
2 5 18 6 17
1 2 12
7 0 13 1 15 2 19 4 15 6 20 8 23 9 14
7 0 23 1 19 2 23 3 13 5 22 7 17 8 14
2 3 24 6 24
8 0 16 2 19 3 23 4 14 5 16 6 16 7 16 9 24
3 3 21 5 21 7 22
6
9 8 0.0017000000000000001
3 2 0.0024000000000000002
6 3 0.0021000000000000003
2 7 0.0021000000000000003
4 0 0.0014
1 6 0.0024000000000000002
6
5 6 0.0021000000000000003 0.11894781581533036
1 3 0.0013000000000000002 0.10997015958247039
2 0 0.0012000000000000001 0.10237627215964702
7 0 0.0016 0.11743490183467362
2 0 0.0012000000000000001 0.13506839456400685
0 9 0.0016 0.11205051704123634
