10
7 2 20 3 19 5 13 6 20 7 14 8 24 9 12
3 4 19 5 14 7 12
2 3 16 5 19
3 2 14 6 19 7 23
8 0 17 2 14 3 16 5 22 6 22 7 12 8 24 9 17
4 0 18 7 20 8 15 9 22
8 0 21 1 14 3 18 4 23 5 17 7 13 8 24 9 15
5 0 24 3 12 6 15 8 12 9 22
1 0 22
2 4 15 6 12
6
2 1 0.0019
3 6 0.0019
2 0 0.0014
0 7 0.0015
1 4 0.0019
0 7 0.0014
6
6 9 0.0015 0.13523999331431533
3 0 0.0017000000000000001 0.12042263569565406
0 4 0.0013000000000000002 0.11023619224623872
9 5 0.0018000000000000002 0.13997566119964813
4 5 0.0012000000000000001 0.11537253666252123
5 1 0.0019 0.13318162847611512
