10
2 5 12 9 16
6 2 23 3 23 5 13 7 24 8 14 9 12
5 0 16 3 17 6 15 7 12 8 22
8 0 13 1 17 4 20 5 20 6 19 7 18 8 19 9 24
6 2 22 5 24 6 24 7 15 8 19 9 16
3 1 21 3 19 7 19
6 0 16 1 17 2 18 3 18 7 14 8 23
4 0 13 2 19 3 22 5 13
2 5 24 6 13
2 1 15 7 19
6
4 7 0.0024000000000000002
8 4 0.002
2 6 0.0013000000000000002
9 5 0.0019
9 8 0.0013000000000000002
1 3 0.002
6
6 2 0.0017000000000000001 0.11283494487123534
1 0 0.0016 0.12411965483092076
8 6 0.0021000000000000003 0.1069497170644272
2 4 0.0018000000000000002 0.13872525314798229
1 5 0.0015 0.13773251282139504
8 9 0.0022 0.10355607294182802
