10
1 3 16
2 2 15 4 14
3 0 16 3 24 5 21
8 0 23 1 14 4 12 5 18 6 13 7 15 8 22 9 16
4 2 21 7 23 8 20 9 23
3 0 16 1 13 6 15
5 0 12 2 22 3 17 4 20 8 18
7 1 18 2 21 3 22 4 16 5 13 6 20 8 20
5 0 15 1 20 2 23 3 24 7 20
3 1 12 4 13 7 22
6
7 8 0.0023
1 9 0.0022
8 5 0.0021000000000000003
5 1 0.0024000000000000002
9 5 0.0014
6 8 0.0016
6
5 4 0.0018000000000000002 0.1047922492295688
5 1 0.0018000000000000002 0.1393760949573834
2 1 0.0016 0.10512405266850479
1 3 0.0019 0.14929841627724336
5 3 0.0017000000000000001 0.12438578771988995
8 1 0.0018000000000000002 0.13238155246637348
