10
2 3 24 9 18
5 4 22 6 18 7 22 8 17 9 24
5 0 14 3 21 5 16 7 13 8 15
6 1 15 2 21 4 21 5 12 6 19 7 21
8 0 16 1 16 2 23 3 16 5 21 6 19 7 20 9 13
7 0 17 1 17 3 23 4 14 7 15 8 20 9 19
6 0 22 2 22 3 16 4 23 7 14 8 23
3 3 21 5 18 9 13
2 2 16 9 17
4 0 15 1 24 4 21 6 24
6
1 6 0.0015
8 2 0.0015
5 8 0.0023
5 9 0.002
0 7 0.0012000000000000001
4 6 0.0019
6
9 4 0.0022 0.1024689476817839
4 6 0.0014 0.13805862530229424
1 7 0.0019 0.14315267202770465
9 3 0.002 0.10561416237006536
7 9 0.0019 0.12701628746891563
5 9 0.0022 0.14752034899669192
