10
5 4 18 6 19 7 17 8 13 9 23
3 3 17 4 15 9 20
7 1 16 3 20 4 18 5 24 7 18 8 17 9 22
3 6 16 7 17 8 16
3 2 23 3 12 7 20
2 1 15 6 24
8 0 14 1 14 3 20 4 15 5 13 7 13 8 21 9 15
1 5 12
5 1 17 3 16 4 22 7 20 9 23
2 3 15 6 14
6
4 7 0.0013000000000000002
8 1 0.0017000000000000001
6 5 0.0012000000000000001
6 9 0.0014
7 8 0.0014
8 6 0.0017000000000000001
6
4 3 0.0024000000000000002 0.12227782435473333
3 6 0.0015 0.11196528007848817
7 0 0.0018000000000000002 0.11174540849091014
1 5 0.0014 0.10722174665590264
2 3 0.0012000000000000001 0.11860433017086218
8 3 0.0023 0.10677335333104375
