10
5 1 18 2 20 4 17 8 13 9 24
4 2 18 5 13 6 23 9 13
8 0 21 1 14 3 19 4 24 6 24 7 21 8 16 9 13
1 1 15
6 0 14 1 22 2 24 5 15 8 19 9 22
2 8 16 9 12
6 0 18 1 18 2 16 3 16 5 20 9 14
1 0 16
1 5 16
5 1 13 3 12 5 15 6 24 7 18
6
2 6 0.0022
7 6 0.0019
8 2 0.0018000000000000002
8 3 0.0017000000000000001
1 3 0.0015
1 0 0.0022
6
9 6 0.0017000000000000001 0.13425712267510237
7 0 0.0019 0.13720607159063514
0 4 0.0017000000000000001 0.1029384519519976
3 9 0.0024000000000000002 0.10251984789493993
8 7 0.0013000000000000002 0.13692603338234202
7 9 0.0012000000000000001 0.13429652412789206
