10
7 1 17 2 15 4 16 5 12 6 16 7 18 9 18
3 0 17 2 24 4 16
4 1 12 6 16 8 23 9 19
7 0 17 1 21 2 15 6 18 7 17 8 13 9 14
6 0 24 1 16 3 13 5 16 7 16 8 19
5 0 19 1 14 3 17 6 24 9 24
1 1 16
6 1 15 4 19 5 18 6 24 8 23 9 16
4 0 24 2 19 3 13 7 14
4 1 13 3 19 6 24 7 12
6
6 8 0.0022
0 8 0.002
1 5 0.0022
3 0 0.0022
3 0 0.0024000000000000002
4 7 0.0022
6
8 5 0.0013000000000000002 0.10098950646917543
3 6 0.0017000000000000001 0.13885267144107205
2 1 0.0024000000000000002 0.1321701163997226
4 1 0.0021000000000000003 0.11175047449284455
8 6 0.0022 0.12341876674991142
7 9 0.002 0.12179434679474932
