10
7 1 16 3 18 4 18 5 12 6 15 7 18 8 16
2 0 13 2 23
8 0 16 1 22 3 16 4 15 5 23 7 12 8 19 9 19
6 0 21 2 22 4 12 6 22 7 24 9 23
7 0 16 1 12 2 23 3 22 5 19 6 24 7 23
2 0 17 7 20
3 1 14 5 19 8 17
5 2 13 3 22 4 18 5 23 6 13
7 0 21 2 12 3 21 4 12 5 13 6 19 9 20
2 1 12 2 16
6
7 1 0.002
7 3 0.0018000000000000002
8 0 0.0014
6 9 0.0019
2 7 0.0022
1 2 0.0017000000000000001
6
4 8 0.0023 0.11186726520038892
7 5 0.0023 0.12747448177990275
3 7 0.0012000000000000001 0.10711001704664447
5 2 0.0017000000000000001 0.12328741989853323
6 0 0.0015 0.12929633044127453
2 0 0.0017000000000000001 0.10283276067986745
