10
4 1 14 3 18 4 24 7 18
4 4 13 5 21 6 23 8 18
7 0 14 1 18 4 12 6 21 7 22 8 18 9 13
3 0 16 1 13 5 14
1 8 23
6 0 15 1 22 3 17 6 19 7 23 8 23
8 0 21 1 16 2 17 3 23 4 23 5 18 7 14 8 20
3 0 18 2 21 4 22
2 4 23 7 21
7 0 22 3 13 4 12 5 19 6 20 7 21 8 23
6
7 3 0.0023
0 5 0.002
6 1 0.0017000000000000001
1 8 0.0024000000000000002
1 2 0.0023
2 5 0.0018000000000000002
6
8 0 0.0013000000000000002 0.12292078889592446
0 3 0.0015 0.11152747000780927
7 0 0.002 0.14630477946218826
9 4 0.0017000000000000001 0.1262507999464645
4 7 0.0016 0.11911562580256621
9 5 0.0019 0.12264150556273694
