10
7 1 13 2 13 3 19 4 18 6 14 8 16 9 22
3 0 16 3 24 6 17
5 3 12 4 20 5 14 7 20 9 15
2 0 20 5 20
7 0 14 1 21 2 13 5 15 6 16 7 15 8 18
6 0 13 1 17 2 14 3 13 6 16 8 17
4 2 21 5 24 7 21 8 23
4 0 15 3 23 4 19 5 14
3 2 18 7 23 9 12
8 0 24 1 16 2 12 3 17 4 20 6 23 7 15 8 13
6
3 4 0.0019
3 2 0.0023
4 9 0.0015
4 5 0.0014
8 7 0.002
6 4 0.002
6
7 6 0.0022 0.11263475764437288
4 8 0.0021000000000000003 0.13881876299721574
1 4 0.0015 0.10697650349337731
0 8 0.0016 0.14321564260708028
5 9 0.0018000000000000002 0.14872988761896552
4 5 0.0022 0.11951317442773618
