10
3 1 12 4 24 9 15
7 2 21 3 18 4 14 5 22 6 18 7 21 8 17
2 0 14 8 22
8 0 13 1 18 2 14 4 17 5 22 6 21 7 18 9 17
6 2 17 3 19 5 22 7 20 8 13 9 24
4 2 20 4 24 7 16 8 12
1 0 16
7 1 14 2 24 3 19 4 23 5 20 6 23 9 14
1 4 18
2 0 12 4 22
6
8 1 0.0022
8 1 0.0016
7 2 0.0017000000000000001
4 3 0.0023
3 5 0.0022
4 3 0.0024000000000000002
6
4 7 0.0022 0.10141462624054146
6 7 0.0023 0.10422299588376963
0 1 0.0013000000000000002 0.12960199170400324
7 3 0.0023 0.13221950347219855
2 6 0.0017000000000000001 0.13486735818617393
5 9 0.0013000000000000002 0.1372700471569232
