10
1 2 19
2 4 14 6 14
7 0 20 3 23 4 17 5 22 6 17 7 14 9 22
3 0 12 1 19 8 24
7 2 22 3 18 5 24 6 13 7 20 8 21 9 19
7 0 18 3 14 4 23 6 15 7 24 8 24 9 18
6 0 18 1 16 2 13 5 24 7 19 9 20
4 0 20 2 12 8 13 9 13
6 0 21 2 14 3 21 4 22 5 18 9 18
3 0 18 3 24 5 17
6
2 0 0.0017000000000000001
4 6 0.0012000000000000001
9 5 0.002
9 3 0.0013000000000000002
1 4 0.0024000000000000002
1 9 0.0015
6
4 2 0.0012000000000000001 0.12478485649206784
9 0 0.0024000000000000002 0.11927598426179178
1 4 0.0016 0.14302764658695716
7 6 0.0023 0.11174293918277688
3 0 0.0016 0.13335165556536321
8 9 0.0013000000000000002 0.11146113701910501
