10
8 1 18 2 18 3 16 4 12 5 20 6 21 8 22 9 18
2 2 16 3 22
2 5 17 6 14
2 1 22 7 22
7 0 22 1 20 2 24 5 16 6 21 7 16 8 15
3 1 22 4 17 7 16
2 4 15 8 14
5 1 19 2 23 3 24 4 24 9 12
2 1 22 4 19
3 2 21 4 16 6 18
6
6 5 0.0016
9 6 0.0022
3 9 0.0013000000000000002
3 0 0.0015
1 8 0.0024000000000000002
3 5 0.0015
6
8 1 0.0021000000000000003 0.1348021932698409
5 9 0.0021000000000000003 0.1360590309992068
9 4 0.0013000000000000002 0.1110267906144363
7 0 0.0013000000000000002 0.106919339211735
7 1 0.0016 0.12459554198179351
9 4 0.0015 0.10890838560477475
