10
3 2 20 5 21 6 15
4 3 24 5 14 6 23 9 16
4 0 18 1 22 6 12 7 23
6 0 24 1 15 2 15 5 12 6 22 7 17
4 1 16 5 16 7 20 9 24
7 1 16 2 23 3 22 4 17 6 20 7 22 8 20
4 2 17 4 12 7 21 9 23
8 0 15 1 17 2 17 3 16 4 24 5 24 6 23 9 13
5 0 15 1 18 4 20 5 17 7 23
5 0 14 2 14 5 17 7 17 8 13
6
1 6 0.002
4 7 0.0022
0 4 0.0016
2 6 0.0018000000000000002
2 9 0.0016
7 6 0.0017000000000000001
6
6 7 0.0022 0.1326969719011048
8 2 0.0012000000000000001 0.14782521683744956
5 8 0.0019 0.1450169132577031
0 1 0.0022 0.10307885820124434
9 6 0.0012000000000000001 0.14008631990856432
8 3 0.0024000000000000002 0.10472253132909336
