8
8 4 
10 1 13 3 0 
7 19 3 0 
14 17 3 2 11 5 7 19 
6 3 2 11 18 
6 3 2 11 1 13 19 
15 3 2 11 1 
12 5 0 13 
24
15 0 3 1 9 6 2 
7 13 15 0 3 
18 12 14 17 16 1 13 3 5 6 4 10 11 7 
10 11 7 15 
5 6 4 10 11 7 15 18 12 14 17 16 
6 4 10 11 7 15 18 12 14 17 
5 4 8 10 12 
6 2 11 5 4 8 10 12 7 13 15 0 3 
8 10 12 7 
3 5 6 4 10 11 7 15 18 12 14 
6 2 11 5 4 8 
0 3 
17 16 1 13 3 5 6 4 10 11 7 15 18 12 
7 13 15 0 
13 3 5 6 4 10 11 
4 10 11 7 15 18 12 14 
13 3 5 6 4 10 11 7 15 18 12 
4 8 10 12 7 13 15 0 3 1 
10 12 
15 0 3 1 9 
14 17 16 1 9 
12 14 17 16 1 13 3 5 6 4 10 11 7 15 18 
17 16 1 13 3 5 6 4 10 11 7 15 18 
3 5 6 4 10 11 7 15 18 12 14 17 16 
