15
11 1 17 2 24 3 14 4 19 5 18 6 19 7 21 8 22 9 21 11 17 14 17
3 2 20 7 12 13 13
8 0 17 4 17 5 16 6 23 11 21 12 21 13 20 14 22
10 0 18 1 18 2 19 4 17 5 17 8 22 9 22 10 18 12 16 13 16
13 0 14 1 23 2 19 3 23 5 13 6 21 7 16 9 16 10 22 11 24 12 13 13 16 14 24
8 2 19 3 13 4 19 7 24 9 16 10 12 11 23 13 20
2 4 19 14 17
12 0 15 1 19 2 12 3 18 5 17 8 16 9 12 10 14 11 18 12 12 13 21 14 22
12 0 14 1 20 2 16 3 18 4 19 6 16 7 23 9 20 10 13 12 24 13 22 14 24
5 0 23 2 16 3 23 6 12 12 14
7 1 20 2 12 8 17 9 24 11 20 12 23 14 12
3 8 20 10 24 14 15
8 0 22 2 13 4 14 6 23 9 21 10 22 11 19 13 19
1 11 23
2 5 18 8 12
4
9 8 0.0021000000000000003
7 6 0.0016
14 10 0.0012000000000000001
5 10 0.0013000000000000002
12
1 0 0.002 0.142481252380512
6 2 0.0016 0.12120622316285504
5 8 0.0014 0.13699280277832296
5 13 0.0016 0.10704875887165426
12 1 0.0024000000000000002 0.10413770132595712
12 10 0.0013000000000000002 0.1423129448903823
8 10 0.0016 0.12119828304333477
3 7 0.0012000000000000001 0.10290612229091034
6 9 0.0022 0.10213666891391004
1 9 0.0021000000000000003 0.14396677043087694
4 5 0.0018000000000000002 0.12377994995483657
3 4 0.0021000000000000003 0.10326799911083748
