15
13 2 18 3 21 4 17 5 23 6 15 7 18 8 18 9 21 10 23 11 12 12 15 13 16 14 16
1 5 23
9 4 23 5 15 7 24 8 24 9 14 10 13 12 14 13 24 14 18
6 0 14 5 23 7 20 9 21 10 13 14 15
2 2 13 13 24
10 0 17 1 22 2 19 4 19 7 20 8 18 9 13 10 18 11 18 14 17
9 0 17 1 14 3 12 4 21 9 23 10 24 11 24 12 15 14 13
9 0 15 1 23 3 14 4 20 5 12 8 21 9 17 12 16 14 12
3 2 22 5 17 11 18
12 0 19 1 12 2 19 3 20 4 15 5 14 6 13 8 13 10 22 12 19 13 24 14 18
12 0 23 1 21 2 12 3 17 4 20 5 20 6 16 7 17 8 17 9 14 12 21 14 14
8 1 15 4 18 6 18 7 12 9 16 10 17 12 13 13 18
6 2 13 3 14 4 24 8 17 10 16 14 20
3 1 14 5 15 14 22
3 3 15 7 15 10 16
4
7 8 0.0024000000000000002
1 2 0.0024000000000000002
6 11 0.0013000000000000002
5 0 0.0019
12
2 10 0.002 0.13325119882040445
14 9 0.0018000000000000002 0.11131040206587754
3 10 0.0022 0.12090181992232003
4 13 0.0023 0.10696835740301164
11 5 0.0012000000000000001 0.14049375980609327
4 8 0.0021000000000000003 0.14439163638717825
6 1 0.0014 0.10303936055662552
13 7 0.0023 0.10686508203359425
9 1 0.0016 0.10453898369237928
4 5 0.0019 0.12697320590879094
7 1 0.0024000000000000002 0.14265087222863632
1 3 0.0016 0.12759734296121097
