15
2 10 22 14 13
12 2 18 4 18 5 17 6 19 7 16 8 12 9 21 10 15 11 23 12 19 13 15 14 19
2 3 15 7 15
6 0 13 1 19 6 20 7 19 10 20 13 24
3 1 18 5 24 12 16
10 1 15 4 23 7 23 8 19 9 24 10 15 11 14 12 13 13 12 14 20
1 10 17
9 1 16 3 23 4 14 6 15 8 13 9 19 11 23 13 15 14 24
7 2 12 3 23 5 15 7 21 9 13 10 16 11 14
12 0 15 1 23 2 16 3 14 4 24 6 17 7 23 8 20 11 19 12 15 13 18 14 16
7 1 19 2 22 4 18 6 24 7 19 8 20 14 15
2 4 14 10 18
4 2 16 6 13 9 21 14 24
10 0 18 1 23 2 16 3 19 5 14 7 22 8 15 10 18 12 14 14 19
8 0 22 3 16 5 14 8 23 10 17 11 21 12 15 13 24
4
10 3 0.0015
0 6 0.0023
0 3 0.0013000000000000002
8 11 0.0017000000000000001
12
3 6 0.002 0.13646892700268853
4 13 0.0021000000000000003 0.10370676069223395
4 1 0.002 0.1326453078016439
9 11 0.0023 0.1364565000900472
11 6 0.0014 0.11052072368672482
12 9 0.002 0.12155010847581596
9 6 0.002 0.10874428745759795
13 12 0.0016 0.12777477257502984
13 8 0.0013000000000000002 0.12078054043803098
4 13 0.0015 0.12511863084082567
4 5 0.0014 0.1203729778587927
11 8 0.0012000000000000001 0.12890516432206442
