15
10 1 20 2 20 3 22 4 13 6 23 8 21 10 24 12 19 13 14 14 21
9 2 12 4 21 5 19 8 15 9 12 10 24 12 12 13 17 14 16
3 6 23 12 17 14 23
7 1 14 4 21 7 22 8 24 9 22 13 23 14 17
11 0 17 1 12 2 23 5 22 7 17 8 12 9 16 10 13 11 19 12 20 13 13
12 0 21 1 23 2 14 3 15 6 19 7 21 9 15 10 24 11 16 12 23 13 15 14 19
2 4 17 13 20
11 1 19 2 21 4 12 5 12 6 18 8 21 10 20 11 23 12 14 13 18 14 19
5 2 19 4 14 5 17 7 12 13 15
3 2 24 6 18 14 24
12 0 17 2 17 4 19 5 17 6 20 7 16 8 12 9 20 11 22 12 22 13 19 14 14
10 0 20 2 19 3 12 4 14 5 20 6 18 7 18 10 12 13 18 14 20
8 0 18 4 19 5 17 7 18 8 20 11 24 13 17 14 16
5 0 20 4 22 5 14 7 16 10 16
3 2 22 4 17 6 14
4
7 12 0.0016
13 6 0.0022
1 2 0.002
4 12 0.0017000000000000001
12
9 12 0.0013000000000000002 0.14747436864316205
4 3 0.0022 0.12851780206702018
1 2 0.002 0.1233565685387453
7 9 0.0022 0.12916092559099454
3 1 0.0024000000000000002 0.12500675660711547
2 6 0.0016 0.1268406475595439
6 2 0.0021000000000000003 0.11918833999636586
9 11 0.0021000000000000003 0.13862939116817458
13 3 0.0015 0.10968672742954019
12 5 0.0021000000000000003 0.11602917243322548
9 14 0.0017000000000000001 0.11098223414668387
14 6 0.0015 0.13860166790072836
