15
10 1 16 2 22 3 19 4 18 5 20 6 23 8 16 9 21 12 12 14 13
11 0 21 2 12 3 19 4 16 5 22 7 13 8 14 9 23 10 14 13 12 14 14
6 1 20 4 15 8 12 9 24 13 17 14 23
8 4 15 6 17 7 14 9 23 10 14 11 17 13 16 14 16
11 0 15 1 12 2 20 3 12 5 15 6 24 8 16 10 15 12 17 13 22 14 14
3 1 16 4 19 9 23
9 0 12 1 18 3 21 4 20 8 13 9 14 11 16 13 24 14 13
9 2 15 3 24 4 14 5 18 6 24 10 24 11 18 13 21 14 16
13 0 13 1 17 2 18 3 24 4 22 6 13 7 18 9 14 10 21 11 14 12 20 13 14 14 17
12 0 19 2 14 3 17 4 13 5 19 6 12 7 12 8 23 11 14 12 13 13 15 14 16
8 0 14 2 14 3 13 7 14 9 14 11 16 12 20 13 24
9 0 20 1 20 2 20 3 16 8 18 9 24 10 23 13 16 14 22
3 1 13 7 23 13 24
12 0 21 1 22 2 13 3 18 5 16 6 16 7 12 8 19 9 12 11 23 12 18 14 24
6 3 23 6 21 7 13 10 14 12 22 13 23
4
10 2 0.0014
4 12 0.0021000000000000003
11 9 0.0017000000000000001
1 14 0.0018000000000000002
12
3 11 0.0024000000000000002 0.12352055238518622
8 11 0.0013000000000000002 0.10137179105271439
7 11 0.0023 0.14051260034970955
6 8 0.0021000000000000003 0.1463728447641992
4 2 0.0012000000000000001 0.13368084266411112
4 5 0.0024000000000000002 0.10430351035080775
12 8 0.0023 0.10487511304824308
0 6 0.0013000000000000002 0.1469596642982814
5 1 0.0015 0.12657753331860436
4 6 0.002 0.1429301418336404
10 13 0.0014 0.12664767584355366
6 13 0.0022 0.14698918937360406
