15
8 1 12 2 14 7 22 8 19 9 15 10 23 12 15 14 22
11 0 14 2 12 4 14 5 16 6 20 7 24 8 23 9 20 10 17 12 21 14 24
10 0 24 4 16 5 17 7 14 8 24 9 23 11 12 12 12 13 17 14 20
4 1 15 5 17 7 12 13 22
13 1 22 2 17 3 15 5 17 6 16 7 13 8 14 9 22 10 22 11 24 12 22 13 17 14 22
3 1 17 3 23 12 16
5 2 12 10 19 12 17 13 20 14 19
1 10 16
2 0 16 14 14
3 0 22 10 16 13 12
11 0 23 1 15 2 15 3 16 4 15 5 13 6 19 8 23 11 17 13 12 14 16
1 4 22
10 0 12 2 20 4 22 5 24 7 22 8 23 9 22 10 23 11 23 13 17
6 1 22 3 15 7 16 8 21 10 21 14 17
5 1 15 2 13 7 13 12 13 13 19
4
14 13 0.0023
1 8 0.0022
14 5 0.0013000000000000002
1 6 0.0021000000000000003
12
13 10 0.0019 0.14247240379288556
13 11 0.0022 0.14522049612272858
0 12 0.0024000000000000002 0.10875112250951885
10 8 0.0019 0.10964658856615313
11 12 0.0022 0.14691888759725924
4 2 0.0013000000000000002 0.10045005807593194
12 14 0.0024000000000000002 0.13720998884849372
0 4 0.0022 0.11263217524313379
14 4 0.0015 0.1115423844707155
14 4 0.0014 0.11892961180973899
2 14 0.0014 0.1410892553709784
5 12 0.0015 0.14674654782515822
