15
10 1 18 2 23 5 13 7 20 8 19 9 19 11 22 12 21 13 17 14 20
3 9 24 11 19 12 12
13 0 18 1 24 3 19 4 13 6 18 7 22 8 13 9 14 10 23 11 23 12 18 13 22 14 14
7 2 13 5 16 6 12 10 14 11 19 12 12 14 17
5 0 15 2 19 8 22 11 16 12 24
11 0 17 1 13 3 14 4 13 6 24 7 17 8 16 11 16 12 16 13 14 14 14
3 2 14 13 13 14 15
1 12 22
3 1 13 2 17 6 13
7 3 21 4 17 5 22 6 22 7 12 11 15 13 14
9 0 23 3 17 4 20 5 16 7 21 8 12 11 22 12 14 14 23
4 3 19 5 18 8 17 12 23
3 1 12 3 12 9 15
5 2 18 3 13 5 12 8 13 9 16
7 1 20 2 18 4 18 8 16 9 15 10 12 13 23
4
9 6 0.0016
1 3 0.0015
8 0 0.0023
11 0 0.0019
12
5 11 0.0017000000000000001 0.13339631938778784
14 5 0.0016 0.11878428727188632
0 5 0.0016 0.11059461839192407
9 5 0.0019 0.10131542588203189
9 6 0.0017000000000000001 0.11047794490772907
5 3 0.0022 0.12134358679690631
9 10 0.0015 0.11432186465169235
0 6 0.0012000000000000001 0.11615730592285546
13 11 0.0014 0.13143081995939043
6 5 0.0019 0.10843750651642539
12 0 0.0017000000000000001 0.13525819561519498
0 10 0.0012000000000000001 0.12929456011624504
