15
5 3 14 7 12 8 21 9 18 14 24
8 2 16 3 20 6 19 7 13 9 12 10 21 11 13 12 16
2 3 19 12 17
3 10 16 13 15 14 16
2 2 23 8 20
12 0 12 1 14 3 14 4 20 6 24 7 13 8 16 9 19 10 14 11 16 13 14 14 21
10 2 17 3 12 4 18 5 21 7 24 8 14 9 12 10 15 12 20 13 16
1 11 13
11 2 18 3 22 4 17 5 16 6 22 7 19 9 20 11 16 12 23 13 16 14 15
11 0 22 3 24 4 17 5 12 7 23 8 12 10 21 11 23 12 14 13 13 14 12
12 0 24 1 17 3 20 4 15 6 15 7 22 8 19 9 23 11 14 12 18 13 15 14 23
1 3 18
12 0 21 1 21 2 19 3 18 4 18 5 13 6 14 7 20 8 14 9 13 13 16 14 23
4 0 12 1 23 9 16 11 18
5 2 16 3 22 7 15 11 14 12 20
4
3 7 0.0012000000000000001
8 2 0.0024000000000000002
12 2 0.0022
7 4 0.0022
12
13 14 0.0015 0.10123368629973312
12 4 0.0018000000000000002 0.10000764153877767
1 9 0.0018000000000000002 0.14789495364701888
4 7 0.0019 0.13900295741570223
14 4 0.0024000000000000002 0.14836152023967852
4 5 0.0017000000000000001 0.11433069245053976
5 9 0.0019 0.13611769736513823
6 2 0.0014 0.13797995898445828
4 5 0.0018000000000000002 0.12695417857228344
13 5 0.0022 0.13146439596370346
0 11 0.0018000000000000002 0.11148028378056155
9 11 0.0014 0.10408574363744261
