15
10 1 23 4 17 6 14 7 17 8 16 9 22 10 24 12 20 13 13 14 13
5 4 22 5 13 11 17 13 16 14 23
2 3 18 10 12
13 0 19 1 15 2 22 4 17 5 24 6 22 7 14 8 21 9 15 10 14 11 21 13 24 14 24
9 0 21 2 21 6 18 7 23 8 19 11 23 12 21 13 17 14 14
5 7 23 10 23 11 17 12 15 13 22
6 0 17 7 19 9 22 11 23 13 15 14 18
12 2 20 3 24 4 15 5 18 6 12 8 14 9 20 10 23 11 12 12 20 13 18 14 19
9 0 24 1 22 2 13 3 12 5 23 6 16 7 18 9 24 12 13
3 1 12 4 17 14 19
1 5 20
1 13 14
1 14 23
12 1 24 2 22 3 23 4 23 5 14 6 15 7 14 8 12 9 13 11 12 12 19 14 18
7 0 13 2 22 5 12 6 13 9 14 12 14 13 17
4
1 6 0.0023
3 13 0.0024000000000000002
12 14 0.0017000000000000001
5 9 0.0013000000000000002
12
13 5 0.0012000000000000001 0.11021017311937419
14 8 0.0016 0.14481955731063356
8 2 0.0018000000000000002 0.14901765773204978
13 4 0.0022 0.11178033228926582
3 4 0.0015 0.10726681737075186
12 10 0.002 0.13280670572876851
11 7 0.0016 0.13334637218089962
8 2 0.0015 0.10583226521919117
7 3 0.0024000000000000002 0.1484197738839324
11 13 0.0015 0.14729597996556382
6 5 0.0015 0.10194540624743274
0 1 0.0013000000000000002 0.1443549255985546
