15
8 1 22 2 18 3 23 4 17 6 18 8 24 11 18 13 17
4 4 20 5 24 8 16 11 22
11 0 14 3 21 4 21 5 17 6 19 8 20 9 16 10 15 11 14 12 19 14 21
4 0 20 4 19 6 13 7 17
6 0 19 2 18 8 22 10 24 11 13 13 17
1 14 20
7 0 21 1 12 2 13 5 16 10 12 12 22 14 20
3 12 21 13 21 14 16
9 1 18 2 14 3 16 4 14 5 21 6 20 7 15 9 18 13 17
13 0 15 1 13 2 18 3 13 4 21 5 24 6 14 7 13 8 14 10 19 12 22 13 18 14 16
3 2 14 7 22 13 21
2 0 16 1 19
10 1 13 3 19 4 18 5 16 7 22 9 14 10 19 11 19 13 22 14 18
9 0 12 1 19 3 12 7 14 8 18 9 14 11 21 12 16 14 17
10 0 20 1 12 2 18 3 17 5 13 6 16 7 17 8 17 9 20 11 17
4
11 1 0.0019
2 14 0.002
0 3 0.0013000000000000002
6 0 0.0016
12
0 6 0.0019 0.102577303644149
6 8 0.0013000000000000002 0.11994829148665848
1 4 0.0024000000000000002 0.1478571805610236
8 10 0.0024000000000000002 0.11908568465260234
3 14 0.0012000000000000001 0.13212140170675812
1 8 0.0022 0.10231988804218056
3 4 0.0013000000000000002 0.11559357841319202
4 7 0.0013000000000000002 0.13801516409245662
7 4 0.0014 0.10583953015746889
0 14 0.0018000000000000002 0.12899085625449824
7 1 0.0013000000000000002 0.10239739751733548
0 2 0.0021000000000000003 0.10847793096381544
