15
10 2 19 4 15 5 13 8 24 9 24 10 18 11 17 12 22 13 21 14 19
10 3 22 5 14 6 14 7 12 8 17 9 22 10 14 11 22 12 13 13 22
8 0 24 1 12 3 19 4 19 5 20 6 18 8 15 10 22
7 0 21 1 12 4 17 8 17 9 18 10 17 11 23
7 6 14 7 24 9 16 10 22 11 12 12 19 13 24
13 0 21 1 18 2 20 3 15 4 15 6 21 8 22 9 17 10 16 11 22 12 17 13 18 14 16
9 2 22 3 20 4 21 8 23 9 17 10 17 12 15 13 20 14 21
10 0 18 1 20 2 15 5 14 8 12 9 14 11 14 12 18 13 23 14 17
6 1 24 6 20 7 19 11 18 13 17 14 24
1 13 13
6 0 14 3 18 6 14 8 19 13 23 14 13
1 1 13
2 13 19 14 15
3 4 24 5 20 9 20
11 0 24 1 14 3 14 4 15 5 19 6 18 8 20 9 19 11 17 12 13 13 17
4
8 5 0.002
0 5 0.0021000000000000003
1 14 0.0012000000000000001
10 6 0.0013000000000000002
12
8 11 0.0023 0.10161394959794269
5 2 0.0015 0.148804989826228
14 4 0.0021000000000000003 0.11409190465731249
13 4 0.0016 0.1354609634337303
8 10 0.0012000000000000001 0.10626917249098596
2 12 0.0018000000000000002 0.1144343489952679
8 7 0.002 0.11371338735477339
11 5 0.0019 0.11721640754137597
1 9 0.0012000000000000001 0.11568779233360853
5 10 0.0015 0.10277283807676321
10 3 0.0017000000000000001 0.10540524808050618
2 3 0.002 0.10440350874479803
