15
12 1 20 2 22 3 24 4 14 5 18 6 14 7 21 8 20 10 12 11 14 12 13 14 20
12 0 23 2 22 3 20 5 23 6 18 7 23 8 19 9 18 10 15 11 21 12 16 14 18
4 0 21 3 24 9 20 10 21
9 0 18 2 18 4 16 5 20 6 21 8 24 9 18 11 17 12 20
3 1 19 9 22 10 23
1 11 20
7 0 16 2 13 4 17 7 24 9 16 10 20 11 20
9 0 13 1 22 2 23 3 21 4 22 5 13 6 12 9 21 10 20
11 2 18 4 12 5 15 6 13 7 16 9 13 10 22 11 24 12 15 13 22 14 23
7 2 17 3 17 4 20 5 18 6 20 12 12 14 15
7 0 15 1 21 3 17 4 16 6 13 7 23 14 12
13 0 12 1 17 2 17 3 12 4 17 5 16 6 17 7 23 8 18 9 23 10 20 13 24 14 13
8 1 17 2 18 4 15 6 12 7 18 10 23 11 20 14 18
5 0 14 1 14 6 15 9 23 10 19
5 2 24 6 16 7 18 12 16 13 23
4
7 13 0.0018000000000000002
8 3 0.0013000000000000002
11 1 0.0016
10 2 0.0015
12
7 1 0.002 0.11314489046249772
5 3 0.0018000000000000002 0.1464942377827689
13 8 0.0019 0.14576203282863895
1 13 0.0016 0.13717426618538903
5 12 0.002 0.14851115618279845
11 7 0.0012000000000000001 0.12656172148578776
12 9 0.0016 0.10686063610167551
12 9 0.002 0.12749213476181961
7 10 0.0018000000000000002 0.14164147763844398
8 4 0.0021000000000000003 0.10084387008689207
3 13 0.0013000000000000002 0.1426329589600282
8 2 0.0018000000000000002 0.10128869293083147
