15
8 1 16 2 19 3 13 4 12 7 15 8 18 13 22 14 14
13 2 15 3 21 4 20 5 15 6 24 7 13 8 16 9 16 10 15 11 12 12 12 13 12 14 20
12 1 20 3 20 4 17 5 12 6 18 7 16 8 17 9 16 10 18 11 15 12 23 14 18
7 0 22 5 22 7 14 8 15 9 13 11 15 14 16
4 1 21 3 24 6 21 9 18
10 0 12 2 15 3 17 4 24 6 22 8 22 9 23 11 24 12 23 14 16
4 3 20 4 22 8 18 13 19
10 0 18 2 22 4 17 5 21 6 16 8 23 9 19 11 16 13 13 14 14
9 0 20 1 12 3 15 4 20 6 16 7 23 10 19 13 14 14 16
11 0 14 2 20 3 17 4 18 5 20 6 24 7 14 8 15 10 16 12 15 14 21
10 0 24 2 21 3 21 4 19 5 20 6 16 7 22 9 23 13 13 14 21
5 6 24 8 19 9 12 12 12 14 23
4 3 20 9 18 11 14 13 20
5 4 15 5 14 8 14 11 21 12 18
2 3 19 5 22
4
1 7 0.0016
11 8 0.0022
12 11 0.0014
2 4 0.0023
12
12 13 0.0017000000000000001 0.10279943442484199
9 13 0.0017000000000000001 0.12359557167450919
13 5 0.0019 0.13846402209567096
9 11 0.0015 0.14506308749635055
12 6 0.0015 0.13492210741286131
10 8 0.0021000000000000003 0.13106969509545938
4 2 0.0012000000000000001 0.14630397268303424
1 2 0.0013000000000000002 0.13894381792724744
13 5 0.0018000000000000002 0.11122957018480312
11 2 0.0024000000000000002 0.10357417664509465
5 3 0.0024000000000000002 0.1443263002505176
5 1 0.002 0.12580185745963526
