15
4 2 16 3 22 9 19 10 23
2 6 24 13 21
3 3 21 7 20 8 21
10 0 18 1 23 4 12 6 23 7 17 9 18 10 12 11 18 13 14 14 14
7 2 23 3 23 5 14 7 24 8 24 11 12 12 16
11 0 14 1 20 3 21 6 13 7 18 8 16 9 22 10 21 12 14 13 24 14 18
11 0 19 2 20 3 17 4 15 5 14 8 21 9 23 10 13 11 13 12 12 14 22
8 0 17 4 24 5 12 6 12 10 13 11 12 12 19 14 15
4 0 17 5 14 13 18 14 12
10 1 12 2 16 3 19 4 24 5 15 6 15 7 14 11 20 13 16 14 19
11 0 23 1 18 2 13 3 17 4 24 5 23 6 21 7 13 9 21 12 13 14 13
8 0 24 2 12 4 24 5 20 7 22 8 18 12 24 13 16
6 0 14 4 16 5 14 7 16 11 17 14 18
9 0 12 1 21 3 15 4 13 8 16 10 15 11 23 12 21 14 16
5 2 19 7 23 8 21 10 17 11 21
10
3 0 0.0021000000000000003
2 5 0.002
11 6 0.0017000000000000001
6 13 0.002
2 10 0.0014
13 6 0.0023
10 0 0.0016
13 3 0.0024000000000000002
4 13 0.0013000000000000002
5 2 0.0017000000000000001
20
3 7 0.0024000000000000002 0.13367475351959077
13 10 0.002 0.10159328691073384
8 14 0.0024000000000000002 0.13101288874824055
0 12 0.0021000000000000003 0.1023890514567332
5 10 0.0016 0.10328174271752097
12 2 0.0019 0.11155572876057744
9 6 0.0012000000000000001 0.12218002479528862
12 0 0.0021000000000000003 0.10643247238115325
6 0 0.0014 0.1391933852820628
14 6 0.0014 0.1225247102223301
9 10 0.0013000000000000002 0.1110857295696327
13 7 0.0015 0.14511551347021678
10 3 0.0016 0.13704370192542625
14 10 0.0017000000000000001 0.10882278979851218
3 8 0.0014 0.12908156598819176
2 11 0.0022 0.12870303624686172
9 13 0.0024000000000000002 0.11875002030326397
13 3 0.0015 0.1351409206487883
1 8 0.0016 0.14244724539153442
5 11 0.0015 0.14524790197054427
