15
1 10 20
12 0 13 2 21 3 16 4 13 5 15 6 24 7 13 8 17 9 14 10 13 12 24 14 19
6 1 21 5 23 6 24 9 13 11 16 13 17
9 1 21 4 20 5 15 7 21 9 23 11 24 12 12 13 14 14 23
9 0 12 2 24 3 15 7 22 8 23 9 22 10 19 11 16 13 23
11 0 12 1 21 2 19 3 21 4 24 6 23 7 14 9 13 11 22 12 23 14 17
6 4 13 5 22 9 12 10 19 12 19 14 16
8 1 22 3 23 4 20 5 23 10 23 12 23 13 18 14 18
10 0 12 2 13 4 17 5 19 6 18 7 17 9 22 10 13 13 16 14 19
12 1 14 2 15 3 15 5 17 6 21 7 24 8 19 10 20 11 23 12 21 13 17 14 18
9 0 20 3 17 5 20 6 22 8 16 9 24 11 12 12 13 14 16
1 5 12
10 0 17 2 20 3 19 4 24 6 20 7 19 9 24 10 15 11 13 13 23
2 8 18 12 14
7 2 15 3 15 4 17 7 16 8 15 12 13 13 12
10
14 4 0.002
7 8 0.0013000000000000002
2 5 0.0022
14 11 0.0012000000000000001
0 4 0.0017000000000000001
10 5 0.0019
2 9 0.0022
0 8 0.0015
0 11 0.0014
5 7 0.0012000000000000001
20
14 10 0.0024000000000000002 0.11065932893206741
5 8 0.0021000000000000003 0.11744627846385682
12 3 0.0021000000000000003 0.14553403463240114
0 10 0.0023 0.11299428380358816
1 14 0.0021000000000000003 0.11795570843848575
12 8 0.0024000000000000002 0.14185914945250516
7 12 0.0016 0.14940883487910273
2 14 0.0014 0.1221311288800027
5 0 0.0019 0.13841859935661216
8 2 0.0016 0.13830234593823154
4 7 0.0024000000000000002 0.11056732059301651
11 13 0.0021000000000000003 0.11049811183661497
14 7 0.0013000000000000002 0.14324163400838594
8 7 0.0021000000000000003 0.10160484418854523
4 9 0.0014 0.13132621058326807
1 10 0.0017000000000000001 0.12030769294695215
13 5 0.0022 0.12864286691998184
8 5 0.0023 0.14104077501596418
4 6 0.002 0.12453572861288431
11 13 0.0019 0.1338441048906713
