15
10 1 24 2 23 4 23 5 20 6 23 8 23 9 17 11 23 13 16 14 13
6 0 18 2 12 4 19 5 21 7 21 11 14
12 0 23 1 14 3 16 4 19 5 17 6 20 8 22 9 19 10 17 11 15 12 16 14 22
10 2 18 4 24 5 21 6 14 7 20 8 12 10 20 11 14 12 19 14 22
8 1 18 2 17 5 17 7 18 8 22 10 17 12 20 14 20
3 1 22 6 18 13 19
7 1 14 2 22 3 24 4 20 11 12 12 21 14 20
12 0 14 1 17 2 21 3 14 4 16 5 20 6 18 8 19 9 21 12 12 13 20 14 15
8 1 20 2 21 6 17 10 17 11 20 12 20 13 20 14 13
5 0 15 1 18 4 13 8 16 11 12
5 2 15 3 14 5 15 9 16 11 15
13 0 20 1 24 2 17 3 18 4 12 6 14 7 18 8 20 9 17 10 18 12 21 13 19 14 24
3 3 15 11 18 13 22
2 4 14 5 17
3 7 13 11 12 12 17
10
10 9 0.0021000000000000003
8 10 0.002
10 8 0.0019
7 8 0.002
10 8 0.0024000000000000002
6 5 0.0016
6 8 0.0018000000000000002
10 9 0.0019
1 9 0.0013000000000000002
10 3 0.0016
20
1 11 0.0021000000000000003 0.11409993175253598
2 14 0.0021000000000000003 0.10754087583391383
4 0 0.0019 0.13633801049229638
13 11 0.0013000000000000002 0.1448508078645561
13 14 0.0015 0.14640269277660206
12 7 0.0015 0.10250174942582224
10 12 0.0016 0.1495341913231778
13 2 0.0018000000000000002 0.13970124195813416
3 4 0.0015 0.1270715922945181
9 0 0.0015 0.13065790044878808
1 2 0.0017000000000000001 0.10877525825700868
11 12 0.0012000000000000001 0.10389142445619456
12 1 0.0019 0.13001289542730493
9 13 0.0022 0.10460422200954565
13 12 0.0023 0.11961342102517705
4 5 0.0017000000000000001 0.14562386331507335
0 5 0.0018000000000000002 0.1133776623575298
11 12 0.0023 0.12920562372182004
7 12 0.002 0.12364694047619237
8 13 0.0024000000000000002 0.13209475503382503
