15
10 1 12 2 20 4 14 5 13 7 20 8 12 9 23 11 19 13 20 14 19
4 0 23 6 16 10 23 11 18
1 5 21
10 0 12 1 15 4 20 5 12 6 12 7 22 8 22 10 20 11 14 13 19
4 1 18 8 16 12 19 13 24
5 1 18 2 23 6 18 11 15 13 24
3 7 14 12 20 13 24
9 1 21 2 12 3 22 4 19 5 16 11 19 12 24 13 23 14 17
13 1 18 2 23 3 13 4 22 5 12 6 18 7 19 9 13 10 19 11 15 12 12 13 20 14 17
12 0 23 1 19 3 17 4 13 5 19 6 24 8 14 10 17 11 19 12 16 13 16 14 20
4 2 14 3 13 7 17 11 16
10 0 14 1 24 2 17 4 22 5 15 8 18 10 17 12 16 13 12 14 22
1 3 24
5 3 16 6 12 8 16 9 12 12 24
5 4 22 5 24 9 12 12 22 13 17
10
9 3 0.002
2 13 0.0017000000000000001
7 8 0.0022
9 13 0.0012000000000000001
2 12 0.0023
11 0 0.0014
0 13 0.0013000000000000002
4 12 0.0016
1 8 0.002
7 14 0.0022
20
11 8 0.0024000000000000002 0.1404745713397374
13 8 0.0023 0.13554142520031975
12 6 0.002 0.1296459400371341
13 7 0.0024000000000000002 0.14445339595965656
0 13 0.0023 0.11945446803100966
5 11 0.0023 0.13849966536002634
11 9 0.0015 0.1287321647309743
11 10 0.0021000000000000003 0.10008653137411018
9 3 0.0014 0.13046796013218662
14 1 0.0015 0.1287776794179585
14 2 0.0024000000000000002 0.133802145979606
7 2 0.0018000000000000002 0.13557394834294884
1 11 0.0019 0.1482632505663014
6 12 0.002 0.1073480724324845
1 9 0.0023 0.1458482791416628
0 1 0.0013000000000000002 0.10332984823551589
14 7 0.0015 0.14820212784467132
0 11 0.0012000000000000001 0.1441120675504347
8 1 0.0014 0.11480876650035882
8 1 0.0016 0.11752328743725025
