15
1 2 24
5 2 16 3 24 4 14 6 23 14 22
2 4 18 6 17
13 0 19 1 21 2 24 4 17 5 15 7 12 8 16 9 15 10 22 11 16 12 15 13 19 14 24
10 1 16 2 13 5 16 6 23 7 14 8 21 10 12 11 21 12 15 14 12
2 1 12 13 13
10 1 17 2 23 3 22 4 16 5 12 7 15 8 20 11 19 12 15 13 22
2 5 23 6 14
4 3 16 5 21 6 14 13 12
11 0 20 2 15 3 19 5 12 6 21 7 24 8 20 10 20 11 24 12 24 13 13
12 0 21 1 24 2 20 3 14 4 19 5 23 6 24 7 14 8 19 9 14 11 14 13 23
3 2 19 13 23 14 17
2 3 21 13 18
12 0 16 1 18 2 15 4 12 5 23 7 21 8 13 9 23 10 13 11 19 12 23 14 18
2 5 18 8 15
10
5 7 0.0017000000000000001
8 2 0.0015
2 4 0.0022
5 10 0.0024000000000000002
0 4 0.0016
9 11 0.0022
6 1 0.0024000000000000002
10 13 0.0012000000000000001
14 3 0.0015
13 12 0.0013000000000000002
20
12 9 0.0013000000000000002 0.13321998226465698
0 3 0.0022 0.13420960868505216
10 3 0.0018000000000000002 0.14227422753769894
10 11 0.0022 0.12553986833599096
8 5 0.0019 0.11113367958361577
3 13 0.0024000000000000002 0.12667827522060993
13 5 0.0012000000000000001 0.10452642448977499
12 10 0.0012000000000000001 0.14234606372887204
10 6 0.0017000000000000001 0.1143774074199906
1 12 0.0023 0.14136905402038996
4 5 0.0018000000000000002 0.14926528375534112
4 5 0.0023 0.10252620577614402
10 1 0.0013000000000000002 0.13614313026860494
10 8 0.0013000000000000002 0.14286485275265948
12 2 0.0019 0.10816461208489814
10 11 0.0023 0.12417748552320634
6 2 0.0012000000000000001 0.11947294770387351
12 11 0.0024000000000000002 0.1406634881999976
9 3 0.0015 0.1487899419701718
11 0 0.0019 0.11702147230317601
