15
6 1 19 3 15 6 20 10 17 13 16 14 22
3 3 21 12 19 14 22
7 4 18 5 15 6 17 8 13 9 15 10 21 14 12
7 2 20 4 16 5 18 6 19 11 22 12 17 13 14
5 1 17 7 14 11 22 12 13 14 13
13 0 20 1 17 2 24 3 24 4 16 6 23 7 15 8 24 9 24 10 20 11 12 12 23 13 16
12 1 18 2 19 3 14 4 23 7 18 8 15 9 23 10 12 11 19 12 24 13 23 14 21
2 2 15 9 20
13 0 18 1 20 3 15 4 22 5 14 6 14 7 19 9 12 10 22 11 12 12 15 13 18 14 12
9 1 12 2 15 3 24 5 14 6 18 7 21 8 16 11 18 13 18
9 0 23 1 15 2 13 6 21 7 13 8 13 9 21 12 17 14 23
9 0 13 1 23 3 15 6 14 7 21 9 14 10 21 12 21 13 12
9 0 13 1 15 2 17 3 15 4 14 8 19 10 20 11 14 14 16
12 0 24 1 15 2 23 3 20 4 24 5 15 6 14 7 21 8 13 10 17 11 24 12 21
1 8 14
10
2 1 0.0022
12 6 0.0018000000000000002
1 7 0.0018000000000000002
14 8 0.0019
13 14 0.0019
7 3 0.0022
11 10 0.0018000000000000002
6 2 0.0019
6 11 0.0016
11 13 0.0013000000000000002
20
5 11 0.0018000000000000002 0.11681651984503579
6 11 0.0018000000000000002 0.10717146204608534
12 8 0.0017000000000000001 0.11112572692737985
4 8 0.0019 0.12977925054519016
9 0 0.0022 0.14983693237231843
2 11 0.002 0.10392327074289695
5 6 0.0015 0.10442971385393746
6 13 0.0024000000000000002 0.13841987753782417
3 13 0.0021000000000000003 0.10339606070131485
1 7 0.0022 0.12385115975422241
10 2 0.002 0.12672190577129458
3 9 0.0012000000000000001 0.11824215008305121
3 0 0.0018000000000000002 0.1175221192712843
11 3 0.0021000000000000003 0.10995348951664922
8 7 0.0019 0.14797823954739203
9 11 0.0024000000000000002 0.13895324476398005
8 3 0.002 0.10469582977685644
14 13 0.0017000000000000001 0.13883407505059947
3 8 0.0012000000000000001 0.14052172364058751
10 8 0.0015 0.140798683117704
