15
13 1 23 2 12 3 15 4 18 5 15 6 12 8 21 9 12 10 24 11 15 12 23 13 22 14 15
2 2 14 11 17
12 0 17 1 23 3 17 4 20 5 22 6 22 7 12 8 24 9 15 10 21 11 13 13 18
10 0 18 1 22 5 16 7 22 8 22 9 20 10 13 11 12 12 16 14 23
3 3 12 9 18 11 12
3 4 16 8 17 14 24
5 1 16 4 15 7 14 12 19 13 15
13 0 17 1 18 2 20 3 24 4 13 5 12 6 24 8 22 9 19 10 18 11 17 12 14 13 13
11 0 20 1 20 3 20 4 18 6 13 7 12 9 23 10 13 11 14 12 21 14 17
11 0 21 2 15 3 16 4 14 5 17 7 23 8 21 10 18 12 16 13 17 14 15
4 0 24 2 15 13 14 14 19
6 2 17 3 21 6 12 7 23 8 16 9 17
6 0 21 3 16 4 18 9 15 10 14 11 13
8 3 15 4 19 5 14 8 16 9 14 10 15 11 17 14 19
9 0 20 2 12 3 13 4 18 5 12 6 14 8 14 9 23 13 21
10
13 6 0.0021000000000000003
12 3 0.0014
11 13 0.0024000000000000002
11 2 0.002
3 6 0.0012000000000000001
7 4 0.0017000000000000001
11 12 0.0016
8 1 0.0019
6 12 0.0018000000000000002
0 2 0.0012000000000000001
20
4 11 0.002 0.13134983586754548
12 9 0.002 0.10206396697598338
12 6 0.0021000000000000003 0.14818227784115456
10 4 0.0015 0.11442869300873039
10 5 0.0014 0.12222156558288796
0 2 0.002 0.1232134832883196
10 1 0.002 0.13998886369617614
0 7 0.002 0.12345868944879608
6 1 0.0014 0.12970718259985814
10 0 0.0018000000000000002 0.14110811318919214
0 13 0.0012000000000000001 0.14695014010547736
13 8 0.0024000000000000002 0.14957865212616822
4 9 0.0013000000000000002 0.12841149524603926
3 13 0.0013000000000000002 0.104459086373729
4 14 0.0019 0.13878715846083567
12 5 0.0022 0.10719721174403801
13 14 0.002 0.13820087975813694
11 6 0.0024000000000000002 0.14865063828087505
10 7 0.0017000000000000001 0.10770952497561474
10 4 0.0012000000000000001 0.1436296365806889
