15
5 1 13 2 24 8 14 11 19 13 18
8 0 14 2 23 4 18 7 17 8 12 9 14 12 18 14 16
11 0 13 1 14 3 19 5 20 6 15 7 15 8 12 9 17 10 21 11 19 13 17
3 4 23 8 22 14 15
11 0 23 2 21 3 12 5 19 6 18 8 20 9 19 10 12 11 24 12 12 14 19
1 12 14
9 0 15 1 15 2 19 5 22 7 20 9 19 11 14 12 12 14 14
11 0 23 2 17 3 21 4 19 5 19 6 16 8 15 9 22 10 16 12 16 14 13
7 0 22 2 21 5 24 6 23 11 17 12 22 13 21
9 2 14 3 18 4 15 5 17 7 14 8 15 10 17 12 12 14 21
8 1 22 2 20 3 19 4 12 8 18 11 17 13 16 14 18
2 0 23 10 19
11 0 22 2 23 3 16 4 18 5 16 6 12 7 17 8 18 10 19 11 22 14 21
11 0 16 4 19 5 21 6 21 7 13 8 18 9 20 10 19 11 19 12 16 14 16
8 1 22 2 23 5 20 6 22 9 15 10 20 11 16 12 15
10
11 13 0.0016
8 14 0.0014
8 6 0.0014
2 9 0.0022
14 6 0.002
9 1 0.0019
10 14 0.002
4 10 0.0018000000000000002
10 4 0.0012000000000000001
7 3 0.0023
20
10 3 0.0015 0.11781506332108442
4 10 0.0015 0.10177684273360699
14 13 0.002 0.14643973091487117
11 5 0.0018000000000000002 0.14023815029036021
12 1 0.0013000000000000002 0.1495726978123117
11 5 0.0012000000000000001 0.14603349384936481
3 8 0.0012000000000000001 0.10082761601930794
11 12 0.0024000000000000002 0.1037374096343046
6 1 0.0019 0.14804379344353108
5 3 0.0014 0.10918630225439721
6 11 0.0024000000000000002 0.1053499386440799
3 8 0.0012000000000000001 0.11456832971598749
4 11 0.0012000000000000001 0.1127438058719367
0 14 0.002 0.11257733321151282
4 9 0.0018000000000000002 0.14446913212081067
4 10 0.0016 0.1194909606738515
0 14 0.0015 0.14281048659637752
10 6 0.002 0.13688139892191636
1 3 0.0019 0.1384584951025851
11 1 0.0022 0.12792097493619561
