15
6 1 15 3 17 4 16 7 18 9 14 12 14
5 3 17 5 17 8 23 13 21 14 22
7 0 20 1 21 4 18 5 18 7 20 10 20 14 23
13 0 22 1 13 2 20 4 24 6 12 7 19 8 13 9 15 10 17 11 19 12 15 13 12 14 19
3 1 18 5 12 12 18
7 0 22 4 17 7 17 9 16 11 16 12 15 14 24
13 0 16 1 16 2 19 3 24 4 16 5 13 7 13 8 20 9 12 10 13 11 16 12 12 14 14
2 3 21 12 24
11 0 14 1 15 2 14 4 23 6 16 7 23 10 20 11 24 12 13 13 22 14 17
4 1 21 3 19 13 17 14 22
5 0 16 1 14 3 13 7 14 12 18
6 2 16 5 21 8 23 9 15 10 15 12 21
11 0 21 1 18 2 18 4 12 6 14 7 16 8 23 9 14 10 16 11 16 13 21
1 3 12
3 0 21 6 19 7 21
10
13 5 0.0012000000000000001
14 4 0.0015
8 7 0.002
10 5 0.0023
11 3 0.0021000000000000003
7 8 0.0017000000000000001
6 9 0.0017000000000000001
5 8 0.0013000000000000002
13 5 0.0019
11 6 0.0017000000000000001
20
11 0 0.0017000000000000001 0.12382092576268543
9 6 0.0022 0.10262911445397906
10 9 0.0016 0.14167888200037274
7 1 0.0012000000000000001 0.1458680774338964
12 13 0.0014 0.10441731227409326
5 11 0.0023 0.12355220416389574
14 2 0.0017000000000000001 0.12117865797948045
5 0 0.0012000000000000001 0.13884384854697318
13 14 0.0017000000000000001 0.12937226131205917
1 9 0.0016 0.12792703683480808
14 8 0.0023 0.12527160797719253
4 9 0.0019 0.13773151175570164
7 12 0.0021000000000000003 0.10915145002071687
10 7 0.0012000000000000001 0.10914625659420756
1 2 0.0019 0.14755971625237002
5 3 0.0013000000000000002 0.132120922564657
1 14 0.0021000000000000003 0.1131049480118872
6 7 0.0023 0.12319072438192315
1 10 0.0014 0.1385059153524465
3 11 0.0013000000000000002 0.12807241244159812
