15
12 1 15 2 20 3 16 4 24 5 16 6 23 7 21 8 24 9 24 12 19 13 17 14 13
11 0 22 2 22 3 21 4 22 5 21 6 21 7 22 8 15 9 18 11 23 14 20
4 5 24 9 23 12 24 14 15
8 0 23 5 13 6 15 8 22 9 13 10 16 11 15 14 21
1 14 17
4 1 17 2 17 8 19 9 24
5 0 13 2 19 5 24 10 14 12 22
3 10 19 13 16 14 22
5 3 23 7 22 9 20 11 17 13 19
11 0 24 1 15 2 21 3 16 4 15 5 17 7 14 8 24 11 14 13 16 14 18
5 2 22 4 13 5 24 9 13 13 21
8 0 22 1 17 6 20 7 17 8 14 10 16 13 16 14 12
1 4 15
3 6 16 7 17 12 24
8 0 22 1 15 4 17 5 22 6 24 8 17 10 24 12 24
10
5 1 0.0019
4 9 0.0019
3 13 0.002
10 9 0.0012000000000000001
9 6 0.0017000000000000001
9 13 0.0016
5 1 0.0015
4 1 0.0012000000000000001
2 7 0.0013000000000000002
4 2 0.0019
20
14 2 0.0013000000000000002 0.10660369216433288
4 10 0.0012000000000000001 0.10836829955576424
7 0 0.0023 0.12506577405685032
8 5 0.0017000000000000001 0.11783837496934489
5 4 0.0022 0.10951339745785511
4 13 0.0012000000000000001 0.12259630682833271
0 11 0.0017000000000000001 0.11461579750842493
6 7 0.0012000000000000001 0.14594767210558326
1 7 0.0023 0.13325741202000987
2 10 0.0012000000000000001 0.12257207801077484
0 3 0.002 0.108925613721788
13 7 0.0015 0.10829931162624448
11 14 0.0013000000000000002 0.10114640147102905
5 8 0.0022 0.12414183559706538
5 13 0.0022 0.1053635113138883
8 7 0.0012000000000000001 0.14195190471303643
1 12 0.0019 0.12185520688693316
3 4 0.002 0.12497420529387217
9 4 0.0021000000000000003 0.10083506021572441
0 1 0.0021000000000000003 0.12172541712062465
