15
10 1 15 2 22 3 19 4 15 6 16 8 23 10 23 12 18 13 12 14 24
6 0 24 2 19 8 23 9 22 10 19 11 16
8 0 13 3 12 4 18 6 12 7 24 8 17 9 14 10 13
3 8 14 10 16 13 15
5 2 24 5 15 9 19 10 19 13 21
1 12 17
13 0 17 1 17 2 17 3 15 4 13 5 23 7 15 8 19 9 23 10 18 11 21 12 16 14 16
8 0 12 5 16 6 24 8 22 10 23 12 14 13 17 14 17
9 1 22 2 14 3 24 4 18 7 18 9 18 10 19 11 24 13 17
5 3 20 5 22 6 18 8 13 14 17
9 0 13 1 18 3 18 4 19 7 23 8 24 11 21 12 20 14 24
10 1 20 5 21 6 22 7 17 8 17 9 17 10 14 12 21 13 19 14 22
9 0 23 2 17 3 21 4 12 6 13 7 19 8 18 10 12 11 20
6 1 16 2 19 3 13 5 19 12 22 14 17
6 2 24 3 12 8 13 9 18 12 23 13 16
10
14 10 0.0015
3 13 0.002
13 12 0.0023
7 5 0.0018000000000000002
11 0 0.002
1 8 0.0019
12 4 0.0023
10 8 0.0012000000000000001
5 14 0.002
5 10 0.0021000000000000003
20
9 0 0.002 0.11066722251090247
5 1 0.0012000000000000001 0.11249717346499369
10 1 0.0013000000000000002 0.140716136468431
2 3 0.0019 0.14862591430545724
13 2 0.0018000000000000002 0.11749569058090581
3 13 0.0021000000000000003 0.12169378639590872
8 11 0.0024000000000000002 0.10412570202266085
13 8 0.0022 0.12503865481501822
9 3 0.0012000000000000001 0.12833670030667974
12 13 0.0018000000000000002 0.11865115099291997
6 10 0.0021000000000000003 0.10448641852337388
7 9 0.0022 0.14676588696227444
3 2 0.002 0.12276627963086845
4 0 0.0024000000000000002 0.13830123188650817
12 11 0.0014 0.11945643466545242
3 4 0.0015 0.11946876241231133
11 7 0.0022 0.12665189185675102
12 7 0.0016 0.1048304155172336
3 6 0.002 0.12776293445405487
13 9 0.0022 0.11334698854556509
