15
3 4 12 6 19 7 20
11 0 18 3 15 4 12 5 18 6 19 7 16 8 21 9 21 10 19 11 15 12 17
2 6 13 11 23
1 5 15
8 1 12 3 17 5 20 8 18 9 15 11 23 12 18 14 22
13 0 23 1 24 2 14 3 23 4 18 6 24 7 16 8 23 9 16 10 23 12 20 13 20 14 17
12 0 16 1 18 2 24 3 17 7 19 8 15 9 20 10 18 11 18 12 12 13 15 14 24
4 0 18 2 20 9 21 12 13
12 0 12 2 24 3 16 4 12 5 18 6 13 7 12 9 13 10 17 11 17 12 13 13 19
13 0 22 1 18 2 12 3 18 4 19 5 17 7 21 8 13 10 16 11 16 12 17 13 23 14 13
12 0 18 1 12 2 16 3 24 5 17 6 20 7 15 8 23 11 15 12 13 13 20 14 18
13 0 21 1 19 2 15 3 24 4 23 5 12 6 21 7 21 8 12 10 18 12 18 13 23 14 20
5 1 20 2 19 6 21 10 21 14 15
8 0 22 1 21 3 13 7 23 8 18 9 24 11 14 14 14
2 10 15 11 14
10
10 11 0.0014
1 14 0.0021000000000000003
5 6 0.0014
3 11 0.0024000000000000002
3 13 0.0013000000000000002
8 10 0.0017000000000000001
12 10 0.0017000000000000001
12 4 0.0014
10 14 0.0023
3 0 0.0016
20
3 5 0.0019 0.11925253334483385
12 0 0.0023 0.10915182001986284
14 6 0.0022 0.11544405714290941
3 6 0.0021000000000000003 0.12975403563216575
5 1 0.0024000000000000002 0.10271275365488229
3 6 0.0019 0.10355725462109583
4 11 0.0012000000000000001 0.13297312561057106
3 2 0.0016 0.14204710980243887
11 9 0.0023 0.10216200237694632
1 6 0.0022 0.102893867623194
14 6 0.0017000000000000001 0.1099806380068688
11 0 0.0022 0.11958637488130108
13 5 0.0016 0.14223745477937957
13 10 0.0017000000000000001 0.12844231474899337
13 4 0.0021000000000000003 0.12679460491665903
13 3 0.0019 0.12133612915775412
3 8 0.0014 0.12884047853538116
3 4 0.0013000000000000002 0.12252041925131028
13 12 0.0021000000000000003 0.10740703362183622
9 11 0.0013000000000000002 0.14034356839048817
