15
5 4 14 7 23 9 15 10 13 12 19
11 0 13 3 18 4 15 5 23 7 18 8 21 9 14 10 17 11 19 13 23 14 13
11 0 14 1 15 3 20 4 14 5 13 6 19 8 20 9 19 11 13 13 22 14 12
13 0 22 2 18 4 17 5 14 6 12 7 12 8 19 9 20 10 21 11 20 12 12 13 24 14 24
5 5 13 6 15 8 15 10 22 12 16
12 0 21 1 15 2 19 3 17 6 16 7 19 9 18 10 19 11 17 12 22 13 13 14 13
10 0 12 1 24 4 19 5 20 8 24 9 20 11 22 12 23 13 18 14 17
10 1 20 2 12 3 24 4 16 6 24 8 22 9 20 12 12 13 14 14 24
5 0 13 3 13 11 23 12 19 14 16
2 12 16 14 18
5 1 18 5 21 8 14 12 24 14 17
10 0 13 1 15 2 23 4 18 5 18 7 22 9 20 10 15 12 15 13 21
3 4 22 9 15 11 20
8 0 18 1 18 3 21 5 23 6 12 9 21 10 14 12 22
13 0 13 1 18 2 13 3 16 4 22 5 12 6 14 7 14 8 12 9 17 11 17 12 18 13 15
10
7 3 0.0015
10 14 0.0023
1 13 0.0022
1 10 0.0019
10 12 0.0014
4 7 0.0012000000000000001
13 10 0.0024000000000000002
13 5 0.0014
8 10 0.0022
1 6 0.002
20
3 11 0.002 0.1482557364519712
3 5 0.0018000000000000002 0.13564333726355382
5 3 0.002 0.10392226354988297
12 1 0.0022 0.11703494156553743
3 6 0.0014 0.10179812922755947
6 4 0.0017000000000000001 0.1441022926251188
3 0 0.0019 0.12748046990690506
10 9 0.002 0.13966937544532138
9 6 0.0024000000000000002 0.12172875130712661
8 10 0.0017000000000000001 0.14496524989974352
11 8 0.0018000000000000002 0.14430302541440027
14 3 0.0023 0.13507996530105837
7 14 0.0023 0.12840248800133594
10 6 0.0022 0.13811126205797278
2 7 0.0017000000000000001 0.12590747934617816
5 8 0.0017000000000000001 0.13529762610295704
2 14 0.0012000000000000001 0.14912438559483338
2 14 0.0024000000000000002 0.11455326824332611
12 2 0.0024000000000000002 0.1383947942627553
5 9 0.0015 0.1452014954113637
