15
1 7 17
7 0 22 2 20 3 12 7 14 10 17 11 13 14 20
6 1 12 3 19 6 12 12 19 13 16 14 16
13 0 13 1 12 2 15 4 23 5 24 6 18 8 18 9 20 10 16 11 23 12 17 13 21 14 17
7 2 22 3 24 5 16 8 19 11 15 13 12 14 21
11 0 13 1 16 2 23 3 18 8 18 9 14 10 15 11 24 12 13 13 15 14 18
13 0 13 1 20 2 20 3 19 4 12 5 12 7 12 8 22 9 19 10 22 12 17 13 19 14 23
4 0 21 3 17 5 18 9 17
8 0 22 1 16 3 15 6 19 7 16 9 19 13 18 14 19
1 6 19
12 0 19 1 14 2 18 3 14 4 16 6 15 7 16 8 21 9 19 11 14 12 20 13 14
4 8 21 10 12 13 16 14 23
2 5 23 10 14
7 1 12 2 12 4 22 5 17 6 24 8 12 9 12
1 2 19
10
3 8 0.0022
14 0 0.0021000000000000003
2 4 0.0019
14 9 0.0013000000000000002
4 9 0.0024000000000000002
6 9 0.002
14 6 0.0024000000000000002
6 2 0.0019
3 10 0.0021000000000000003
1 14 0.0024000000000000002
20
2 5 0.0024000000000000002 0.1043212673946865
12 6 0.002 0.14986842667247485
11 10 0.0019 0.13233340523732404
1 3 0.0023 0.10592660134940313
11 14 0.0023 0.13814729631434972
5 0 0.0014 0.13213855075238606
10 7 0.0015 0.14248373726351765
14 12 0.0019 0.1442370945627453
2 10 0.0017000000000000001 0.1431608061627513
4 9 0.0015 0.1492806312971988
14 8 0.0022 0.12269218966703534
4 6 0.0017000000000000001 0.14904677147180015
5 13 0.0015 0.1278627770854904
9 6 0.0012000000000000001 0.12456486230712946
9 2 0.0023 0.10938516775001372
4 10 0.0019 0.1288810362912246
7 10 0.0015 0.1230144518154447
11 9 0.0012000000000000001 0.1436662029874382
13 7 0.0017000000000000001 0.13584865357729517
9 13 0.0024000000000000002 0.1337733166910259
