15
9 1 17 2 13 3 23 5 21 9 12 11 15 12 16 13 14 14 17
12 0 23 2 18 3 22 4 16 6 15 7 12 8 13 9 17 10 24 11 18 12 19 13 21
1 11 22
9 0 20 1 12 2 18 6 20 7 14 8 14 11 20 13 19 14 13
11 1 20 2 14 3 12 5 15 6 20 8 12 9 15 10 12 11 19 13 18 14 22
4 1 12 4 12 6 17 10 22
4 1 21 7 20 8 19 11 13
6 2 15 3 21 5 12 10 13 12 17 14 19
2 7 20 11 14
5 6 20 7 14 8 12 11 15 13 20
3 3 21 6 16 13 15
10 0 17 2 17 5 17 7 23 8 12 9 14 10 12 12 23 13 17 14 18
13 1 19 2 16 3 22 4 21 5 21 6 19 7 14 8 17 9 19 10 23 11 12 13 24 14 13
2 4 22 8 21
6 0 12 1 17 2 17 6 13 9 24 13 20
10
2 3 0.0012000000000000001
13 6 0.0012000000000000001
9 5 0.0013000000000000002
7 1 0.0012000000000000001
2 13 0.0024000000000000002
12 1 0.0018000000000000002
4 0 0.0015
13 12 0.0022
11 10 0.0019
12 6 0.0018000000000000002
20
5 12 0.0017000000000000001 0.12113497700838202
13 9 0.0016 0.10572083250980568
11 3 0.0015 0.14718970368663203
3 9 0.0022 0.10690788518467131
13 11 0.0016 0.12852190600402305
14 9 0.0022 0.10500581870556755
6 11 0.0019 0.13878264474011223
4 0 0.0018000000000000002 0.13987104894994465
2 10 0.0017000000000000001 0.1437357163242021
0 2 0.0012000000000000001 0.14718393140719327
11 9 0.0017000000000000001 0.12098724826576543
3 2 0.0014 0.10822485510261262
9 6 0.0024000000000000002 0.10124445637496725
4 7 0.0013000000000000002 0.14829710914496075
1 6 0.0012000000000000001 0.1268427456579693
11 4 0.0013000000000000002 0.1421127736665403
12 3 0.0022 0.14447868790828539
12 0 0.0016 0.13764257750127418
8 11 0.0013000000000000002 0.13095458703598628
3 1 0.002 0.12076374512672229
