15
7 1 17 6 12 8 21 9 19 11 22 12 12 14 20
9 0 18 2 18 3 24 7 15 8 16 9 22 11 15 13 17 14 20
12 0 20 1 22 3 19 4 12 5 23 6 13 7 15 8 22 10 23 11 20 13 14 14 24
4 1 21 6 13 9 24 11 16
5 1 20 2 16 10 21 12 12 14 21
2 12 22 13 15
2 5 24 14 22
3 1 13 4 22 14 18
13 1 21 2 23 3 13 4 15 5 13 6 22 7 20 9 21 10 21 11 21 12 17 13 15 14 20
13 1 22 2 19 3 12 4 12 5 18 6 15 7 13 8 14 10 13 11 21 12 15 13 12 14 24
10 0 24 3 21 4 23 5 23 6 16 7 14 9 19 11 22 13 20 14 12
12 1 24 2 17 3 21 4 13 5 20 6 19 8 15 9 14 10 15 12 20 13 21 14 12
12 0 21 1 20 2 15 4 16 5 24 6 23 7 12 9 16 10 22 11 19 13 12 14 13
7 1 21 3 14 4 18 6 22 7 16 8 12 10 17
8 0 12 1 19 6 14 7 22 8 22 9 18 10 23 13 13
10
13 7 0.0021000000000000003
6 1 0.0015
12 0 0.0014
5 1 0.0017000000000000001
5 1 0.0016
14 2 0.0015
1 8 0.0015
13 9 0.0019
6 10 0.0017000000000000001
9 3 0.0024000000000000002
20
5 9 0.0017000000000000001 0.1124805370277079
14 11 0.0013000000000000002 0.11454261761362454
8 11 0.0013000000000000002 0.11953575679529599
14 7 0.0012000000000000001 0.1279391776249689
7 1 0.0014 0.13967525867136804
0 3 0.0018000000000000002 0.12292886238067796
7 12 0.002 0.12958156831530043
7 8 0.0016 0.13527138118128698
13 0 0.0017000000000000001 0.13600707738461698
14 12 0.0013000000000000002 0.10364309057869474
2 1 0.0016 0.10539322265806451
4 0 0.0014 0.13819956966982055
3 5 0.0021000000000000003 0.1475006458292993
7 10 0.0016 0.10166112871593704
1 0 0.0014 0.1484739104048042
5 8 0.0012000000000000001 0.11959868436068127
1 3 0.0013000000000000002 0.12958781778107972
6 14 0.0021000000000000003 0.14111999264953048
13 0 0.0012000000000000001 0.10053847304766957
1 13 0.0012000000000000001 0.11282849116823367
