15
6 1 19 2 12 3 20 5 12 8 17 13 14
8 0 20 4 12 6 15 8 23 9 19 10 13 11 21 13 20
4 1 21 5 19 7 17 13 22
5 4 17 5 18 6 19 11 22 13 17
8 0 14 1 20 2 21 3 12 7 24 8 21 11 21 13 19
3 3 20 4 12 11 20
5 1 23 10 18 11 20 12 14 13 15
7 1 17 4 16 6 20 9 13 10 18 11 24 13 14
8 0 13 1 22 4 19 5 23 6 13 9 21 10 24 12 24
13 0 13 1 14 2 18 3 21 4 19 5 21 6 13 7 12 8 24 10 19 11 22 12 15 13 21
3 3 19 5 12 14 20
12 0 15 1 18 2 16 3 17 4 22 5 13 6 21 8 12 9 15 10 18 13 18 14 17
5 2 12 7 19 10 12 13 20 14 14
10 0 13 2 16 4 18 5 17 6 22 7 19 9 16 10 14 11 12 12 13
6 2 22 3 16 6 20 10 22 11 22 12 16
10
12 13 0.0013000000000000002
5 7 0.0014
5 9 0.002
3 12 0.0013000000000000002
7 5 0.0018000000000000002
10 2 0.002
3 10 0.0024000000000000002
9 11 0.0018000000000000002
2 8 0.0024000000000000002
10 14 0.0024000000000000002
20
5 6 0.0023 0.13338973565306186
2 12 0.0015 0.1476787711337892
8 0 0.0017000000000000001 0.1295830743191647
2 13 0.0014 0.12622664733795036
3 10 0.0014 0.1060677681403748
10 9 0.0012000000000000001 0.14067899087270533
9 5 0.0012000000000000001 0.14610106807349194
14 9 0.0023 0.14226801107860787
3 11 0.0019 0.11873951629973453
6 2 0.0015 0.12707927935374763
11 5 0.0016 0.13715545430062515
3 8 0.0021000000000000003 0.13463113473169544
13 3 0.0012000000000000001 0.10297244836972487
1 2 0.0024000000000000002 0.138631539724713
4 9 0.0014 0.13535405648824764
8 12 0.002 0.14728948685441076
5 11 0.0019 0.10583449742799685
5 11 0.0014 0.115773653215471
0 13 0.0018000000000000002 0.13161949659107416
9 14 0.0023 0.12771118955002916
