15
6 1 19 4 16 8 17 10 18 13 22 14 18
8 2 21 3 13 4 14 5 21 6 12 7 16 8 17 13 12
8 0 20 4 17 5 16 6 18 9 14 11 13 13 23 14 18
8 2 13 4 23 6 23 7 16 9 24 10 24 11 14 14 18
9 0 22 2 18 3 14 5 12 6 17 9 17 10 23 12 24 14 13
1 7 14
3 1 23 8 14 11 16
11 0 12 1 23 2 13 3 15 4 14 5 22 9 13 10 19 11 24 12 16 14 22
8 2 22 3 18 5 23 6 20 10 18 12 14 13 23 14 14
2 2 21 12 13
13 0 12 1 13 2 19 3 15 5 14 6 23 7 16 8 18 9 12 11 22 12 15 13 17 14 17
5 0 19 1 23 4 22 5 19 8 22
7 0 14 4 17 5 21 7 18 9 18 10 20 13 19
5 0 13 1 24 5 20 6 18 7 12
9 0 16 1 24 3 16 5 18 6 16 7 14 8 22 11 13 13 22
10
2 10 0.0022
2 10 0.0018000000000000002
11 14 0.002
0 2 0.0022
12 5 0.0012000000000000001
5 4 0.0023
3 9 0.0015
6 10 0.0013000000000000002
11 9 0.0019
14 11 0.0016
20
13 4 0.0014 0.13423049748462762
14 3 0.0017000000000000001 0.11487894956442107
1 11 0.0024000000000000002 0.11516105905883331
11 5 0.0013000000000000002 0.11486226873548967
11 8 0.0023 0.14863381989782565
1 6 0.002 0.12093187119231855
11 13 0.0015 0.13064933396499567
13 14 0.002 0.14348212715235936
6 1 0.0024000000000000002 0.14846577618561754
7 4 0.0022 0.12953371344296907
3 9 0.0015 0.13209956516459317
6 9 0.002 0.12060731045274085
10 12 0.0018000000000000002 0.132060353979985
6 9 0.0016 0.1110205415343818
10 0 0.0012000000000000001 0.14103359374500532
0 8 0.0017000000000000001 0.1336173712157151
11 14 0.0017000000000000001 0.13608065624908774
11 3 0.0013000000000000002 0.14190684878999252
10 13 0.0017000000000000001 0.10998421486299931
10 14 0.0017000000000000001 0.10458236646427718
