20
13 1 18 2 17 3 13 4 14 6 20 9 18 10 14 12 23 14 22 15 22 16 24 18 22 19 24
11 0 22 2 24 5 16 6 18 9 19 11 17 12 12 13 19 15 19 18 20 19 23
11 0 24 1 14 3 13 4 17 6 22 7 20 8 12 9 20 11 23 12 24 15 13
17 0 19 2 18 5 23 6 20 7 23 8 12 9 24 10 20 11 22 12 12 13 16 14 21 15 13 16 23 17 20 18 15 19 22
12 0 17 2 18 3 15 5 14 7 14 8 16 9 17 10 18 11 19 14 16 15 21 17 24
6 1 24 2 15 8 24 10 18 12 22 17 23
7 1 24 2 12 12 19 14 15 16 15 17 19 18 20
14 0 22 1 12 2 21 3 23 6 20 9 18 10 24 13 15 14 22 15 21 16 16 17 19 18 13 19 24
3 9 24 18 24 19 18
15 0 14 1 14 2 16 3 22 6 12 7 21 8 17 10 18 11 14 12 24 13 20 15 20 17 24 18 19 19 14
5 6 13 8 13 11 18 12 18 19 24
6 0 15 5 15 7 16 8 17 15 22 19 23
10 0 12 2 15 3 19 4 15 6 21 7 16 9 22 14 24 17 19 19 15
14 2 20 3 12 4 19 5 16 6 19 7 16 9 14 11 14 12 14 14 16 16 23 17 23 18 21 19 21
16 0 14 2 21 3 24 4 22 5 20 6 13 7 22 8 22 9 13 10 12 11 24 13 21 15 17 16 14 17 14 18 20
1 11 12
16 0 21 1 23 2 15 3 20 4 19 5 24 7 24 9 22 10 13 11 23 12 21 13 23 14 12 15 16 17 12 19 22
8 1 20 2 17 4 14 8 21 10 12 13 14 16 16 18 15
17 0 22 1 19 2 21 3 13 4 24 5 12 6 14 8 13 9 15 10 12 11 23 13 20 14 21 15 14 16 15 17 15 19 24
10 2 18 3 14 5 13 7 20 10 12 12 20 13 13 14 15 15 14 18 18
8
17 18 0.0013000000000000002
10 3 0.002
0 1 0.0013000000000000002
10 9 0.0023
10 16 0.0017000000000000001
11 13 0.0023
6 9 0.0018000000000000002
10 3 0.0015
24
15 0 0.0021000000000000003 0.12116063267759639
19 3 0.0022 0.14793563934811926
9 17 0.0021000000000000003 0.13320244833294348
12 18 0.0021000000000000003 0.14819163005656577
0 16 0.0022 0.1093921148034718
0 10 0.0023 0.12110096005564738
0 18 0.0016 0.10781797542861676
12 8 0.0016 0.14668599391848752
4 5 0.0014 0.1001426370293942
5 3 0.0024000000000000002 0.10771681839172416
10 8 0.002 0.1490032544156728
5 14 0.0022 0.11038768584419958
13 14 0.0015 0.1211936599255494
0 18 0.0014 0.1400512638115306
17 6 0.0024000000000000002 0.14085766922357476
10 1 0.0023 0.14345477299584042
11 16 0.0019 0.14949004569974142
12 11 0.0018000000000000002 0.12895242838811102
5 4 0.0021000000000000003 0.1333047814323356
13 7 0.002 0.1388485966268071
5 18 0.0012000000000000001 0.13773161061945086
19 12 0.0024000000000000002 0.11082069368371465
10 5 0.0017000000000000001 0.10458804778239025
2 4 0.0021000000000000003 0.1375648379205857
