20
14 4 18 5 17 6 24 7 18 8 24 9 19 10 19 11 15 12 24 13 12 14 17 17 21 18 12 19 22
2 4 22 18 14
10 0 14 3 13 5 14 7 20 10 14 11 20 12 19 13 21 15 12 17 19
17 0 22 1 16 4 19 5 19 6 23 7 17 8 15 9 15 10 24 12 21 13 17 14 23 15 12 16 13 17 21 18 13 19 22
15 0 20 3 16 6 23 7 24 8 14 9 19 10 18 11 18 12 14 13 19 14 18 15 13 16 18 18 23 19 16
8 0 14 1 15 3 20 6 23 8 17 10 22 12 18 17 17
17 0 15 1 13 2 20 3 12 4 20 5 16 7 17 8 19 9 12 10 17 13 23 14 21 15 16 16 14 17 18 18 13 19 13
3 6 19 15 21 16 21
8 3 12 11 19 12 24 14 16 16 16 17 16 18 14 19 14
9 0 12 1 20 2 20 7 12 10 24 12 17 14 20 17 16 19 12
2 7 12 9 23
8 1 23 5 12 6 14 7 19 8 14 12 13 13 15 16 24
7 1 18 2 19 3 15 5 24 10 12 13 13 17 24
4 3 16 6 13 11 21 12 20
6 2 15 3 16 4 20 7 15 17 18 19 20
18 0 12 1 16 2 14 3 20 4 22 5 13 6 22 7 24 8 13 10 22 11 14 12 13 13 15 14 18 16 17 17 23 18 14 19 24
13 0 24 1 18 2 19 3 24 4 12 7 19 8 13 9 14 11 23 13 21 14 22 18 13 19 21
6 3 13 4 23 6 18 13 12 14 22 15 19
16 0 22 1 17 2 19 3 23 4 19 5 14 6 19 7 22 8 17 9 13 11 21 12 17 13 18 14 23 16 23 17 18
13 0 19 1 16 2 18 4 22 6 23 7 20 8 12 10 12 11 19 13 12 16 21 17 23 18 24
8
1 15 0.0017000000000000001
6 17 0.0018000000000000002
0 1 0.0016
11 6 0.0018000000000000002
18 2 0.0012000000000000001
15 14 0.0023
13 19 0.0022
16 8 0.0018000000000000002
24
3 5 0.0024000000000000002 0.11608501243165127
2 9 0.0012000000000000001 0.12096466651377853
11 8 0.0015 0.14378360388170947
5 7 0.0013000000000000002 0.10237396482960462
14 16 0.0017000000000000001 0.12719402495645266
13 15 0.0022 0.11428555080505205
5 7 0.0016 0.10872052240417764
6 16 0.0024000000000000002 0.10813988933423048
8 0 0.0024000000000000002 0.1291321257064228
5 1 0.0012000000000000001 0.12848691182319164
1 0 0.0021000000000000003 0.10908991264728085
1 15 0.0021000000000000003 0.10189108787542478
8 0 0.002 0.10547635848499037
2 12 0.0012000000000000001 0.12896930467174136
7 4 0.0022 0.12401265607261386
12 5 0.0014 0.14775257456912172
17 7 0.0022 0.14910625898479615
18 10 0.0015 0.1364648247680667
13 11 0.002 0.13078182910668246
17 11 0.0021000000000000003 0.1415961537663612
1 8 0.0015 0.10366016033081157
3 0 0.0019 0.10104411579298803
15 9 0.0021000000000000003 0.1481973827207627
6 10 0.0024000000000000002 0.1243083771926987
