20
6 5 14 7 20 10 19 13 13 16 15 17 23
1 5 23
3 5 19 13 17 16 14
18 0 21 1 16 2 14 4 17 5 12 6 23 7 12 8 24 9 15 10 15 11 17 12 15 13 13 14 19 15 12 16 18 17 18 19 18
16 0 14 1 17 2 15 3 24 5 22 6 20 7 17 9 21 11 16 12 19 13 23 14 12 15 22 17 22 18 16 19 20
14 0 24 1 20 2 14 3 19 6 19 7 21 8 18 9 12 12 22 15 13 16 15 17 12 18 15 19 16
12 0 17 1 16 2 23 3 15 5 23 8 13 10 17 11 13 15 16 16 18 18 17 19 18
11 0 20 1 13 4 21 5 17 8 24 10 19 12 22 15 13 16 19 18 14 19 22
4 3 16 7 17 14 20 18 23
17 0 20 1 17 2 13 3 21 4 14 5 20 6 24 7 14 8 20 10 15 11 16 14 24 15 18 16 13 17 24 18 14 19 15
2 6 16 15 13
6 5 20 7 22 8 22 9 24 14 13 18 18
13 0 24 1 22 2 13 3 18 4 13 8 24 10 14 11 24 14 20 15 24 16 20 17 24 18 13
1 2 17
13 0 21 2 15 4 13 5 19 6 12 7 13 8 15 10 19 11 17 12 24 15 14 16 17 17 16
15 0 19 2 18 3 16 4 17 5 15 6 21 7 20 8 12 9 13 10 16 11 16 12 13 13 23 18 17 19 20
7 0 20 3 24 6 18 10 13 13 17 17 21 19 21
6 4 12 12 21 14 18 16 12 18 13 19 22
13 2 12 3 21 4 16 5 14 6 19 7 20 8 19 10 17 12 19 13 13 14 24 17 23 19 20
13 0 24 1 17 2 24 3 23 5 19 8 17 10 13 11 18 13 17 14 16 16 24 17 19 18 20
8
11 5 0.0017000000000000001
15 3 0.002
2 10 0.0024000000000000002
13 5 0.002
18 10 0.0015
11 3 0.0013000000000000002
12 8 0.0021000000000000003
0 18 0.0023
24
0 18 0.0016 0.1259199605258994
14 5 0.0017000000000000001 0.12290545725161024
0 5 0.0024000000000000002 0.14866759050508668
5 19 0.0016 0.12572961519020026
11 9 0.0013000000000000002 0.10368361803574291
16 7 0.0013000000000000002 0.10295832844157057
6 10 0.0012000000000000001 0.10706943981801768
7 9 0.0013000000000000002 0.12562710581374775
4 0 0.0018000000000000002 0.11221782259261065
18 19 0.0021000000000000003 0.11846382014046296
14 7 0.0021000000000000003 0.1049799704808762
7 6 0.0024000000000000002 0.11082234595105396
18 5 0.002 0.12429439667821238
0 17 0.0019 0.1376968287275185
15 8 0.0022 0.1106161624526834
2 13 0.0013000000000000002 0.11341691596371659
18 8 0.0014 0.12273796654722485
18 13 0.0017000000000000001 0.12693511008572383
12 9 0.0024000000000000002 0.1432225435617428
17 18 0.0023 0.12294266666702362
4 1 0.0012000000000000001 0.11833925533574215
11 15 0.0017000000000000001 0.12451083328744009
15 4 0.0012000000000000001 0.1302473825325341
8 3 0.0017000000000000001 0.14120781366061277
