20
4 9 16 10 15 14 13 17 14
8 0 18 4 22 10 14 11 19 13 14 14 21 16 12 17 17
18 0 17 1 21 3 12 4 16 5 15 6 23 7 17 8 20 9 14 11 20 12 18 13 16 14 23 15 24 16 22 17 18 18 16 19 24
7 1 23 7 15 12 13 13 23 16 24 17 14 19 15
1 18 16
11 3 24 4 22 8 20 11 12 12 18 13 20 14 21 15 22 16 20 17 20 19 19
17 0 15 1 22 2 20 3 12 4 18 5 21 9 21 10 24 11 24 12 15 13 19 14 18 15 12 16 20 17 13 18 21 19 18
7 2 17 3 18 11 20 12 16 15 18 17 18 18 14
11 0 14 1 21 5 20 6 13 9 17 11 15 13 17 15 18 17 21 18 22 19 17
16 0 20 1 16 2 15 3 16 4 20 6 14 8 15 10 20 11 21 12 13 13 19 14 21 15 24 16 15 18 24 19 24
7 7 18 8 13 9 13 13 14 15 16 17 12 18 15
13 0 15 2 17 3 24 5 14 7 15 8 23 10 17 13 19 14 15 15 20 16 15 18 14 19 24
5 1 12 3 24 9 14 10 20 16 16
9 0 21 5 23 6 12 8 12 9 14 14 12 15 21 17 24 18 13
17 0 13 1 21 2 19 3 23 4 12 5 17 6 24 7 13 9 23 10 22 12 21 13 13 15 13 16 22 17 13 18 18 19 18
18 0 16 1 14 2 19 3 18 4 16 5 18 6 18 7 20 8 23 9 16 10 18 12 12 13 23 14 21 16 23 17 16 18 19 19 20
10 1 14 3 16 4 15 6 22 8 20 9 14 10 19 13 16 14 22 18 20
18 0 21 1 15 2 24 3 18 4 16 5 14 6 17 7 17 8 15 9 21 11 15 12 24 13 15 14 21 15 22 16 18 18 13 19 13
7 4 14 8 17 9 23 10 16 13 17 16 15 19 15
6 1 15 3 20 4 17 8 15 9 24 17 19
8
19 7 0.0017000000000000001
13 7 0.002
3 9 0.0017000000000000001
18 6 0.0017000000000000001
5 14 0.0022
11 17 0.0017000000000000001
9 8 0.0017000000000000001
18 12 0.0022
24
0 15 0.0018000000000000002 0.10479304244744028
14 19 0.0016 0.132058716824063
14 7 0.0023 0.1013831361525357
11 8 0.0012000000000000001 0.10256704655818404
15 7 0.0017000000000000001 0.1427908986221214
1 17 0.0018000000000000002 0.12780688089182485
13 19 0.0024000000000000002 0.14785951891906757
1 4 0.0013000000000000002 0.12361632717676259
5 4 0.002 0.11203054918282161
6 0 0.0012000000000000001 0.11555073955748159
4 13 0.0012000000000000001 0.12614584244751909
9 6 0.002 0.11240468540478457
15 13 0.0012000000000000001 0.11864445410310467
5 8 0.0022 0.1416770964234894
16 2 0.0017000000000000001 0.11198790267006495
8 9 0.0023 0.10652982284165202
8 2 0.0014 0.1427972324414086
1 11 0.0016 0.12540756981551535
15 18 0.0016 0.10687414640964174
11 13 0.0013000000000000002 0.10701245202182708
1 3 0.0014 0.14878244764798215
12 16 0.0012000000000000001 0.13067759249103955
5 4 0.0023 0.1247754357059419
8 14 0.0013000000000000002 0.1234907161890508
