20
9 2 14 6 18 7 16 9 15 10 15 13 21 14 12 16 22 19 17
17 0 17 2 13 3 15 4 12 5 24 7 20 8 12 9 15 10 12 11 24 12 18 13 12 14 14 15 12 16 15 17 14 19 18
10 1 15 3 12 4 20 5 23 6 22 8 15 13 17 14 24 15 19 17 16
7 0 22 1 20 5 12 7 24 10 21 14 16 17 24
13 0 13 1 20 2 24 3 16 5 20 6 18 7 16 10 21 12 13 14 20 15 16 16 18 18 13
11 2 12 4 18 6 21 9 23 10 19 11 19 12 17 14 19 15 19 17 16 18 15
18 0 13 1 16 2 18 3 15 4 15 5 18 7 16 9 13 10 19 11 17 12 19 13 21 14 13 15 16 16 13 17 15 18 15 19 15
3 6 23 11 23 12 19
3 2 17 9 13 18 12
12 0 15 1 20 3 16 4 21 5 15 8 17 12 17 13 21 14 21 15 15 17 24 19 18
13 0 15 1 14 2 16 4 20 6 23 8 17 11 15 13 24 14 12 15 22 16 24 17 24 19 23
9 0 23 2 24 4 21 5 21 6 17 7 13 8 15 10 22 17 17
4 4 23 5 20 7 21 9 20
1 2 20
5 8 13 10 24 17 24 18 17 19 13
3 5 22 6 12 10 22
1 3 21
12 0 24 2 15 3 12 4 22 5 23 7 12 9 12 11 13 14 23 16 21 18 12 19 16
6 0 13 1 12 4 12 14 22 16 24 19 22
8 2 15 8 15 9 16 11 16 14 14 15 21 17 22 18 24
8
4 8 0.002
19 15 0.0014
4 15 0.0023
1 12 0.0012000000000000001
9 12 0.0018000000000000002
17 3 0.0018000000000000002
16 0 0.0023
19 11 0.0019
24
7 12 0.0023 0.11680447415665307
3 12 0.0019 0.13198817170376947
10 0 0.0017000000000000001 0.12877706606286488
11 15 0.002 0.13046094427475796
1 12 0.002 0.10313969081998418
18 7 0.0017000000000000001 0.14268964168994633
17 10 0.0021000000000000003 0.10192228997615477
5 9 0.0024000000000000002 0.1373338098117961
0 3 0.0022 0.11027865223279082
8 12 0.0019 0.1255365344233327
12 16 0.0014 0.10504076188056877
18 1 0.0023 0.13002920785618965
16 8 0.0016 0.11095147613507912
13 9 0.0018000000000000002 0.13943643214095314
0 6 0.0015 0.12061024588443342
1 3 0.0015 0.1352416877928921
2 15 0.0021000000000000003 0.14326067772175619
16 18 0.0015 0.11765017905451489
16 5 0.0021000000000000003 0.13929612189920484
3 5 0.0016 0.12938402493001008
4 7 0.002 0.10005810728369546
1 12 0.0014 0.14121803814160477
1 19 0.002 0.12868233475105845
16 17 0.0018000000000000002 0.11238196271134428
