20
9 1 22 2 24 6 17 7 16 8 14 9 15 10 14 18 24 19 14
6 0 23 3 18 4 18 6 22 8 13 18 22
10 0 15 1 16 4 24 7 20 11 16 12 24 14 23 15 18 17 17 18 14
3 8 16 12 22 15 22
3 2 14 10 18 19 21
2 0 13 12 14
17 0 13 1 22 2 13 3 12 4 24 5 15 7 20 8 23 10 22 11 23 12 20 13 20 14 13 15 19 16 22 18 16 19 16
6 3 18 9 20 13 20 14 15 15 16 19 20
17 0 20 1 17 2 12 3 14 4 13 5 21 6 19 7 16 10 15 11 14 12 12 14 19 15 14 16 17 17 16 18 23 19 18
8 0 13 2 20 3 14 4 14 6 22 10 13 13 22 16 17
9 0 18 4 15 5 15 6 22 8 17 11 15 15 13 18 15 19 19
10 0 14 2 22 4 22 6 21 7 20 8 17 10 12 12 13 14 22 19 21
16 0 18 1 19 2 13 3 21 4 17 5 14 6 23 7 14 8 12 9 12 10 18 11 17 13 21 17 16 18 15 19 23
13 0 22 1 21 2 20 3 14 4 20 5 13 7 14 8 14 9 22 10 15 12 12 16 17 17 14
18 0 21 1 22 2 19 3 13 4 16 5 20 6 18 7 13 8 20 9 23 10 18 11 17 12 19 13 16 15 20 17 12 18 13 19 20
12 0 18 4 20 5 19 6 17 7 24 8 13 9 23 11 18 14 24 16 22 17 19 19 14
5 0 17 3 12 13 13 17 14 18 16
1 19 12
14 1 21 2 19 3 15 4 13 5 15 6 23 7 23 8 21 11 13 12 13 14 14 15 16 16 20 19 16
15 0 16 1 15 2 19 3 18 4 16 5 13 6 22 7 23 9 17 10 24 11 13 12 19 15 23 17 13 18 14
8
18 17 0.0012000000000000001
8 2 0.0021000000000000003
1 3 0.0016
5 11 0.0022
7 11 0.0022
12 17 0.002
11 14 0.0021000000000000003
6 16 0.0017000000000000001
24
0 12 0.0024000000000000002 0.11322652241422071
16 8 0.0015 0.10979981410195143
14 6 0.0015 0.1218985700775633
10 1 0.0012000000000000001 0.11404892278414965
9 2 0.0019 0.11789982990032247
15 16 0.0023 0.14580786708829108
1 3 0.0022 0.13748426609105457
6 19 0.0024000000000000002 0.1093434805399508
4 9 0.0012000000000000001 0.14329478155777436
13 11 0.0015 0.11047408741778618
16 3 0.0013000000000000002 0.1260859623354667
8 16 0.0017000000000000001 0.10785056483541833
1 9 0.0015 0.1108901577659537
2 17 0.002 0.14758688056579858
4 16 0.0023 0.14804738217556088
15 0 0.0024000000000000002 0.10748008555658076
1 11 0.0014 0.13228287392744265
14 2 0.0019 0.12273146218627845
11 8 0.0014 0.1218768721141617
2 5 0.0012000000000000001 0.12547291526018997
7 0 0.0012000000000000001 0.13308985550016905
15 16 0.0016 0.13724564159609254
2 0 0.0022 0.12298874872755695
12 7 0.0017000000000000001 0.10051076265572241
