20
1 17 19
5 2 20 11 22 12 15 15 24 16 19
3 6 15 11 14 14 23
9 0 17 1 14 2 20 6 14 8 20 9 21 14 15 15 17 16 14
18 0 13 1 17 2 17 3 14 5 23 6 23 7 12 8 15 9 21 10 13 11 24 12 23 13 20 14 13 16 20 17 21 18 15 19 21
16 0 16 1 21 4 12 6 20 7 17 8 22 9 12 10 17 11 16 12 15 14 13 15 21 16 12 17 22 18 23 19 19
6 3 20 7 22 8 23 11 19 12 24 16 12
15 1 17 2 18 4 16 6 13 8 24 9 24 11 14 12 24 13 12 14 18 15 18 16 24 17 18 18 20 19 21
17 0 14 1 22 2 18 3 15 4 12 5 20 6 16 7 15 10 20 11 23 12 14 13 18 14 14 15 22 16 20 18 21 19 22
2 0 24 7 19
4 1 17 3 17 5 16 18 24
17 1 20 2 17 3 20 4 23 5 13 6 14 7 16 8 15 9 24 10 16 12 18 13 24 14 14 15 18 16 22 17 23 18 18
11 2 23 3 23 4 17 6 24 9 20 13 17 14 16 15 17 16 15 18 12 19 13
18 0 19 1 15 2 22 3 16 4 18 5 20 6 20 7 16 8 21 9 19 10 24 11 21 14 20 15 23 16 23 17 15 18 22 19 15
2 15 16 17 14
6 0 24 1 15 3 23 5 12 8 19 9 22
3 4 17 10 16 11 15
16 0 13 1 24 2 24 3 12 4 22 5 18 6 19 7 22 8 13 10 15 11 16 12 23 13 12 14 15 15 16 19 18
8 3 12 5 13 6 16 7 13 8 23 9 16 10 18 14 17
12 0 12 1 23 4 16 6 23 7 17 9 20 10 16 14 22 15 18 16 19 17 12 18 14
8
6 3 0.0016
19 9 0.0014
11 12 0.0021000000000000003
8 13 0.0018000000000000002
1 5 0.0012000000000000001
15 4 0.0021000000000000003
11 9 0.0012000000000000001
0 14 0.0015
24
11 2 0.0022 0.10008485479343457
2 16 0.0012000000000000001 0.11434386709489448
9 6 0.0021000000000000003 0.11639416602186466
13 12 0.0015 0.10738472801265887
13 6 0.0013000000000000002 0.1048935896727016
7 6 0.0021000000000000003 0.1266990984943126
8 0 0.0019 0.13256936055700932
7 1 0.0012000000000000001 0.14175592771880505
14 5 0.0018000000000000002 0.12628917527043035
14 19 0.0023 0.14233493251273213
5 10 0.0012000000000000001 0.10931137547338586
16 14 0.0015 0.12446124435243969
10 18 0.0019 0.1493398366410197
15 4 0.0021000000000000003 0.14424384329523451
6 17 0.0016 0.13987580823625084
4 11 0.0014 0.1230637359628903
7 10 0.0021000000000000003 0.1063195838005709
4 10 0.0014 0.13549860237325914
17 6 0.0018000000000000002 0.101545336316549
7 14 0.0023 0.12672548894657962
2 13 0.0018000000000000002 0.11809456481891165
0 1 0.0024000000000000002 0.12817676659148777
15 2 0.0023 0.11605179415540078
6 9 0.0014 0.1404381773574036
