20
5 1 17 7 17 9 16 16 23 17 12
18 0 17 2 20 3 23 5 19 6 13 7 22 8 19 9 16 10 24 11 20 12 19 13 15 14 14 15 20 16 23 17 12 18 21 19 22
15 0 12 1 23 3 20 4 16 5 23 6 21 8 19 9 12 10 13 11 24 15 23 16 24 17 14 18 12 19 18
1 18 19
17 0 13 1 18 2 20 3 16 5 13 6 18 7 21 8 17 9 17 10 22 13 19 14 18 15 19 16 21 17 13 18 16 19 12
17 0 12 1 14 2 18 3 14 4 15 6 21 7 16 8 20 9 23 11 19 12 13 13 12 14 15 15 13 16 24 18 13 19 12
13 1 14 2 20 3 16 4 12 7 20 9 21 10 20 11 23 13 21 14 24 15 24 16 17 18 17
1 17 21
13 0 21 2 24 3 16 7 15 9 12 10 12 11 24 12 24 13 15 14 16 17 12 18 16 19 13
10 3 18 5 22 6 18 7 13 8 22 10 16 11 20 12 23 17 23 19 20
2 7 16 17 19
7 0 20 4 21 6 20 7 23 9 12 13 14 16 22
12 1 16 2 22 4 12 5 18 7 18 9 18 11 19 14 15 16 20 17 14 18 16 19 20
12 0 20 2 20 4 15 5 22 6 12 9 20 10 12 11 19 14 16 16 19 17 23 18 12
9 0 21 4 20 5 18 7 16 9 20 11 12 13 18 16 18 19 13
10 1 14 2 18 3 23 5 17 6 17 8 15 10 14 12 20 18 24 19 15
7 0 18 5 14 8 20 9 20 10 17 14 14 19 14
11 0 14 1 18 3 12 4 17 5 15 7 23 8 14 12 16 13 19 14 24 19 19
18 0 15 1 17 2 17 3 18 4 12 5 15 6 12 7 19 8 20 9 16 10 22 12 17 13 14 14 17 15 17 16 14 17 16 19 16
4 3 23 4 13 5 13 14 23
8
13 18 0.002
3 15 0.0022
14 2 0.002
14 17 0.0019
5 11 0.0013000000000000002
3 2 0.0013000000000000002
19 14 0.0019
17 8 0.0015
24
10 9 0.0023 0.1404707261139471
19 6 0.0013000000000000002 0.13929297879872068
11 0 0.0019 0.1491965229745032
19 4 0.0017000000000000001 0.11046593844480564
1 17 0.0023 0.11597343661459296
8 18 0.0018000000000000002 0.13298517403042198
10 12 0.0015 0.10931697285656568
4 3 0.0016 0.14478741253597774
15 11 0.0024000000000000002 0.14557560536855624
4 1 0.0022 0.12743985566645363
11 10 0.0024000000000000002 0.11750362681565472
16 11 0.0017000000000000001 0.11620419092346489
10 11 0.0017000000000000001 0.11405068857504926
0 6 0.0017000000000000001 0.12113664987412756
14 2 0.0012000000000000001 0.10854055378351364
2 19 0.0021000000000000003 0.11036563124192328
16 12 0.0024000000000000002 0.14883752757210728
0 15 0.002 0.10621827132859651
10 4 0.0021000000000000003 0.1427032686197923
2 8 0.0018000000000000002 0.11548332172061278
19 9 0.0014 0.13721799356778763
15 0 0.0015 0.14422010779287664
9 0 0.0018000000000000002 0.12132612822020084
16 0 0.0018000000000000002 0.10489232185570332
