20
9 2 17 4 13 5 19 8 12 9 18 14 12 15 16 17 18 18 15
11 2 23 3 19 4 17 5 13 6 19 9 12 11 14 12 24 14 22 15 21 18 22
1 9 19
10 0 13 2 21 5 15 8 23 11 14 14 16 15 13 17 15 18 17 19 13
8 0 24 1 20 3 21 5 20 6 13 7 15 14 19 19 24
3 12 23 14 21 16 20
6 1 23 2 19 3 21 9 22 10 15 16 20
11 1 14 2 17 3 19 5 17 6 16 8 19 9 16 14 12 15 18 18 12 19 19
1 15 20
6 0 22 2 18 5 13 11 14 16 17 19 17
10 1 13 3 16 5 17 7 23 9 19 11 16 13 18 14 18 15 22 18 16
9 1 17 4 17 5 23 6 19 7 16 8 23 12 17 15 15 18 24
9 0 14 1 13 3 21 4 24 6 23 9 24 11 12 13 19 19 19
12 0 14 1 17 2 24 5 16 6 17 7 14 10 14 11 24 12 20 14 15 17 18 18 23
12 0 19 1 12 2 17 4 17 6 17 8 22 10 23 11 21 12 19 13 13 15 22 16 14
12 0 21 1 17 2 22 5 12 6 17 7 17 9 21 12 21 13 20 14 13 17 16 18 12
10 0 17 1 13 3 16 4 20 7 24 11 23 13 16 15 18 17 16 19 18
14 0 18 2 20 4 23 5 16 6 21 7 22 8 17 10 13 12 23 13 13 14 15 15 17 16 19 19 23
1 10 20
8 0 19 7 13 8 18 9 13 10 12 12 19 13 20 18 16
8
14 6 0.0017000000000000001
7 1 0.0014
17 10 0.0023
18 4 0.0024000000000000002
18 8 0.0015
16 1 0.0013000000000000002
3 1 0.0014
9 2 0.0015
24
19 15 0.0024000000000000002 0.1432958261065624
7 16 0.0013000000000000002 0.10395398069453357
10 16 0.0016 0.11770954874127774
19 4 0.0013000000000000002 0.10277165641603715
16 12 0.0022 0.10513246344223726
10 6 0.0024000000000000002 0.14340027197034375
1 12 0.0023 0.14975031593756358
3 8 0.0017000000000000001 0.12956325103874902
14 4 0.0022 0.1454360587673581
3 17 0.0019 0.1288027636073382
1 19 0.0022 0.10799254437774097
18 13 0.0023 0.12052873529086872
8 17 0.0016 0.13267894124160556
6 11 0.0019 0.11120746236980229
15 1 0.0018000000000000002 0.13305714776320315
3 17 0.0018000000000000002 0.11301578223728868
10 12 0.0016 0.10674393746880438
19 13 0.0021000000000000003 0.13922494098006974
9 19 0.0018000000000000002 0.1378815269223949
8 18 0.0016 0.11055628620429707
5 6 0.0014 0.12020721972925996
10 11 0.0016 0.1471114635548961
6 1 0.0023 0.14689974119268595
16 13 0.0015 0.12499030525877142
