20
1 10 21
2 5 14 16 17
15 1 16 4 23 5 22 6 15 7 18 8 22 9 24 10 22 12 22 13 14 14 13 15 13 16 18 17 12 19 19
14 0 22 2 23 4 24 5 20 7 12 8 15 10 15 11 18 12 19 13 14 14 20 15 17 16 18 19 15
17 0 12 2 20 3 14 5 24 6 16 7 20 8 17 9 23 10 17 11 23 13 18 14 19 15 20 16 22 17 22 18 22 19 15
7 2 12 3 18 4 19 9 20 10 16 13 15 16 13
2 3 14 8 15
16 0 15 1 16 2 14 3 18 4 21 5 13 6 13 9 24 10 17 11 23 12 22 13 16 14 16 15 23 16 21 18 23
15 0 22 1 20 2 21 5 18 7 22 9 22 10 23 11 22 12 15 13 17 14 19 15 12 16 16 17 19 19 22
17 0 16 1 22 2 15 3 20 4 22 5 19 6 19 7 22 8 13 10 19 11 19 12 21 13 18 15 24 16 21 17 15 18 19
17 0 17 1 21 2 22 3 15 4 17 5 21 6 19 7 24 8 20 9 15 12 21 13 16 14 24 15 13 16 12 17 24 19 24
9 0 21 1 19 6 24 8 14 9 14 12 13 17 23 18 20 19 17
7 2 16 7 12 8 14 13 17 17 18 18 21 19 12
3 8 14 15 20 17 12
16 0 16 1 14 2 13 3 15 5 23 6 16 7 18 9 15 10 21 11 22 12 23 13 21 15 21 16 18 17 13 19 24
13 0 17 2 14 4 21 7 20 8 20 9 15 10 12 11 20 12 17 14 14 16 22 17 24 19 12
8 0 15 1 19 2 13 3 20 6 22 8 12 11 23 14 13
12 0 23 1 14 3 14 7 19 8 23 9 23 11 15 12 15 13 21 14 20 18 13 19 24
2 7 24 12 23
6 1 18 6 24 11 21 13 17 14 18 15 17
8
11 14 0.0016
11 7 0.0012000000000000001
1 4 0.0013000000000000002
10 9 0.0022
10 7 0.0019
12 19 0.0024000000000000002
5 14 0.002
3 15 0.0022
24
7 5 0.002 0.10479118998091179
14 12 0.0012000000000000001 0.12267663907370027
12 13 0.0019 0.11505897662578067
13 9 0.0023 0.11255434675166329
17 11 0.0022 0.13303245621183288
12 4 0.002 0.10806744650049521
8 15 0.0018000000000000002 0.11970923584520259
8 9 0.0015 0.14092657075349677
16 1 0.0016 0.12442335801190277
0 5 0.0015 0.12869423994910512
5 10 0.0014 0.1334150882727407
1 15 0.0024000000000000002 0.10383246881901678
7 9 0.0024000000000000002 0.11231087737851989
0 17 0.0016 0.10311431078294625
18 10 0.0016 0.12583326151228325
1 9 0.0018000000000000002 0.10664307117003727
3 14 0.0015 0.10793243678066311
6 11 0.0017000000000000001 0.12833096455813017
8 14 0.0022 0.14278731976813144
15 8 0.002 0.1251720952309865
1 0 0.0015 0.1359409732703526
11 16 0.0017000000000000001 0.11586270733578014
8 9 0.0021000000000000003 0.14145267606479917
5 17 0.0012000000000000001 0.12071920707076217
