20
17 1 18 2 17 3 15 4 22 5 21 6 20 8 20 9 20 10 17 11 13 12 23 13 23 14 23 15 20 16 21 17 12 18 14
2 13 18 17 15
3 10 21 11 15 15 20
3 2 20 12 13 18 23
12 2 14 3 20 5 23 6 24 8 18 9 21 11 20 13 21 15 19 16 14 17 16 19 18
6 3 24 7 17 8 20 14 20 15 22 18 17
7 0 19 3 20 8 22 10 13 12 20 13 17 19 16
2 4 19 5 21
18 0 15 1 24 2 21 3 15 4 16 5 22 6 19 7 14 9 18 10 14 11 24 12 22 13 18 14 17 16 13 17 20 18 12 19 24
14 0 21 1 20 3 12 4 17 7 22 8 14 10 23 11 12 12 18 13 15 14 19 15 20 16 22 19 14
7 0 19 3 15 6 16 8 12 17 13 18 14 19 16
13 0 18 1 22 2 18 5 17 7 22 9 15 12 23 13 22 15 21 16 16 17 24 18 22 19 21
8 1 20 3 13 4 16 6 13 7 21 10 22 16 23 19 14
14 1 24 2 20 3 23 4 22 5 14 8 19 9 12 11 21 12 23 14 14 15 16 17 17 18 24 19 22
14 0 18 1 16 2 22 3 24 4 24 6 19 7 23 8 24 10 15 11 13 15 14 16 13 18 13 19 12
1 2 24
3 3 13 6 16 9 19
13 1 18 2 19 5 23 6 20 7 21 8 17 9 23 10 23 11 19 13 21 15 20 16 17 19 19
13 0 17 1 19 2 14 4 15 6 14 7 15 8 23 12 24 13 15 14 20 15 19 16 12 19 23
3 5 21 8 16 13 15
8
12 3 0.0014
5 15 0.0024000000000000002
13 2 0.0021000000000000003
4 16 0.0017000000000000001
7 3 0.0019
16 2 0.0023
10 9 0.0017000000000000001
9 13 0.0017000000000000001
24
11 8 0.0021000000000000003 0.10782671613897928
10 17 0.0022 0.11602971107982539
12 9 0.0013000000000000002 0.10360883953503201
6 3 0.0021000000000000003 0.1101884090176266
12 16 0.0012000000000000001 0.10618992250876433
4 15 0.0013000000000000002 0.1043457823755933
8 16 0.0019 0.12281695349709407
19 0 0.0022 0.10734017358376279
3 9 0.0018000000000000002 0.14135233659350094
3 10 0.0024000000000000002 0.12934050834946123
11 6 0.0024000000000000002 0.14608765614670835
7 6 0.0014 0.13382523693779513
16 7 0.0013000000000000002 0.1409185595360392
13 1 0.0022 0.11104516769384834
7 12 0.0012000000000000001 0.14351357293712524
17 13 0.0016 0.10620764189029508
14 13 0.0015 0.13204445603807968
16 14 0.0017000000000000001 0.13046206819021744
10 8 0.0021000000000000003 0.1294876731955287
1 16 0.0016 0.12236339831769102
0 19 0.0022 0.1277820529922211
14 12 0.0012000000000000001 0.10000257181056015
15 3 0.0019 0.1024292983333885
8 4 0.0014 0.11638071423113211
