20
1 17 22
2 15 18 17 17
9 1 14 3 21 5 20 6 19 8 20 11 14 13 18 14 19 15 16
4 1 24 5 20 17 13 18 16
3 6 18 9 19 11 20
15 1 24 2 19 3 23 4 20 6 22 7 23 8 13 9 14 10 20 12 21 13 14 14 23 15 14 16 18 17 22
6 0 12 5 15 12 21 14 12 15 13 18 23
10 0 18 1 13 2 24 4 15 6 13 9 14 11 14 12 16 14 17 15 18
14 0 23 1 24 2 13 4 14 6 23 7 14 9 17 11 21 12 16 13 15 14 14 17 23 18 18 19 16
17 0 13 1 14 2 13 3 24 5 22 6 16 8 12 10 24 11 13 12 18 13 24 14 21 15 18 16 17 17 13 18 23 19 18
3 5 20 8 20 13 12
16 0 23 1 20 4 23 5 23 6 21 7 21 8 13 9 13 10 19 12 13 13 13 15 23 16 17 17 21 18 19 19 24
7 6 22 7 18 9 22 11 24 13 22 16 18 17 24
17 0 21 1 15 2 14 3 22 4 17 5 16 6 15 7 19 8 19 9 19 10 23 12 19 14 14 15 15 16 17 18 23 19 20
18 0 14 1 17 2 20 3 20 4 13 5 17 6 19 7 14 9 12 10 20 11 17 12 13 13 12 15 13 16 14 17 19 18 20 19 24
7 2 23 5 20 6 12 8 21 9 16 16 20 17 18
12 1 14 3 12 4 24 5 19 7 12 8 22 10 20 11 20 13 12 17 16 18 22 19 12
7 0 18 1 15 9 21 11 24 12 24 16 19 18 15
1 3 20
17 0 15 1 19 3 12 4 13 5 19 6 19 7 22 8 13 10 23 11 23 12 23 13 12 14 23 15 16 16 17 17 14 18 13
8
5 0 0.0017000000000000001
8 19 0.002
7 19 0.0016
12 7 0.0013000000000000002
11 2 0.0012000000000000001
18 15 0.0024000000000000002
16 0 0.0014
19 13 0.0023
24
7 15 0.0018000000000000002 0.11633337012937815
12 16 0.0015 0.12972463112251045
9 15 0.0015 0.11633123102553683
13 7 0.0024000000000000002 0.10180240941090404
5 6 0.0024000000000000002 0.12810929625804007
11 4 0.0021000000000000003 0.1136106629121567
13 1 0.0021000000000000003 0.11845995601466872
12 1 0.0021000000000000003 0.11797563841025287
8 1 0.0022 0.1151049026700756
3 19 0.0024000000000000002 0.10987917460252442
0 17 0.0015 0.1405044020856967
17 5 0.0021000000000000003 0.10939357964014362
7 8 0.0021000000000000003 0.10900337208165593
6 19 0.0015 0.13719143653813776
13 17 0.0015 0.1331633089802443
14 6 0.0014 0.13510234219436412
3 19 0.0014 0.14794997250947003
17 4 0.0015 0.11168342190613782
18 16 0.0013000000000000002 0.1451142778984184
3 9 0.0012000000000000001 0.12892570193871863
12 9 0.0023 0.11043676819714854
15 7 0.0019 0.1328687150202733
15 17 0.0018000000000000002 0.12765676513874358
0 15 0.0012000000000000001 0.10660967819998957
