20
16 1 16 3 23 4 19 5 16 6 21 7 18 8 17 9 18 10 14 11 12 12 15 13 22 14 14 15 21 18 12 19 19
9 0 21 2 16 9 19 11 19 12 19 13 23 15 21 16 23 17 16
2 11 23 13 13
16 0 23 1 21 2 24 4 15 5 17 6 23 7 17 8 19 9 21 10 12 12 17 13 12 14 22 15 20 17 24 19 19
8 1 20 6 15 8 12 9 21 10 23 13 21 15 14 18 17
6 0 23 4 16 6 22 7 22 11 15 12 17
14 0 20 1 15 2 13 3 24 4 15 5 16 7 20 8 17 10 15 11 20 12 18 14 13 16 14 17 20
13 1 15 3 15 5 19 6 18 8 18 9 21 11 15 13 16 15 18 16 13 17 16 18 14 19 22
4 4 22 5 16 10 17 19 20
3 0 17 6 12 8 21
14 0 21 1 23 2 22 4 19 8 17 9 21 11 22 12 22 13 20 14 19 15 17 16 14 17 15 18 19
15 0 12 1 24 3 14 5 24 6 13 7 24 9 12 10 14 12 20 13 18 14 21 15 12 16 22 18 23 19 21
14 0 20 1 16 2 16 4 12 5 22 7 15 8 15 10 13 13 13 14 12 15 15 16 12 18 14 19 22
15 0 15 2 12 3 24 4 16 5 20 6 23 9 21 10 18 11 13 12 16 15 23 16 12 17 24 18 24 19 24
4 6 13 7 13 9 16 17 21
10 0 22 1 22 2 20 3 24 5 23 7 20 9 18 13 21 14 15 18 19
15 0 23 1 13 2 12 6 24 7 17 8 24 9 21 10 19 11 23 12 19 14 24 15 22 17 23 18 20 19 24
18 0 15 1 14 2 20 3 21 4 15 5 14 6 24 8 16 9 12 10 18 11 23 12 18 13 20 14 23 15 17 16 19 18 19 19 17
7 1 22 8 15 10 14 12 22 13 18 15 17 16 13
2 3 23 8 23
8
8 4 0.0015
10 0 0.0012000000000000001
7 0 0.0016
14 19 0.0021000000000000003
6 18 0.0024000000000000002
6 19 0.0015
15 1 0.0015
12 13 0.0023
24
15 2 0.0021000000000000003 0.13559519681483687
7 3 0.002 0.14903710156665906
18 7 0.0014 0.13738392568912336
10 15 0.0013000000000000002 0.12815384827096
5 16 0.0015 0.10596533376689103
6 17 0.0017000000000000001 0.131169349318155
5 12 0.0023 0.10475668038697313
6 3 0.0019 0.1311338216178402
8 7 0.0015 0.11709486122824253
3 14 0.0022 0.13582322065240227
6 8 0.0014 0.14668954932574338
0 3 0.0023 0.13982281854479658
17 12 0.0013000000000000002 0.10691133423824448
7 0 0.0023 0.1400100709703404
13 11 0.0014 0.1339845953694543
4 14 0.0022 0.10560745899777342
13 12 0.0023 0.10583492332920133
4 1 0.0013000000000000002 0.13610412635067085
10 12 0.0016 0.13788076573121225
15 9 0.0012000000000000001 0.10538647872407722
14 9 0.0019 0.14418411362504
12 18 0.0018000000000000002 0.13580247460450862
17 18 0.0023 0.14927993815036666
3 16 0.0019 0.1090452475364046
