20
1 11 17
1 7 12
10 3 19 4 24 5 19 7 14 8 22 9 22 11 24 14 17 15 24 18 18
17 0 18 1 14 2 24 4 22 7 18 8 18 9 12 10 15 11 15 12 12 13 23 14 19 15 12 16 21 17 24 18 22 19 23
16 1 21 2 23 3 19 5 18 6 24 7 12 8 19 9 14 10 15 11 21 13 20 15 18 16 24 17 22 18 12 19 19
1 13 21
7 0 17 1 14 2 21 7 17 8 15 12 19 14 12
11 0 24 2 19 5 13 6 15 8 24 9 12 10 23 11 22 12 18 14 23 15 17
2 4 21 18 23
8 2 15 3 19 4 13 5 23 10 17 13 22 15 13 17 23
13 0 22 2 22 4 19 5 14 8 16 9 19 13 20 14 23 15 21 16 14 17 20 18 12 19 13
8 2 18 3 16 5 18 8 15 9 13 12 14 16 16 18 21
5 0 18 4 24 7 23 14 23 15 18
6 0 12 2 20 7 12 10 20 14 18 16 18
8 3 14 5 12 6 20 7 13 8 16 15 21 16 24 18 24
18 0 20 1 19 2 23 3 18 4 19 5 14 6 23 7 13 8 20 10 21 11 12 12 16 13 17 14 15 16 23 17 22 18 22 19 17
7 2 19 3 16 13 16 15 12 17 17 18 21 19 19
8 0 12 1 13 5 24 7 13 8 20 10 24 12 15 16 12
11 0 13 2 22 4 12 7 22 10 21 11 22 12 23 13 17 14 22 15 19 16 13
12 2 17 4 21 5 12 6 18 8 19 11 18 12 18 13 21 14 18 15 14 16 14 17 23
7
8 14 0.0012000000000000001
0 12 0.0014
16 5 0.0018000000000000002
2 0 0.0024000000000000002
11 9 0.0016
6 17 0.0021000000000000003
14 10 0.0024000000000000002
28
3 0 0.0014 0.11786498655508487
7 0 0.0019 0.11485764300750112
15 12 0.0016 0.1342258920791907
8 17 0.0021000000000000003 0.12746317974621416
2 10 0.0021000000000000003 0.11126766740541187
13 3 0.0022 0.13242255636290606
7 9 0.0013000000000000002 0.10490669575040014
3 15 0.0017000000000000001 0.11940002531219324
14 15 0.0021000000000000003 0.11313110138608709
12 13 0.0014 0.11050527076714571
0 11 0.0017000000000000001 0.12497168766132842
9 2 0.0017000000000000001 0.12984269486789393
10 9 0.0023 0.13730108782197253
4 2 0.0024000000000000002 0.1108051149170004
8 18 0.0021000000000000003 0.13032628547889402
18 5 0.0016 0.14922156118231608
18 13 0.0012000000000000001 0.12930716686322755
4 6 0.0013000000000000002 0.14561356020455138
10 18 0.0024000000000000002 0.12020831445150242
17 10 0.0016 0.12452266172057831
12 1 0.002 0.12570847736967572
13 1 0.0013000000000000002 0.11141333725367301
16 1 0.0015 0.12857017313220134
4 14 0.0012000000000000001 0.12352670816720905
17 10 0.0024000000000000002 0.10113673760911257
13 7 0.0014 0.13768214890603375
0 15 0.0019 0.1440150523761941
19 5 0.0016 0.12525041463319692
