20
2 2 14 18 19
9 2 12 5 18 6 12 8 15 9 20 11 13 12 24 16 13 17 24
2 6 21 7 24
8 4 22 5 12 8 24 9 14 10 22 11 16 13 12 19 23
16 0 19 1 21 2 12 3 21 5 13 6 23 8 15 9 22 11 20 12 13 13 14 15 13 16 16 17 13 18 18 19 20
2 3 15 14 15
1 16 16
11 0 13 1 19 2 16 3 24 5 22 6 22 9 14 10 14 11 14 12 22 16 24
18 0 22 1 14 2 24 3 22 4 20 5 24 6 14 7 19 10 21 11 19 12 18 13 24 14 20 15 13 16 22 17 20 18 21 19 22
9 0 18 1 16 3 16 5 17 7 18 11 21 12 13 18 16 19 15
6 1 18 4 21 9 15 11 18 12 15 17 17
14 0 21 2 20 4 21 5 24 7 23 9 13 10 24 13 18 14 23 15 13 16 18 17 19 18 21 19 13
6 2 23 3 15 7 20 8 20 10 24 13 24
17 0 20 1 23 2 12 3 20 4 20 5 23 6 18 7 12 8 23 9 21 10 22 12 21 15 20 16 23 17 19 18 19 19 13
3 1 21 7 22 10 19
8 2 17 4 15 8 22 9 17 12 13 14 22 16 22 18 14
3 3 14 13 23 17 23
7 2 16 4 13 5 20 6 20 9 12 10 16 13 16
18 0 22 1 18 2 15 3 20 4 16 6 16 7 13 8 14 9 14 10 15 11 23 12 13 13 24 14 15 15 14 16 23 17 23 19 18
6 3 20 4 14 7 15 8 24 10 17 18 12
7
16 0 0.0014
9 11 0.0024000000000000002
9 14 0.002
4 5 0.0023
18 16 0.0024000000000000002
4 9 0.0018000000000000002
18 13 0.0012000000000000001
28
5 15 0.0023 0.11836610449269779
17 0 0.0012000000000000001 0.11421008047869392
19 18 0.0023 0.11081890665256196
3 15 0.0022 0.12527346082607113
13 4 0.002 0.14726363206978177
6 8 0.002 0.12630294830960911
14 8 0.0013000000000000002 0.12701917789888295
11 14 0.0015 0.11026172307288735
17 16 0.0024000000000000002 0.1422969878095888
2 7 0.002 0.1355548914750725
5 17 0.0016 0.10979915134174648
7 18 0.0012000000000000001 0.12084334501675795
5 11 0.0023 0.1304491138537231
0 10 0.0019 0.11366449631800786
5 12 0.0017000000000000001 0.13485761998914705
5 18 0.0023 0.12297552742844713
18 2 0.0024000000000000002 0.10394106399179884
7 19 0.0021000000000000003 0.11443914058909133
15 11 0.0016 0.10398473834730611
13 19 0.0021000000000000003 0.14005332520630032
17 5 0.0016 0.13829408634275808
1 10 0.0022 0.1237242982078702
17 10 0.0014 0.1332293408675453
7 4 0.0024000000000000002 0.1171719845984529
7 0 0.0015 0.11190934481347599
3 1 0.0022 0.10514041023383228
14 16 0.0014 0.12122310572281692
11 17 0.0016 0.11712079099939544
