20
13 1 13 3 24 4 16 5 14 6 15 8 14 11 21 13 16 14 16 15 17 16 12 17 24 19 17
16 0 24 2 12 4 17 5 19 6 18 7 13 8 13 9 24 10 24 11 20 12 20 13 14 14 19 16 23 18 15 19 16
11 0 13 1 19 3 14 4 20 5 14 8 21 12 16 13 21 14 17 16 19 19 21
16 1 21 2 23 4 16 5 18 6 23 7 22 8 13 9 15 10 16 11 20 12 15 13 12 15 21 17 23 18 16 19 21
17 0 19 1 12 2 24 3 14 6 20 7 18 8 17 9 14 10 19 11 19 12 13 13 17 14 20 15 20 16 12 18 14 19 22
14 0 21 1 14 2 24 3 18 4 24 7 20 10 13 11 14 12 21 14 19 15 17 17 23 18 23 19 23
14 0 20 2 15 3 21 4 14 5 14 7 15 9 21 10 18 11 15 13 15 16 20 17 17 18 24 19 16
6 4 24 5 16 8 21 11 20 13 16 15 22
15 1 18 2 19 3 19 4 20 5 13 6 12 7 24 9 22 11 18 12 12 15 23 16 14 17 16 18 14 19 23
4 5 14 7 20 8 24 14 19
9 3 13 5 19 6 16 8 15 9 16 11 20 16 15 18 17 19 14
17 0 21 1 12 2 15 5 20 6 22 7 12 8 24 9 23 10 18 12 14 13 24 14 23 15 18 16 19 17 16 18 18 19 24
6 3 21 6 14 8 19 9 15 18 23 19 23
6 1 13 2 17 4 12 8 16 16 17 17 20
4 2 17 8 21 15 18 19 24
11 0 18 1 20 2 13 3 15 5 21 6 22 8 12 10 12 11 23 14 18 16 14
6 2 15 4 14 9 20 10 21 12 24 13 24
15 0 13 1 14 3 16 5 16 6 23 7 20 8 13 9 13 10 15 11 21 13 17 14 13 15 22 16 13 19 15
3 1 16 12 21 13 12
3 4 22 15 19 18 15
7
16 8 0.0018000000000000002
0 10 0.0014
4 11 0.0018000000000000002
9 0 0.0012000000000000001
13 15 0.0024000000000000002
14 8 0.0015
9 10 0.0016
28
11 19 0.0024000000000000002 0.12234232591698789
7 19 0.0017000000000000001 0.1466708149322572
13 6 0.0019 0.11390807778455046
9 12 0.0021000000000000003 0.14836938939657643
6 13 0.0022 0.12702560627750828
3 17 0.0014 0.12491566547293503
11 5 0.0013000000000000002 0.14546473881618605
17 19 0.0017000000000000001 0.11051413137615165
2 12 0.0016 0.10888473095757971
4 9 0.0023 0.1205790916935363
17 9 0.0023 0.14884472051176842
19 8 0.0019 0.11951828555544494
15 6 0.0015 0.10172861561799457
0 19 0.0018000000000000002 0.12509899975703503
3 10 0.0013000000000000002 0.11479978543471102
19 18 0.0014 0.10551814688373498
19 18 0.0015 0.13882807470292974
5 4 0.0024000000000000002 0.11209561612197906
10 5 0.0019 0.13181787810254236
5 7 0.0012000000000000001 0.11979763851086073
6 1 0.0012000000000000001 0.12958266040487895
3 19 0.0022 0.1374028507669494
14 1 0.0023 0.13436158547896596
4 6 0.0021000000000000003 0.14629006297770927
18 6 0.0014 0.12446065193528233
4 10 0.0014 0.11978198995572178
19 6 0.0024000000000000002 0.10901595546027888
17 0 0.0022 0.1272395773912184
