20
7 1 16 2 12 6 13 10 14 13 17 15 12 19 22
8 2 22 3 15 5 17 11 19 12 13 14 21 15 23 19 16
6 0 19 3 14 4 18 5 14 17 18 19 12
2 0 20 8 14
5 3 22 10 22 16 23 18 18 19 20
2 6 14 12 20
16 0 16 1 22 2 13 3 13 4 19 7 17 9 14 11 14 12 18 13 24 14 20 15 20 16 19 17 15 18 17 19 20
15 0 23 1 23 2 23 4 17 5 21 8 20 9 13 11 19 12 19 14 14 15 24 16 15 17 14 18 19 19 20
15 0 18 1 22 2 23 3 21 5 15 6 20 7 20 9 12 11 23 12 15 13 20 14 16 15 22 16 17 18 15
15 0 16 1 17 2 19 3 23 5 22 6 20 7 18 8 15 10 24 11 15 14 19 15 18 16 16 17 22 18 20
13 0 12 1 21 2 20 4 15 7 24 8 17 9 21 11 17 13 13 14 14 16 18 17 20 18 20
11 0 22 2 19 3 22 4 20 6 14 9 16 12 17 13 13 14 18 18 17 19 13
18 0 16 1 18 2 16 3 18 4 23 5 15 6 16 7 17 8 22 9 13 10 14 11 20 14 19 15 17 16 12 17 18 18 20 19 14
18 0 22 1 17 2 13 3 16 4 14 5 22 6 15 7 14 8 17 9 22 10 22 12 19 14 17 15 14 16 24 17 14 18 16 19 12
3 0 23 2 24 10 12
7 1 22 5 19 6 20 13 20 16 12 17 14 18 14
4 1 15 12 23 15 13 18 22
8 0 18 2 21 3 19 9 21 11 17 14 15 18 17 19 17
14 2 21 3 18 4 22 5 22 6 13 7 14 8 17 9 18 10 17 11 13 12 21 14 18 17 24 19 15
14 0 20 1 18 3 17 4 20 5 21 9 12 10 23 11 24 12 22 13 15 14 23 15 16 17 22 18 16
7
4 14 0.0017000000000000001
15 2 0.0022
17 13 0.0024000000000000002
18 4 0.0017000000000000001
1 4 0.0016
13 5 0.0016
5 9 0.0022
28
3 0 0.002 0.13085774017791474
19 11 0.0014 0.13399697004885097
13 4 0.0016 0.10236262103619634
9 15 0.0013000000000000002 0.14813901305486843
19 10 0.0012000000000000001 0.13325351789591833
6 8 0.0024000000000000002 0.11844933984286782
5 11 0.0018000000000000002 0.10245879863272986
14 18 0.0024000000000000002 0.148268445526674
14 5 0.0024000000000000002 0.11320146463506851
17 8 0.002 0.11163696516464454
19 9 0.0022 0.11044322096590305
8 19 0.0024000000000000002 0.13592776885562127
14 8 0.0016 0.14768955121547978
3 17 0.0014 0.11104235732018645
13 8 0.0014 0.11257444028706953
10 9 0.0014 0.10739980395099025
10 9 0.0016 0.12951379429095597
8 5 0.0022 0.11271948606599407
16 7 0.0016 0.11022121438293282
6 0 0.002 0.13420697664893422
4 14 0.002 0.10389179655510539
15 0 0.0017000000000000001 0.12779431716262965
5 3 0.0014 0.13075797495053765
0 8 0.0017000000000000001 0.11330753668155039
12 1 0.0022 0.10294752232653846
12 15 0.0018000000000000002 0.10570825957735205
4 14 0.0024000000000000002 0.14947923839253258
11 12 0.0012000000000000001 0.14118143833251984
