20
8 3 12 5 18 6 16 8 20 9 19 11 15 14 19 18 17
16 0 20 2 14 3 22 4 22 5 14 6 22 8 15 9 20 10 22 11 13 12 18 13 14 15 24 16 14 17 21 18 12
8 1 21 5 18 7 23 10 18 11 18 14 15 17 15 19 21
14 0 17 1 13 2 12 5 20 6 12 9 18 10 22 12 16 13 13 14 22 15 21 16 14 17 16 19 21
11 1 12 2 20 3 16 5 22 6 14 7 15 11 20 12 16 14 22 16 12 18 21
9 0 21 3 14 7 15 8 16 9 22 11 15 12 24 14 22 18 23
5 0 17 2 20 9 23 16 24 18 16
7 0 19 6 14 9 23 10 12 15 12 16 16 18 15
5 0 16 4 19 7 21 10 14 13 22
2 0 22 17 23
14 0 21 1 13 2 14 3 13 4 16 7 16 8 18 9 20 11 24 13 20 14 14 15 21 17 23 19 21
2 5 12 16 19
17 1 17 2 22 3 22 4 18 5 21 6 20 7 23 8 23 10 13 11 22 13 16 14 13 15 22 16 16 17 19 18 23 19 22
14 0 20 1 17 2 14 4 13 5 21 7 12 9 17 10 14 11 23 14 17 15 22 16 23 17 13 19 16
8 1 20 2 22 3 13 6 14 7 16 11 21 15 13 18 16
4 1 14 6 13 12 20 13 19
16 0 19 1 13 2 12 3 24 5 15 6 12 7 12 8 12 9 22 11 15 12 13 13 22 15 12 17 19 18 14 19 15
12 2 19 3 15 8 14 10 17 11 21 12 14 13 16 14 15 15 12 16 15 18 14 19 24
6 7 21 8 20 10 18 11 24 14 24 15 17
8 0 16 1 19 2 15 3 20 5 17 6 19 15 20 18 15
7
12 19 0.0018000000000000002
1 17 0.002
14 0 0.002
10 8 0.0012000000000000001
11 9 0.0017000000000000001
4 15 0.0013000000000000002
16 9 0.0015
28
7 12 0.0012000000000000001 0.1303473738547381
4 15 0.0015 0.11149471124879605
18 6 0.0016 0.13238176801577745
6 19 0.0016 0.11441035504991955
18 14 0.0024000000000000002 0.11462346524390275
10 12 0.0019 0.13305490867018252
10 15 0.0018000000000000002 0.13304629862667713
16 12 0.0017000000000000001 0.11119957534186059
8 14 0.0019 0.10885485561574722
17 2 0.0016 0.1021445374258276
5 12 0.0024000000000000002 0.11379111554414474
7 12 0.0018000000000000002 0.10802937295285663
9 15 0.0017000000000000001 0.14996863282397152
9 1 0.0023 0.1237600020547688
0 14 0.0015 0.14159465554479228
13 9 0.0018000000000000002 0.1177284787517024
0 9 0.0024000000000000002 0.14476028790378548
18 4 0.0018000000000000002 0.1328697044349543
4 2 0.0017000000000000001 0.1379048736138486
12 5 0.0021000000000000003 0.1442680395448351
9 6 0.0019 0.12201669622016906
1 19 0.0021000000000000003 0.14885502488744604
0 19 0.0017000000000000001 0.13163942692165753
5 19 0.0015 0.14400185341122568
10 8 0.0024000000000000002 0.13414019175835806
14 8 0.0016 0.11325756288775048
10 1 0.0013000000000000002 0.1014131679263218
10 13 0.0023 0.11827455421492397
