20
5 2 24 3 22 14 23 18 17 19 20
17 0 12 2 24 3 22 4 15 5 19 6 17 7 21 8 14 9 12 10 23 11 23 13 24 14 16 15 18 16 13 17 15 18 23
17 0 15 1 20 3 23 4 24 5 22 6 13 7 24 8 20 9 24 10 24 11 13 12 20 14 23 15 22 17 15 18 17 19 12
9 4 24 5 17 6 14 7 15 8 18 10 19 13 17 16 20 17 19
2 5 13 15 24
4 3 21 4 21 8 22 13 12
7 0 17 5 18 7 12 10 14 11 14 13 21 14 21
11 1 20 2 19 3 15 4 19 5 18 9 22 10 23 12 15 15 17 16 20 17 23
3 9 22 10 17 11 14
11 0 20 1 23 2 15 4 22 6 21 11 22 12 17 14 17 16 13 18 20 19 14
10 0 15 1 15 2 12 5 24 6 18 7 12 12 15 13 15 14 12 18 17
7 2 19 3 13 7 21 12 16 14 20 16 18 19 22
3 2 17 13 21 19 12
7 4 14 8 16 11 22 12 12 15 14 17 18 19 23
3 3 15 5 16 19 20
8 4 14 5 18 8 23 9 18 10 14 13 18 14 24 19 23
1 9 21
10 6 12 7 24 9 24 10 17 11 16 12 13 15 16 16 15 18 12 19 23
13 0 18 1 12 2 22 4 19 5 22 6 18 8 17 9 21 10 19 11 13 14 17 16 18 17 20
12 0 22 3 13 5 21 7 18 8 24 11 23 12 23 13 16 14 23 16 22 17 18 18 14
7
6 10 0.0023
8 16 0.0021000000000000003
4 11 0.0019
4 16 0.0017000000000000001
5 14 0.002
15 11 0.0017000000000000001
4 1 0.0024000000000000002
28
19 16 0.0018000000000000002 0.1326951850838085
5 12 0.0013000000000000002 0.14513494695479756
0 19 0.0022 0.1021751824021555
6 5 0.0015 0.11825255681889507
3 8 0.0022 0.1174213802914477
12 8 0.002 0.12130755968496452
18 14 0.0019 0.1119666047004156
16 9 0.0017000000000000001 0.12738154252470515
11 12 0.0013000000000000002 0.1088910754564632
18 11 0.0018000000000000002 0.1070705443384605
10 6 0.0019 0.13898467736232037
14 15 0.0022 0.14499191934918715
15 2 0.002 0.1349331338795939
0 6 0.0015 0.12854737423089882
10 2 0.0012000000000000001 0.14874854563707823
12 3 0.0017000000000000001 0.13722585431865547
19 5 0.0017000000000000001 0.11326156817479974
6 7 0.0018000000000000002 0.10203440988060423
1 9 0.0021000000000000003 0.13416160914653627
16 7 0.0019 0.12562447689518494
8 18 0.0016 0.12780512680617107
7 19 0.0015 0.1166451031347272
12 7 0.0014 0.14059051645647846
0 18 0.0019 0.12073050084345156
6 8 0.0016 0.10719484932809867
10 5 0.0024000000000000002 0.1438205586562181
19 6 0.0023 0.14568519805936686
7 11 0.0018000000000000002 0.10600897623751307
