20
17 2 15 3 23 4 17 5 23 6 20 7 15 8 20 9 15 10 18 11 20 12 18 13 17 14 24 15 15 16 13 17 21 19 17
18 0 20 2 14 3 12 4 23 5 22 6 15 7 21 8 12 9 17 10 14 12 12 13 23 14 21 15 22 16 22 17 20 18 17 19 20
13 0 16 3 22 4 15 6 16 7 24 10 12 11 14 14 21 15 12 16 21 17 21 18 15 19 16
11 1 22 6 14 7 12 8 22 9 24 10 24 12 20 13 20 14 16 15 14 17 19
6 0 19 2 18 5 20 6 12 8 21 14 16
6 2 22 8 19 10 20 14 13 17 23 18 16
1 10 23
9 0 16 3 12 5 12 6 23 10 16 12 21 13 12 15 21 18 12
10 0 14 1 14 2 21 6 12 7 19 9 14 11 20 14 23 16 18 18 23
6 2 12 5 14 7 19 11 20 14 17 15 13
16 0 15 1 20 3 24 4 18 5 22 6 24 7 15 8 14 9 23 11 21 14 13 15 15 16 15 17 24 18 17 19 18
6 0 13 1 18 8 14 10 22 15 16 19 16
6 3 14 5 17 15 12 17 23 18 23 19 22
14 1 19 3 15 4 16 5 12 6 12 7 18 8 13 9 21 10 12 14 15 15 12 16 18 17 15 19 12
3 0 15 10 18 12 19
8 2 12 3 21 5 19 6 20 8 19 13 22 14 18 18 21
16 0 12 1 17 2 22 4 17 5 20 6 22 7 18 8 16 9 16 10 13 12 22 14 18 15 23 17 12 18 20 19 13
5 3 19 8 18 10 19 12 20 16 17
5 0 23 3 17 4 24 11 13 17 23
1 1 16
7
7 18 0.002
3 4 0.0013000000000000002
2 7 0.0018000000000000002
3 7 0.0024000000000000002
16 17 0.0021000000000000003
16 2 0.0023
19 11 0.0023
28
5 0 0.0017000000000000001 0.10071176793220468
19 18 0.0021000000000000003 0.14097348420936004
13 16 0.0016 0.1356193345341458
3 8 0.0023 0.10071301404847212
7 18 0.0022 0.12890283887389115
3 10 0.0018000000000000002 0.11925768827168409
11 3 0.0014 0.11934006443847633
6 17 0.0021000000000000003 0.14882476078499576
13 18 0.0019 0.14047292104072612
10 17 0.0022 0.10324129251459128
14 17 0.0017000000000000001 0.14606746848873653
15 7 0.0021000000000000003 0.12340725137928352
7 9 0.0018000000000000002 0.11592463510411483
4 15 0.0023 0.10071925951474174
1 4 0.0013000000000000002 0.14280964412948058
14 3 0.0013000000000000002 0.10121254609180459
10 11 0.0021000000000000003 0.13591250601379273
10 5 0.0019 0.12785576006725485
5 16 0.0018000000000000002 0.12766344420102485
3 11 0.0016 0.1151683233653588
7 17 0.0021000000000000003 0.11670024760102914
10 6 0.0015 0.11383674509275214
7 18 0.0014 0.13352750993316795
1 19 0.0017000000000000001 0.14964519941986126
2 1 0.002 0.11882989289255137
9 10 0.0021000000000000003 0.10945045766091041
3 10 0.002 0.13482347297232652
5 14 0.0023 0.10809507146550672
