20
2 4 17 15 13
4 2 18 8 23 15 15 16 18
17 1 12 3 16 5 13 6 13 7 18 8 12 9 24 10 21 11 14 12 18 13 14 14 16 15 16 16 20 17 13 18 19 19 19
16 0 13 1 22 2 24 4 14 5 14 6 15 7 13 8 19 12 14 13 20 14 12 15 12 16 18 17 17 18 24 19 20
3 10 23 14 24 16 18
8 1 17 2 20 3 24 6 23 8 21 11 22 13 13 19 13
11 1 15 2 14 8 19 9 14 10 16 11 22 13 20 14 13 15 12 16 23 17 24
12 0 21 1 23 2 17 3 13 5 18 8 16 10 19 13 16 15 17 16 19 17 19 19 22
14 0 15 1 14 2 17 4 24 5 12 6 16 7 14 11 14 12 19 13 19 16 22 17 17 18 12 19 16
12 0 14 2 16 3 16 6 21 10 15 11 20 12 12 13 15 14 14 15 21 16 16 17 13
5 0 13 1 21 3 23 9 24 13 13
12 1 13 3 17 4 18 6 18 8 22 10 24 13 20 14 13 15 21 16 18 17 14 18 16
12 0 23 1 22 2 15 4 21 9 15 10 22 11 12 13 12 14 14 17 19 18 20 19 12
7 1 24 3 20 5 21 14 23 15 24 16 16 19 19
11 1 16 3 24 4 22 7 15 9 14 12 13 13 16 15 18 16 20 17 23 18 17
10 0 17 1 20 5 13 7 14 9 18 10 14 12 23 14 20 17 18 18 24
2 5 24 14 17
11 3 21 4 13 6 24 7 19 8 24 9 14 11 15 12 22 13 14 14 16 15 12
15 0 12 1 17 2 23 5 18 6 24 7 15 9 24 10 22 11 15 12 19 13 20 15 21 16 16 17 19 19 23
13 0 20 3 16 6 24 7 16 8 12 9 19 10 16 11 13 12 16 13 16 15 14 17 20 18 13
7
9 16 0.0017000000000000001
3 9 0.0012000000000000001
4 2 0.002
14 15 0.0018000000000000002
3 14 0.0022
12 5 0.002
3 2 0.0016
28
7 14 0.0017000000000000001 0.10992414379520504
15 8 0.0013000000000000002 0.1374190264721734
0 12 0.0021000000000000003 0.11237914745767492
15 14 0.002 0.1251487905937908
4 5 0.0012000000000000001 0.13709693898595615
1 19 0.002 0.108691980499045
0 5 0.0023 0.14986343692556453
0 17 0.0017000000000000001 0.12645088413306782
15 19 0.0019 0.123008569485415
11 12 0.0022 0.14432809875462888
10 2 0.0021000000000000003 0.1326847006648818
16 7 0.0023 0.14982499597099624
12 19 0.0016 0.12430097074397858
17 10 0.0014 0.13735075265612057
10 15 0.0014 0.1436289502356044
11 17 0.0023 0.10905844265969158
16 2 0.0012000000000000001 0.14920128067549943
7 12 0.0023 0.1448070592827207
12 2 0.0023 0.13302120359763425
17 8 0.0023 0.1183511921131774
2 0 0.0022 0.11683824383335474
4 19 0.002 0.13236114647805552
5 8 0.0021000000000000003 0.1482187903439668
2 3 0.0012000000000000001 0.10910728972695277
17 1 0.0017000000000000001 0.10229704191266012
9 16 0.0015 0.12067524706701414
15 8 0.0019 0.13541046053512346
18 17 0.0024000000000000002 0.13646234294306353
