20
3 1 15 4 18 15 22
15 0 12 2 13 3 22 4 22 5 19 7 17 8 16 10 20 11 16 13 13 14 13 15 20 16 20 18 19 19 16
18 0 20 1 16 3 17 4 12 5 12 6 12 7 19 8 14 9 21 10 19 11 18 12 23 13 16 14 18 16 20 17 22 18 24 19 13
4 9 19 12 14 14 21 16 15
3 13 22 15 22 16 17
5 7 19 8 18 11 17 13 24 18 23
11 0 18 2 17 3 19 8 20 9 23 10 20 12 16 14 18 16 21 18 20 19 16
9 0 15 2 21 3 18 5 24 8 15 11 23 12 21 18 14 19 24
4 3 13 5 12 11 22 15 15
9 0 20 1 17 4 22 5 19 6 14 8 20 15 15 18 24 19 20
4 0 13 6 22 12 22 15 12
8 0 20 5 15 8 23 9 23 10 21 16 19 18 24 19 15
15 0 22 1 19 4 24 5 20 6 20 8 16 9 17 10 15 11 24 14 22 15 24 16 16 17 22 18 17 19 23
12 0 24 1 18 2 18 3 18 7 15 11 24 12 13 14 17 15 17 16 16 17 12 19 17
11 0 18 1 24 2 18 3 16 4 18 5 17 6 24 11 21 12 18 15 13 19 19
12 2 19 3 21 4 15 5 22 8 15 9 17 10 12 12 12 13 23 16 18 17 22 19 16
4 0 15 6 19 12 23 13 21
14 0 23 3 24 4 18 5 18 6 18 7 24 8 16 9 20 10 17 11 22 12 13 13 13 16 14 19 23
14 1 12 3 13 4 15 5 23 6 20 9 16 10 20 11 17 13 16 14 14 15 13 16 14 17 22 19 12
3 7 20 8 17 16 15
7
9 17 0.0021000000000000003
9 0 0.0015
11 17 0.0021000000000000003
14 13 0.0013000000000000002
1 16 0.0018000000000000002
1 5 0.0017000000000000001
0 5 0.0023
28
5 3 0.002 0.1099671685657878
3 16 0.0024000000000000002 0.11239526523907706
1 12 0.0018000000000000002 0.10453479300255558
17 2 0.0019 0.10884969281084358
1 7 0.0019 0.11745695222784586
13 16 0.0015 0.1348410543412918
12 3 0.0014 0.10222451057669675
1 6 0.0023 0.11180849384985564
4 11 0.0016 0.11831386399336968
17 5 0.002 0.13289352328866372
6 1 0.0019 0.13161478771501467
12 0 0.0014 0.1395833545166177
0 17 0.0023 0.11144760302458909
6 18 0.0022 0.1484744547906855
2 17 0.0019 0.1409199162697315
18 8 0.0012000000000000001 0.12718245955399377
7 8 0.0021000000000000003 0.10636520563491193
15 9 0.0022 0.10096931053644242
12 15 0.0017000000000000001 0.14472772668530798
18 17 0.0022 0.14862347299543038
16 4 0.0019 0.14181275529481735
14 16 0.0023 0.10320787096740502
7 16 0.0023 0.11369755199975909
5 3 0.0019 0.13235205035925218
5 13 0.0019 0.1493233384488036
15 3 0.0019 0.14807257919039016
17 1 0.0013000000000000002 0.12176803881299213
13 12 0.0022 0.12253500679059388
