20
10 1 12 3 18 6 22 7 22 9 15 10 24 11 18 14 14 15 17 16 12
10 0 15 5 20 6 18 8 12 10 12 11 18 14 24 15 19 16 16 17 19
10 0 17 3 16 4 15 5 22 6 23 8 13 10 18 12 15 17 18 19 14
3 2 19 13 22 16 20
18 0 13 2 20 3 12 5 14 6 20 7 18 8 24 9 17 10 15 11 20 12 18 13 22 14 15 15 13 16 24 17 14 18 14 19 19
9 2 23 6 18 8 14 9 17 11 24 14 14 15 17 16 14 19 12
6 1 19 7 16 8 12 10 19 18 13 19 12
7 3 15 5 19 8 20 9 19 10 20 13 14 18 12
8 10 17 11 21 12 20 13 17 14 13 15 18 17 20 19 15
4 0 21 8 24 10 18 14 21
11 0 17 1 23 3 14 4 14 5 21 6 22 8 21 11 15 14 20 15 13 19 19
12 0 18 1 17 2 18 4 23 5 22 7 20 8 24 10 22 12 12 14 13 17 12 19 18
3 6 18 14 12 19 23
6 2 13 3 12 10 13 11 17 18 12 19 13
8 2 16 5 12 7 19 9 22 10 20 11 24 15 13 17 19
14 0 19 1 12 2 17 3 13 4 22 5 24 6 21 8 24 9 24 12 17 13 12 16 12 17 15 18 16
18 0 24 1 21 2 23 3 21 4 21 5 18 7 20 8 14 9 18 10 19 11 18 12 23 13 20 14 12 15 19 17 14 18 14 19 15
10 1 22 2 14 4 16 5 22 10 23 11 19 12 21 16 22 18 16 19 21
9 0 12 5 24 9 19 10 19 11 14 13 20 14 16 16 18 19 20
13 2 12 4 12 5 24 6 21 7 15 8 22 9 18 11 21 12 18 14 22 15 17 16 13 17 24
7
4 7 0.0012000000000000001
5 2 0.0013000000000000002
1 8 0.0018000000000000002
3 6 0.0012000000000000001
13 1 0.0022
14 12 0.002
12 19 0.0013000000000000002
28
18 16 0.0023 0.1261453562199161
11 17 0.0019 0.13899435253335793
11 2 0.0014 0.10244813741177619
5 0 0.0023 0.12373674746464702
6 9 0.0016 0.1065492252072156
3 10 0.0017000000000000001 0.11974436140977221
5 16 0.002 0.12621719110139082
18 2 0.0012000000000000001 0.1019635848116206
14 17 0.0022 0.14988735844375298
2 18 0.0021000000000000003 0.14909960448516246
5 10 0.002 0.11880440957480555
4 1 0.0013000000000000002 0.14674516978637048
2 4 0.002 0.12048086569649698
1 6 0.0019 0.1356510448776198
16 18 0.0021000000000000003 0.12905728924349075
2 16 0.0023 0.11675180289771492
19 0 0.0023 0.11614520959959698
8 13 0.0024000000000000002 0.13957371543842528
14 3 0.0023 0.14197964977018337
18 3 0.0023 0.1417810771301671
10 1 0.0016 0.10375423137557392
5 7 0.002 0.13738991461794825
7 1 0.0015 0.10739844983760378
9 3 0.0024000000000000002 0.1094651371356418
1 16 0.0014 0.11442512007584985
4 17 0.0022 0.1490345463911681
13 8 0.0015 0.1248004978532692
0 6 0.0021000000000000003 0.11999923420391698
