20
7 2 14 3 17 4 14 7 23 10 18 14 20 15 20
14 0 18 2 17 3 20 4 22 6 23 7 19 10 23 11 15 12 17 13 21 14 16 16 19 17 22 19 23
3 11 16 12 14 13 15
3 2 19 15 21 18 24
18 1 19 2 17 3 24 5 13 6 21 7 20 8 16 9 17 10 16 11 24 12 21 13 21 14 14 15 13 16 16 17 20 18 15 19 23
12 0 23 2 14 4 12 6 22 8 21 11 23 12 22 13 20 15 21 16 22 17 19 19 24
13 1 18 2 24 3 21 4 21 5 23 7 17 9 24 11 20 15 21 16 24 17 12 18 20 19 22
3 3 18 5 18 13 21
2 5 13 13 12
1 19 20
16 0 20 1 20 2 20 3 19 4 20 5 18 6 21 7 24 8 22 9 21 11 13 12 19 16 22 17 16 18 14 19 19
13 1 13 2 20 3 15 4 22 5 18 6 20 7 13 8 22 10 13 12 21 13 13 17 14 19 15
16 0 13 1 21 2 24 3 16 4 19 5 21 6 16 7 23 8 17 10 22 11 21 14 22 15 23 16 23 17 20 19 21
6 0 24 2 23 4 17 7 17 12 16 17 12
13 0 22 1 13 2 19 3 23 6 22 7 21 8 13 12 21 13 21 15 15 16 17 18 12 19 18
18 0 21 1 24 3 24 4 19 5 14 6 23 7 23 8 18 9 14 10 23 11 17 12 20 13 21 14 20 16 14 17 16 18 20 19 22
18 0 21 1 18 2 21 3 23 4 21 5 22 6 23 7 19 8 16 9 14 10 13 11 16 13 19 14 16 15 17 17 20 18 19 19 17
18 1 13 2 17 3 14 4 20 5 23 6 22 7 23 8 15 9 17 10 20 11 20 12 12 13 19 14 13 15 23 16 15 18 24 19 22
14 0 13 1 16 2 24 4 17 5 12 7 23 8 13 9 19 12 13 13 19 14 13 15 19 17 13 19 20
11 0 13 2 15 4 18 5 12 6 17 7 17 10 17 12 14 14 15 15 17 16 21
7
16 5 0.0018000000000000002
6 0 0.0023
6 8 0.0018000000000000002
7 10 0.0021000000000000003
11 3 0.0021000000000000003
17 11 0.0016
1 3 0.0016
28
0 10 0.0016 0.14780393256235888
15 1 0.0012000000000000001 0.1110816684556621
17 2 0.0013000000000000002 0.1271341388665036
10 0 0.002 0.13909135228216507
4 9 0.0022 0.1142461838859099
12 8 0.0023 0.12930464501524624
14 15 0.0015 0.11880356899043659
18 14 0.0023 0.10652249920259899
0 10 0.0019 0.148257970462143
13 5 0.0022 0.11170237948862456
11 6 0.0013000000000000002 0.11785528950703766
5 18 0.0018000000000000002 0.11270219342757071
8 0 0.0021000000000000003 0.11632461312407882
2 7 0.0018000000000000002 0.14011806625934983
1 18 0.0014 0.11520303286649641
1 12 0.0012000000000000001 0.12312722398293333
17 18 0.0012000000000000001 0.13595443753872968
14 13 0.0023 0.1057439370644614
12 3 0.0017000000000000001 0.13263991758698473
1 16 0.0012000000000000001 0.11403482466368364
0 17 0.0012000000000000001 0.11600201007499227
19 12 0.0015 0.11616994773055182
18 3 0.0016 0.10128962557764659
4 3 0.0017000000000000001 0.13415298437414444
2 11 0.0018000000000000002 0.11176029767642796
7 4 0.0016 0.12893532875361197
4 7 0.0018000000000000002 0.10417806750437048
11 15 0.0015 0.10091210798505967
