20
17 1 12 2 14 3 13 4 15 5 13 6 18 8 17 9 23 10 19 11 12 12 21 13 13 14 23 15 14 17 13 18 16 19 17
7 0 16 2 15 4 18 6 12 13 20 15 21 17 20
15 0 13 1 18 3 24 4 14 6 23 8 13 9 21 11 13 12 15 13 19 14 19 15 12 16 19 18 23 19 19
8 1 23 2 17 5 16 6 14 9 14 10 23 13 12 19 23
18 0 14 1 20 3 12 5 13 6 24 7 23 8 16 9 17 10 20 11 24 12 14 13 14 14 17 15 13 16 18 17 19 18 13 19 21
17 0 24 1 19 2 13 3 17 4 18 6 18 7 17 8 24 9 21 10 12 11 24 12 13 15 15 16 17 17 12 18 22 19 21
12 1 18 2 23 3 13 9 14 12 23 13 14 14 13 15 22 16 21 17 16 18 21 19 16
3 8 17 13 19 16 18
16 0 12 1 12 3 18 4 22 5 20 6 22 7 19 9 13 10 16 12 23 13 12 14 14 15 16 17 22 18 24 19 19
11 1 24 2 16 3 12 4 24 6 15 7 19 11 20 12 17 15 13 16 20 18 23
9 1 16 3 20 5 19 6 22 9 18 15 17 16 20 18 17 19 17
17 0 22 1 12 2 18 3 18 4 12 5 18 6 13 7 18 9 20 10 23 12 21 13 24 14 13 15 16 16 12 17 18 18 17
12 1 12 3 12 4 17 8 12 9 16 11 13 13 12 14 23 15 22 17 23 18 17 19 15
2 8 15 16 13
17 0 12 1 24 2 12 3 22 4 20 5 12 6 21 7 12 8 17 9 22 11 13 12 18 13 19 15 22 16 14 17 19 18 21
6 0 24 2 24 3 20 4 22 8 15 17 19
11 1 15 2 16 4 22 5 22 6 20 7 15 10 20 11 22 12 24 14 21 18 22
10 0 19 1 13 4 14 5 15 9 13 10 17 12 19 13 14 15 24 18 16
2 1 24 19 19
2 8 13 11 22
7
12 13 0.0016
13 8 0.0017000000000000001
0 8 0.0023
6 15 0.0024000000000000002
3 14 0.0016
13 3 0.0015
2 9 0.0017000000000000001
28
1 12 0.0024000000000000002 0.14928031623621357
8 1 0.0015 0.14622997302821916
10 9 0.0018000000000000002 0.12571357886928525
18 1 0.0013000000000000002 0.11273627338243218
4 15 0.0019 0.14482851461189522
6 9 0.0012000000000000001 0.10785084519988619
11 4 0.0017000000000000001 0.12691173819202647
3 19 0.0024000000000000002 0.10022252485632804
14 11 0.002 0.13023154246709445
7 4 0.0023 0.1104309726679221
0 15 0.0016 0.11384458191198882
11 10 0.0023 0.10267477765809044
16 13 0.0019 0.1443580374649286
16 1 0.0019 0.13735999565944113
5 9 0.0021000000000000003 0.1422783152892381
16 4 0.0016 0.13782635628757853
8 3 0.002 0.14903411267723304
10 14 0.0022 0.10594053461466403
3 8 0.0012000000000000001 0.12634738298356304
16 8 0.0022 0.11536265952092165
15 13 0.0012000000000000001 0.12075516912734455
12 17 0.002 0.11360461687703323
15 2 0.0023 0.12997990655180613
14 3 0.0016 0.12746498688302102
14 1 0.0023 0.11538190060367906
8 0 0.002 0.14100049274121448
12 2 0.0015 0.11560715887372076
5 8 0.0021000000000000003 0.10520878011328352
