20
4 1 16 2 17 10 17 13 23
11 0 12 3 13 4 17 5 15 6 12 8 24 9 24 11 12 13 14 14 21 15 22
6 3 15 5 17 6 12 8 24 12 19 13 23
10 1 16 5 14 6 13 10 14 13 17 14 17 15 15 16 12 17 19 19 17
1 8 20
11 0 16 2 14 4 20 6 14 7 19 8 16 10 23 12 19 13 13 14 24 18 19
18 0 12 1 21 2 19 3 23 4 17 5 14 7 23 8 20 9 15 10 20 11 13 12 14 13 16 14 23 15 23 16 22 18 21 19 22
6 6 23 11 13 14 13 15 23 17 20 18 21
13 0 23 2 15 3 17 4 20 5 22 7 13 11 21 12 24 15 20 16 18 17 12 18 13 19 23
7 0 14 2 16 8 16 10 17 12 20 14 21 17 21
2 4 23 8 22
11 2 22 4 23 6 14 8 14 10 21 12 15 13 17 14 23 15 15 18 12 19 12
11 0 22 2 23 3 23 5 12 7 17 9 12 11 12 13 14 14 22 15 12 18 17
15 0 13 1 22 4 14 5 20 6 22 7 23 8 21 10 14 11 24 14 23 15 22 16 21 17 14 18 13 19 12
13 1 24 2 17 3 19 4 24 5 24 7 24 8 13 9 18 10 23 12 22 13 12 15 13 16 15
9 2 16 3 23 6 15 7 17 12 15 16 23 17 17 18 23 19 14
16 0 16 1 12 2 16 4 22 5 20 6 22 8 15 9 12 10 15 11 15 12 24 13 17 15 18 17 13 18 17 19 17
13 0 21 2 17 4 20 5 22 6 17 7 14 8 15 9 16 10 24 12 18 15 22 16 16 19 12
16 0 20 1 15 3 17 4 20 5 13 6 15 7 12 8 14 9 21 11 12 12 21 13 12 15 23 16 18 17 21 19 15
9 3 15 4 22 5 15 7 23 9 22 10 14 11 14 16 20 17 23
7
16 7 0.0015
13 19 0.002
19 13 0.0014
15 5 0.0016
10 7 0.0014
1 16 0.0014
6 5 0.0023
28
8 10 0.0012000000000000001 0.1157030150623243
3 13 0.0014 0.12176687451974906
9 13 0.0018000000000000002 0.10486627092040463
14 17 0.0024000000000000002 0.1304104499997371
4 18 0.0018000000000000002 0.13895953092618665
10 13 0.0017000000000000001 0.1311415961241473
15 19 0.0013000000000000002 0.13734980418892453
11 19 0.0015 0.10443406662343499
19 18 0.0019 0.11240237591885777
2 10 0.0019 0.14622001078901595
0 6 0.0016 0.11653383890928841
0 8 0.002 0.10647947230124284
0 14 0.0022 0.10890220524277155
11 3 0.0012000000000000001 0.14283682658964725
0 2 0.0013000000000000002 0.11350898463494018
1 2 0.0018000000000000002 0.1056224752560843
12 19 0.0018000000000000002 0.11260075815809877
13 15 0.0019 0.14026274361385466
19 15 0.0015 0.14820057526042885
6 4 0.0024000000000000002 0.14848950216986712
15 5 0.0024000000000000002 0.13492782664882558
7 6 0.0017000000000000001 0.1060310042840418
15 3 0.0019 0.1370744833131755
15 11 0.0024000000000000002 0.1232963065775924
18 0 0.0021000000000000003 0.12543303555075522
5 7 0.0019 0.12843284698834923
5 15 0.0019 0.1367076952907561
6 19 0.0019 0.10787397201553633
