20
5 1 15 4 23 8 16 14 12 17 22
2 0 23 9 18
14 0 16 1 24 3 21 5 21 7 22 9 23 10 21 11 13 12 22 13 21 15 12 16 18 17 20 19 13
16 1 15 2 22 6 24 7 21 8 23 9 18 10 20 11 21 12 16 13 19 14 17 15 18 16 20 17 15 18 20 19 15
3 5 14 7 20 15 21
5 1 24 3 17 7 15 11 24 19 22
8 2 13 3 12 4 17 12 22 13 23 15 16 18 23 19 21
8 0 13 2 20 4 12 5 17 6 22 10 19 17 13 19 21
17 0 19 1 15 2 20 3 12 4 19 5 17 6 13 7 19 9 24 10 15 11 14 12 13 13 15 14 19 15 24 16 14 19 20
6 1 17 2 14 5 16 10 24 11 22 14 16
16 0 21 1 14 2 20 3 18 4 18 5 12 6 24 8 14 9 12 11 12 12 14 13 16 15 15 17 12 18 16 19 20
10 1 13 5 23 10 24 12 16 13 17 14 17 15 23 17 21 18 19 19 13
14 0 23 1 16 2 14 5 24 7 13 9 13 10 19 11 18 13 24 14 13 16 12 17 22 18 23 19 12
18 1 23 2 15 3 16 4 12 5 21 6 13 7 13 8 17 9 15 10 22 11 18 12 12 14 21 15 13 16 13 17 21 18 21 19 17
6 0 12 5 14 6 13 8 12 15 15 17 15
6 1 21 3 23 4 16 6 24 7 12 13 19
17 1 18 2 24 3 18 4 13 5 21 6 12 8 17 9 22 10 15 11 22 12 15 13 20 14 16 15 23 17 15 18 24 19 17
5 1 15 6 21 13 16 16 14 18 19
18 0 14 1 16 2 23 3 18 4 12 5 12 6 14 7 24 9 14 10 24 11 23 12 24 13 24 14 16 15 24 16 15 17 24 19 20
12 1 21 2 17 3 24 4 19 5 12 8 24 12 16 13 17 14 18 16 16 17 14 18 14
7
15 12 0.0013000000000000002
13 5 0.0019
15 3 0.0014
18 15 0.0014
0 9 0.0013000000000000002
14 19 0.0016
12 1 0.0014
28
13 19 0.0024000000000000002 0.1381560783167947
4 18 0.0022 0.13363732799922876
3 9 0.0022 0.12690595773298366
17 9 0.0015 0.10684477964801524
8 7 0.0017000000000000001 0.13141787381414133
6 7 0.0017000000000000001 0.13284069436078527
1 12 0.0024000000000000002 0.13248396587073424
7 14 0.0016 0.11292190506528178
5 2 0.002 0.1084222689036457
12 9 0.0015 0.14594801605943974
11 8 0.0012000000000000001 0.1471915287553783
16 11 0.0014 0.11110455595197309
11 19 0.0014 0.1283492313893552
1 8 0.0014 0.14105500763133005
13 6 0.0021000000000000003 0.1037633588161055
9 15 0.0016 0.12440113383988152
0 10 0.0021000000000000003 0.14183866316649893
12 3 0.0019 0.14057953550599755
19 14 0.0013000000000000002 0.1144578484493184
15 19 0.0018000000000000002 0.11224872591063947
4 0 0.0017000000000000001 0.11006171681667543
6 1 0.0018000000000000002 0.12870822748395006
6 12 0.0021000000000000003 0.1259892916892481
0 13 0.0019 0.12871306958893722
17 11 0.0015 0.12207509834493026
8 15 0.0012000000000000001 0.13826801620812756
11 6 0.0024000000000000002 0.1270191624667377
3 15 0.0023 0.11246206819304229
