20
7 6 13 7 20 8 20 10 18 13 12 14 22 15 12
17 0 22 2 13 3 15 4 21 6 17 7 19 8 24 9 15 11 21 12 18 13 23 14 17 15 16 16 16 17 22 18 21 19 12
18 0 20 1 23 3 12 5 20 6 18 7 17 8 24 9 13 10 21 11 19 12 22 13 12 14 14 15 15 16 13 17 23 18 13 19 21
5 1 14 4 12 6 21 16 23 18 16
1 12 12
17 1 18 2 16 3 15 4 13 6 19 7 16 8 24 9 19 11 13 12 23 13 22 14 19 15 18 16 23 17 17 18 17 19 12
2 8 24 9 13
6 0 12 1 19 3 21 11 18 14 17 19 15
1 1 13
5 1 14 5 13 12 22 16 21 18 24
12 0 14 1 18 2 22 4 23 5 14 7 24 8 20 12 23 14 13 17 17 18 12 19 13
13 0 16 5 22 6 22 7 13 8 13 10 21 12 12 14 16 15 16 16 17 17 18 18 18 19 18
5 0 24 1 24 2 19 6 22 16 19
1 7 21
10 1 23 4 21 6 14 9 20 10 15 13 23 16 17 17 15 18 24 19 17
16 0 24 1 24 2 20 3 20 4 22 5 14 6 19 7 18 8 15 9 21 11 21 12 19 13 16 14 16 17 17 18 20
17 0 19 1 16 2 23 3 15 4 15 6 19 7 24 8 18 9 13 10 20 11 18 13 13 14 15 15 17 17 15 18 12 19 15
2 6 24 15 12
16 0 21 1 17 2 12 3 12 4 24 6 16 8 18 9 19 10 20 11 17 12 14 13 18 15 18 16 16 17 20 19 13
13 0 14 1 22 3 20 4 17 5 13 6 13 7 20 8 17 10 19 13 24 15 18 17 24 18 17
7
3 10 0.0013000000000000002
5 6 0.0021000000000000003
0 9 0.0019
7 9 0.0022
17 4 0.0023
13 15 0.0015
17 9 0.0019
28
6 12 0.0017000000000000001 0.10051716599164542
4 7 0.0015 0.12873450839811984
12 10 0.0021000000000000003 0.12618614950398094
1 6 0.002 0.14059667835378892
9 4 0.0022 0.12293427738523627
10 15 0.002 0.14012395975299008
11 15 0.0024000000000000002 0.14498834546186118
14 13 0.0024000000000000002 0.10834831021675728
14 17 0.0017000000000000001 0.13512589423217208
1 15 0.0023 0.1147069259486834
10 17 0.0017000000000000001 0.10604871664360697
4 17 0.0024000000000000002 0.14335440507064087
10 13 0.0015 0.1249944847338671
4 1 0.0017000000000000001 0.10727610972803436
8 0 0.0014 0.11148291496628614
7 4 0.0013000000000000002 0.12020521754714358
0 9 0.0022 0.10906782662181325
0 17 0.0023 0.12696203941046502
1 2 0.0015 0.11908213054517462
0 9 0.0012000000000000001 0.14366993484013132
1 16 0.0018000000000000002 0.14688570631075748
2 5 0.0024000000000000002 0.13155248226574676
14 9 0.0015 0.12885168299336935
3 9 0.0013000000000000002 0.13058544741197775
2 14 0.002 0.14001324477957477
2 16 0.0012000000000000001 0.11288764505684616
1 12 0.0023 0.13539438663173753
0 3 0.0022 0.11670061076859961
