20
3 6 18 17 21 18 17
13 0 23 3 19 4 15 6 15 7 12 9 20 12 24 13 22 14 15 15 13 16 19 17 13 18 14
9 1 19 5 15 9 12 11 24 12 15 13 13 15 21 16 19 18 19
17 0 19 1 17 2 24 4 20 5 16 6 12 7 20 9 23 10 21 11 16 12 22 13 14 14 13 15 20 16 17 17 24 18 16
5 1 22 2 17 9 21 10 22 16 20
11 0 15 3 17 6 21 8 18 9 13 11 18 12 13 13 18 15 16 17 23 18 15
9 0 24 5 13 9 15 11 22 12 16 13 19 14 19 17 24 19 20
12 0 22 1 17 3 13 5 18 8 17 9 12 11 14 13 17 14 19 15 22 17 15 19 21
5 4 15 6 19 10 12 12 22 17 16
14 1 23 2 18 3 20 4 14 7 18 8 17 10 14 12 15 14 23 15 21 16 21 17 22 18 19 19 23
2 3 14 17 13
13 0 22 2 21 3 15 4 22 5 14 6 13 7 16 8 12 10 13 13 20 16 14 17 12 18 23
13 0 12 1 12 2 18 3 19 6 13 7 20 8 15 11 17 13 18 14 19 15 18 16 19 18 18
4 6 14 7 18 9 24 17 21
13 2 14 3 23 4 24 5 20 6 13 8 24 9 23 11 21 12 16 13 17 17 22 18 14 19 24
11 2 24 8 18 9 18 10 18 11 19 13 15 14 19 16 15 17 22 18 14 19 19
12 0 22 2 13 3 16 4 21 5 21 6 23 7 13 9 13 11 16 12 17 17 17 19 15
2 2 18 3 13
13 2 15 3 23 4 14 5 15 6 19 7 20 9 24 10 17 11 23 12 15 14 20 15 22 19 12
5 1 24 6 16 10 23 12 22 13 14
7
8 10 0.0015
1 15 0.0017000000000000001
12 6 0.0024000000000000002
4 16 0.0019
18 3 0.0013000000000000002
15 10 0.0024000000000000002
10 17 0.0024000000000000002
28
2 12 0.0024000000000000002 0.13619596266829376
17 10 0.0017000000000000001 0.10291614630592252
0 13 0.0022 0.1330821776153076
19 6 0.0018000000000000002 0.11579328847750264
9 18 0.0014 0.10013447336359566
2 7 0.0013000000000000002 0.1334102558666744
7 15 0.0013000000000000002 0.14094099745081334
9 5 0.0016 0.14858499915662904
4 7 0.0022 0.13275744793682076
11 18 0.0022 0.14939870946009565
14 3 0.0017000000000000001 0.13656503901041786
9 3 0.0014 0.10414785403804824
10 11 0.0012000000000000001 0.11816893255054596
15 19 0.0013000000000000002 0.13723797720994307
0 10 0.0015 0.11462790877496583
18 17 0.0016 0.147378733897814
10 16 0.0021000000000000003 0.10873576657141377
17 4 0.0014 0.10622856501144091
17 2 0.0015 0.101175266815669
6 17 0.0023 0.12600438553293367
19 16 0.0021000000000000003 0.13721031827306546
15 7 0.0015 0.1453116090935626
1 12 0.0015 0.10320287872506241
2 12 0.0024000000000000002 0.1370179568461389
0 17 0.0013000000000000002 0.1020393746589858
14 6 0.0017000000000000001 0.1154981138396073
3 13 0.0017000000000000001 0.14766589113791434
10 13 0.0017000000000000001 0.11188113265539464
