10
6 2 19 3 15 4 22 5 16 6 12 7 16
6 0 14 2 22 3 19 5 18 7 23 9 13
7 0 19 1 16 3 21 4 18 5 17 6 19 8 13
5 2 13 4 14 7 21 8 19 9 20
4 2 24 5 18 7 14 8 24
3 2 20 4 21 9 17
8 0 13 1 21 2 23 3 24 4 13 5 12 7 21 9 18
1 6 16
2 4 23 5 12
7 1 17 2 16 3 17 4 14 6 21 7 22 8 13
2
9 2 0.0016
8 2 0.0012000000000000001
8
6 3 0.002 0.10980178208612003
7 2 0.0014 0.14766294832353097
3 2 0.0024000000000000002 0.10277385878583296
8 0 0.0016 0.10588022978897974
8 4 0.0018000000000000002 0.10681251559402487
6 0 0.0024000000000000002 0.1093381278596126
6 2 0.0015 0.10199541995853909
0 4 0.0022 0.14904909439840264
