10
1 9 23
3 2 24 3 14 7 12
6 0 20 4 13 5 19 7 19 8 12 9 15
4 1 24 7 23 8 15 9 22
3 1 20 6 13 8 14
4 2 13 4 13 6 24 9 24
5 0 20 1 18 2 23 4 24 9 20
8 0 18 1 17 2 17 4 16 5 14 6 22 8 22 9 18
7 0 21 1 15 2 19 3 19 5 18 7 12 9 17
7 0 16 2 21 3 20 5 22 6 22 7 15 8 20
2
3 8 0.0015
1 3 0.0023
8
0 5 0.0022 0.10253684896615353
6 2 0.0021000000000000003 0.12171866014061172
0 8 0.0024000000000000002 0.1215709131301762
3 8 0.0014 0.12256772027512772
2 0 0.0015 0.10853061166854969
0 2 0.0023 0.12597622661042837
2 0 0.0018000000000000002 0.10359299301860045
0 4 0.0012000000000000001 0.14635021225407116
