10
8 1 19 2 23 4 14 5 22 6 14 7 20 8 16 9 18
1 8 23
6 1 22 3 14 5 15 7 15 8 13 9 24
4 0 17 1 20 8 19 9 15
7 0 18 1 19 2 19 3 17 5 16 7 12 8 16
2 6 16 7 12
5 0 17 1 21 2 12 5 12 9 17
4 0 22 1 17 2 15 8 21
5 0 20 2 12 4 16 7 12 9 21
5 1 13 4 12 5 18 6 18 7 15
2
9 4 0.0023
4 7 0.0017000000000000001
8
4 6 0.002 0.14647673690373067
6 7 0.0022 0.1366990743836796
5 9 0.0019 0.13414795758380513
7 5 0.0018000000000000002 0.13676957844620313
6 5 0.0016 0.1244141446223643
6 9 0.0013000000000000002 0.1433221814484818
5 7 0.0015 0.11314047278274436
2 7 0.0018000000000000002 0.11875752024897346
