10
7 1 12 3 14 5 19 6 20 7 22 8 20 9 24
1 7 19
3 0 15 7 17 9 22
6 0 16 1 13 2 22 4 18 5 13 8 12
4 1 18 3 12 6 17 9 24
8 0 20 1 17 2 16 4 18 6 17 7 22 8 23 9 19
6 1 21 2 20 3 24 5 22 7 16 8 15
2 3 20 8 14
1 5 13
4 1 14 2 13 3 19 5 14
2
7 8 0.0023
4 8 0.0021000000000000003
8
7 5 0.0016 0.10187110465473231
3 0 0.0015 0.12810998914129806
4 0 0.0013000000000000002 0.13921157459073788
5 6 0.0013000000000000002 0.11798041229044444
4 5 0.0013000000000000002 0.11349267501089468
8 4 0.0015 0.10936058505450291
8 0 0.0016 0.13874813732566227
8 5 0.0013000000000000002 0.10830960836456013
