10
5 2 19 3 23 5 18 7 18 8 23
5 4 24 6 17 7 13 8 12 9 18
4 1 20 4 12 5 24 7 21
2 1 20 2 13
2 1 23 9 12
3 1 19 4 14 9 13
6 2 14 3 16 4 18 7 14 8 18 9 21
7 0 20 2 17 3 21 4 12 5 18 6 18 8 13
5 0 14 1 18 2 15 6 17 9 15
5 2 16 3 24 4 18 5 13 6 16
2
2 1 0.0013000000000000002
0 5 0.0013000000000000002
8
1 5 0.0021000000000000003 0.1370976710494798
9 2 0.0024000000000000002 0.14233656040456136
0 2 0.0022 0.10842892400719917
9 7 0.0021000000000000003 0.1298671512458392
8 9 0.0014 0.14990650585369372
0 1 0.0012000000000000001 0.12316295352046577
4 7 0.0014 0.12675507098267755
1 6 0.0014 0.10840748798841271
