10
5 4 20 5 22 7 24 8 22 9 20
3 2 20 4 21 7 20
5 0 24 4 24 6 18 8 20 9 21
1 9 12
6 0 16 1 17 5 14 7 13 8 20 9 22
7 1 23 2 19 4 14 6 18 7 20 8 23 9 15
1 1 17
7 0 12 2 17 3 19 4 15 5 14 6 21 9 19
8 0 13 1 16 2 22 3 24 4 18 5 21 7 22 9 12
7 0 14 2 13 3 20 4 14 5 15 6 24 7 18
2
4 0 0.0021000000000000003
9 2 0.0012000000000000001
8
5 9 0.0021000000000000003 0.11089680118601512
0 6 0.0014 0.13344769674673887
1 6 0.0018000000000000002 0.1226912266340398
0 8 0.0017000000000000001 0.11761142627442686
9 3 0.0016 0.10440493085873484
3 5 0.0015 0.14460856906816158
9 3 0.0023 0.1439828907007994
1 6 0.0019 0.11640811240039564
