10
3 3 20 6 21 9 14
4 2 15 3 16 5 21 6 15
3 1 18 8 23 9 24
2 0 13 6 22
1 0 14
7 0 16 1 15 2 20 3 21 4 18 7 18 8 20
8 1 15 2 24 3 19 4 12 5 22 7 14 8 22 9 21
4 0 22 6 13 8 13 9 24
3 0 21 2 18 5 18
7 0 18 1 24 2 19 5 17 6 21 7 12 8 18
2
1 9 0.0013000000000000002
7 4 0.0023
8
6 3 0.0017000000000000001 0.115401281444247
8 1 0.0022 0.13380438928423255
0 8 0.0016 0.13924664721439683
6 3 0.0018000000000000002 0.1303593817160919
1 8 0.0022 0.1323493246915357
0 5 0.0013000000000000002 0.12987670022354553
6 7 0.0018000000000000002 0.10279526962797048
7 1 0.0014 0.14545359150024187
