10
3 2 21 4 17 7 22
5 0 22 2 22 3 23 6 13 8 23
6 0 24 4 15 5 23 6 18 7 16 9 13
6 1 14 2 13 4 23 7 12 8 22 9 14
2 2 17 9 24
4 0 16 1 22 3 21 6 23
7 1 18 3 19 4 22 5 21 7 20 8 22 9 16
4 2 22 3 22 5 23 9 12
7 2 20 3 15 4 14 5 21 6 14 7 16 9 22
4 0 19 1 22 6 23 7 17
2
1 0 0.0021000000000000003
9 6 0.0016
8
7 9 0.0019 0.12067636819678992
2 4 0.0022 0.14378832437717182
1 8 0.0013000000000000002 0.14052351442759375
5 0 0.0017000000000000001 0.11511388996201967
1 5 0.0023 0.10925486880380463
4 9 0.0015 0.11910368548817349
7 1 0.0015 0.14419300413783923
8 3 0.0014 0.11130349991550356
