10
2 2 20 7 21
4 2 23 3 15 6 12 8 17
5 1 18 3 16 6 22 8 22 9 23
6 0 23 1 24 2 13 4 17 5 15 6 20
7 0 22 1 22 2 21 5 22 6 19 7 23 9 12
5 0 13 3 20 6 23 7 23 9 20
5 0 13 2 22 5 23 7 22 8 22
6 0 24 1 17 2 17 4 20 8 20 9 18
5 0 17 1 20 2 18 3 18 7 13
3 1 13 3 19 8 18
2
7 0 0.0023
0 3 0.0022
8
0 3 0.0014 0.14779651143228995
3 7 0.0021000000000000003 0.13871052139405546
9 3 0.002 0.10705289321965372
1 9 0.0012000000000000001 0.14680387508023957
2 3 0.0016 0.13411691768931752
8 1 0.0024000000000000002 0.12468368847833383
7 8 0.0022 0.13722394721500547
1 0 0.0024000000000000002 0.13248353713136182
