10
1 8 20
6 0 20 2 18 3 18 4 19 6 17 7 20
3 3 23 4 18 5 13
3 0 12 2 20 5 17
3 0 15 1 14 6 16
2 3 16 4 15
8 0 16 1 18 3 15 4 22 5 14 7 16 8 22 9 17
7 0 18 2 19 3 14 4 18 6 19 8 13 9 15
1 7 23
2 0 17 3 22
2
8 1 0.0018000000000000002
9 0 0.0023
8
2 5 0.002 0.13034955531930556
1 4 0.0017000000000000001 0.10811362933160075
1 3 0.0019 0.13946070444256353
8 5 0.0015 0.1263345330501934
6 2 0.0023 0.132350691438534
6 8 0.0024000000000000002 0.12046577439439397
8 5 0.002 0.14404815059251785
9 3 0.002 0.14771768739096347
