10
2 3 12 7 23
7 0 24 2 24 5 16 6 16 7 21 8 23 9 17
3 0 17 1 24 9 14
8 0 12 2 13 4 20 5 12 6 14 7 18 8 14 9 17
7 0 14 1 24 3 23 5 14 6 20 7 18 8 23
2 2 22 9 16
3 2 21 4 15 7 15
5 0 16 1 23 3 12 5 14 9 12
3 3 20 6 21 9 21
3 3 12 5 12 6 17
2
5 1 0.0021000000000000003
2 4 0.0015
8
2 7 0.0024000000000000002 0.11940224763658161
1 9 0.0015 0.14930480036005006
3 2 0.0017000000000000001 0.1487418191377504
2 9 0.0014 0.13588218092399415
2 0 0.0014 0.14193142592174118
4 7 0.0024000000000000002 0.10409743827077825
8 3 0.0024000000000000002 0.10963360586577044
8 2 0.0021000000000000003 0.12868241687952642
