10
1 2 21
3 4 19 7 15 9 15
4 0 15 5 19 7 22 9 17
7 0 12 2 12 4 17 5 17 6 22 7 20 9 15
2 0 13 9 19
6 0 19 1 24 3 17 4 12 8 18 9 24
2 4 23 5 23
5 0 14 2 23 3 22 6 24 8 24
8 1 12 2 19 3 13 4 21 5 22 6 18 7 23 9 21
5 0 19 3 16 4 12 6 19 8 13
2
5 2 0.0016
2 4 0.0014
8
4 2 0.0022 0.14214920647313714
2 1 0.0022 0.10287594117467219
8 9 0.0022 0.1497795678728614
8 1 0.0013000000000000002 0.12963611706971187
1 0 0.0024000000000000002 0.14220477044230787
2 4 0.0023 0.10768970050273997
2 7 0.0017000000000000001 0.10451885884373358
2 1 0.002 0.14610346514742226
