10
6 1 22 2 17 4 14 5 13 7 13 9 21
3 2 15 5 17 7 14
1 7 21
2 0 14 6 22
4 0 16 5 14 6 24 9 13
3 2 16 6 21 7 23
3 1 21 4 21 9 21
6 1 13 2 19 3 18 6 20 8 20 9 13
5 0 17 2 13 4 14 6 18 9 17
2 4 12 7 12
2
9 8 0.0017000000000000001
0 7 0.0017000000000000001
8
7 0 0.0017000000000000001 0.12767012182872536
6 8 0.002 0.12003186347903017
5 6 0.0023 0.14907298310691983
2 1 0.0018000000000000002 0.1449437529530745
8 5 0.0019 0.12447255863786896
5 7 0.0021000000000000003 0.12219517148706965
8 9 0.0014 0.11546945324255965
5 6 0.0012000000000000001 0.11281327829260446
