10
6 2 14 4 14 5 24 6 19 7 23 9 12
4 0 20 6 24 8 13 9 17
1 9 21
4 1 13 4 23 6 19 8 23
2 2 15 5 23
6 1 12 2 14 4 20 6 17 8 22 9 19
2 2 14 5 18
3 6 22 8 15 9 24
2 3 21 9 16
6 0 21 1 21 4 20 5 19 7 21 8 19
2
8 9 0.0023
4 5 0.0018000000000000002
8
0 9 0.0012000000000000001 0.1058153002433574
2 1 0.0019 0.12737803611051957
7 9 0.0021000000000000003 0.14869981129716014
5 4 0.0021000000000000003 0.11225419375146094
3 5 0.0015 0.11728875200714953
3 0 0.0016 0.133717390087674
8 6 0.0016 0.14754736618474884
5 2 0.0019 0.1323429739800051
