10
3 2 24 5 22 6 22
7 0 16 2 18 3 15 4 13 6 12 7 23 9 24
1 4 20
5 2 24 4 13 5 22 7 19 8 14
1 7 16
8 0 12 1 24 2 12 3 12 4 15 6 24 7 19 8 17
7 0 22 1 21 3 17 4 22 7 16 8 23 9 14
3 2 16 4 15 6 24
3 1 14 6 21 9 18
5 1 14 2 22 3 17 4 13 8 21
2
8 1 0.0018000000000000002
3 7 0.0018000000000000002
8
4 9 0.0012000000000000001 0.105877457000977
2 6 0.0019 0.11719582358751056
5 7 0.0013000000000000002 0.14829713552685425
0 5 0.0019 0.1238672448335787
9 7 0.0023 0.13568751612739144
1 9 0.0022 0.1450235127732704
6 2 0.002 0.12929189326253793
4 8 0.0012000000000000001 0.10234543126294152
