10
5 1 23 3 17 4 19 5 13 7 12
7 0 17 2 13 4 19 6 17 7 22 8 13 9 22
6 0 23 1 16 3 19 5 20 8 21 9 14
6 0 24 1 14 4 18 5 15 6 24 9 13
1 6 23
7 0 18 1 20 3 20 4 13 7 15 8 16 9 24
3 1 14 4 24 9 22
3 0 24 2 20 4 21
2 6 16 7 21
7 0 12 1 21 2 17 3 14 4 12 6 15 7 21
2
7 6 0.0013000000000000002
0 6 0.0016
8
1 2 0.0012000000000000001 0.1398930207215299
2 3 0.0013000000000000002 0.11349853572094151
9 5 0.0012000000000000001 0.12647101130513233
3 8 0.0024000000000000002 0.14755996100467275
4 6 0.0015 0.12439033365178832
5 6 0.0017000000000000001 0.10803395115345654
7 8 0.0017000000000000001 0.14516691926785547
2 4 0.0019 0.10433153319274538
