10
6 1 18 2 13 3 22 4 21 6 23 7 18
3 3 23 5 22 7 14
1 4 15
6 1 20 4 13 6 14 7 23 8 19 9 13
6 0 20 1 19 2 19 3 14 5 12 8 19
3 1 18 3 23 8 18
1 4 17
1 2 18
2 2 12 3 17
4 1 23 3 13 4 23 7 12
2
0 7 0.0017000000000000001
8 9 0.0013000000000000002
8
3 9 0.0018000000000000002 0.13753208090434993
1 5 0.0023 0.1466872042511375
8 7 0.0012000000000000001 0.10414740055960399
8 0 0.0021000000000000003 0.1270999049930747
5 9 0.002 0.13142861031017233
6 5 0.0015 0.1391932850136692
1 0 0.0012000000000000001 0.1163429671656457
5 9 0.0012000000000000001 0.12932217724546372
