10
4 3 21 4 15 5 20 9 13
7 2 21 4 20 5 22 6 15 7 16 8 24 9 22
5 0 21 3 19 4 16 6 15 9 24
6 0 20 1 23 2 24 5 17 7 24 8 15
6 1 17 2 16 3 15 5 15 6 12 9 20
8 0 15 1 23 2 20 3 14 4 20 6 24 8 19 9 17
7 0 13 3 15 4 16 5 24 7 14 8 17 9 12
3 1 20 5 16 9 21
2 2 24 9 22
5 1 21 2 19 3 20 4 12 8 17
2
1 7 0.0023
4 2 0.0017000000000000001
8
5 2 0.0016 0.12768048012229333
8 1 0.0018000000000000002 0.1068498195292075
0 4 0.0017000000000000001 0.13502336835197032
4 7 0.0017000000000000001 0.10332709784877532
3 5 0.0015 0.10032525670442148
6 3 0.0018000000000000002 0.10773899521368684
9 8 0.0023 0.14231652501357298
6 8 0.0022 0.1277336400126903
