12
19 15 5 0 12 6 20 21 
1 2 15 5 0 12 6 10 
16 14 12 6 1 
22 14 12 6 8 
15 5 0 12 
23 7 8 6 1 
8 6 1 
4 0 12 6 5 11 
11 3 6 2 15 24 
22 14 12 6 20 21 
12 6 2 15 5 11 
13 22 14 12 0 15 18 
12
0 11 4 18 2 7 5 3 23 12 1 14 6 8 13 22 16 9 21 
15 0 11 
22 16 9 21 17 15 0 11 4 18 2 7 5 3 23 
3 23 12 1 14 6 8 13 22 16 
22 16 9 21 17 15 0 11 4 18 2 7 5 3 
17 15 0 11 4 
11 4 18 2 7 5 3 23 12 1 14 6 8 13 22 16 9 21 17 15 0 
0 11 4 18 2 7 
8 13 22 16 9 21 17 15 0 11 4 18 
16 11 
6 8 13 22 16 9 21 17 15 0 11 4 18 2 7 
3 23 12 1 14 6 8 13 22 16 9 21 17 15 0 11 4 18 2 
