10
7 1 12 2 16 3 21 4 23 6 15 8 20 9 14
5 0 16 4 12 7 24 8 13 9 14
5 1 23 4 15 5 23 6 22 9 18
7 0 22 2 23 4 20 5 12 6 21 8 21 9 16
2 7 17 8 19
1 4 23
6 0 16 1 17 2 13 3 23 5 24 7 15
3 0 24 2 16 9 24
3 0 18 4 20 5 24
6 0 13 3 14 4 23 5 19 6 17 7 24
5
9 8 0.0017000000000000001
7 4 0.0021000000000000003
5 8 0.0013000000000000002
5 9 0.0018000000000000002
3 2 0.0023
5
0 4 0.0012000000000000001 0.1147831487040864
5 8 0.002 0.12924784126691663
1 7 0.0017000000000000001 0.11143821237729205
1 8 0.0018000000000000002 0.10086986533394444
6 5 0.0012000000000000001 0.1010631843961786
