10
8 1 21 3 19 4 23 5 21 6 22 7 18 8 13 9 12
4 0 17 5 14 8 23 9 24
2 1 21 8 13
7 0 20 1 16 4 19 5 23 6 18 8 12 9 19
3 0 18 2 22 7 22
7 0 16 1 20 3 20 4 23 6 12 8 16 9 18
4 2 12 3 15 4 23 7 24
8 0 14 1 13 2 17 4 12 5 13 6 22 8 17 9 21
7 0 17 2 12 3 23 5 18 6 12 7 13 9 24
4 0 15 2 19 3 19 7 23
5
6 9 0.0015
2 9 0.0012000000000000001
7 2 0.0018000000000000002
0 9 0.0012000000000000001
1 6 0.0017000000000000001
5
3 4 0.0017000000000000001 0.14483241369843794
7 1 0.0019 0.11626049845067277
3 1 0.0013000000000000002 0.1136219989381805
5 7 0.0018000000000000002 0.14329124334425064
7 1 0.0018000000000000002 0.14359217963713541
