10
5 1 19 2 23 3 19 5 16 6 20
5 0 15 2 16 3 22 5 18 7 17
3 4 21 5 22 7 23
2 0 17 9 17
7 1 18 2 21 3 22 5 16 6 19 7 13 9 22
4 0 12 1 16 3 14 6 21
6 0 20 3 19 4 24 5 17 7 12 9 13
2 2 13 4 21
8 0 12 1 18 3 13 4 16 5 24 6 12 7 15 9 18
8 0 19 1 21 2 14 3 24 4 20 5 12 7 13 8 16
5
2 4 0.0024000000000000002
0 6 0.0018000000000000002
9 2 0.0013000000000000002
4 1 0.0017000000000000001
0 3 0.0018000000000000002
5
8 6 0.0016 0.11109969738854408
0 5 0.0024000000000000002 0.139593738682782
3 4 0.0022 0.1127851588715515
6 0 0.0022 0.13863068767695239
4 9 0.0021000000000000003 0.12327152657178288
