10
7 1 19 2 16 3 22 4 22 5 22 8 22 9 19
2 4 22 8 19
1 9 18
5 0 24 4 14 6 24 7 20 9 20
1 5 22
7 1 19 2 20 3 18 6 21 7 19 8 21 9 18
6 0 14 1 18 5 13 7 24 8 13 9 22
1 9 13
7 0 22 1 13 2 21 4 13 5 15 6 24 9 16
8 0 15 2 22 3 19 4 12 5 24 6 16 7 13 8 12
5
6 1 0.0013000000000000002
8 7 0.0024000000000000002
2 7 0.002
6 1 0.0013000000000000002
7 3 0.0024000000000000002
5
2 0 0.0018000000000000002 0.10556406251632378
1 4 0.0018000000000000002 0.11515550884737581
2 0 0.0021000000000000003 0.11576284651602586
8 4 0.002 0.11048449827203748
8 4 0.002 0.11921453977542686
