10
8 1 14 2 16 3 16 4 22 5 23 6 18 8 16 9 23
4 3 19 5 15 6 24 8 23
3 1 17 3 17 8 16
3 0 17 7 21 8 14
3 0 15 1 22 2 23
2 3 21 4 23
6 0 17 2 19 4 20 7 16 8 13 9 24
3 3 13 5 24 9 20
5 0 16 4 23 5 12 6 17 7 12
5 0 18 1 16 4 16 6 13 8 15
5
8 2 0.0018000000000000002
2 3 0.0012000000000000001
9 6 0.0013000000000000002
8 6 0.0022
8 5 0.0014
5
8 4 0.0013000000000000002 0.12666459815288142
5 2 0.0018000000000000002 0.10728411607536172
6 3 0.0022 0.12693536584362888
1 0 0.0019 0.12764859039424428
9 4 0.002 0.14544812576473887
