10
3 2 21 5 24 8 16
1 6 21
6 0 22 3 19 5 21 6 14 8 12 9 17
1 5 21
8 0 23 1 12 2 16 5 12 6 14 7 14 8 20 9 16
8 0 23 1 12 3 17 4 18 6 17 7 12 8 24 9 14
4 1 21 4 16 5 14 8 17
7 0 20 1 23 2 20 4 15 5 20 6 16 9 14
5 0 16 4 16 5 22 6 24 9 19
8 0 18 1 16 2 24 3 14 4 15 5 18 6 13 7 19
5
6 9 0.0024000000000000002
4 5 0.0023
7 2 0.0014
5 7 0.0024000000000000002
0 4 0.002
5
9 4 0.0024000000000000002 0.14597226352824028
5 2 0.0019 0.13401142155447585
6 7 0.0012000000000000001 0.10439635493262815
3 5 0.0012000000000000001 0.1030478523312441
9 1 0.0021000000000000003 0.10146422945391334
