10
5 3 19 4 13 5 16 6 22 9 15
8 0 23 2 14 3 19 5 22 6 24 7 17 8 12 9 22
8 0 15 1 23 3 12 5 23 6 21 7 21 8 22 9 12
4 0 19 6 21 7 12 8 12
6 0 16 1 17 2 15 3 23 7 15 8 18
2 0 24 4 12
6 1 16 2 22 3 24 4 17 8 19 9 21
4 0 14 2 23 3 15 6 21
1 9 16
4 0 23 1 23 2 18 8 15
5
9 6 0.0012000000000000001
2 7 0.0023
2 4 0.0012000000000000001
0 7 0.0016
1 3 0.0015
5
6 9 0.0022 0.11114671351949924
0 1 0.0016 0.10500775025190659
0 6 0.0016 0.11236111935500583
6 7 0.0012000000000000001 0.14868991747283442
6 4 0.0019 0.14695347510964218
