10
5 1 14 3 23 6 14 7 20 9 15
1 4 20
3 4 12 5 19 6 22
5 0 13 4 24 6 15 7 12 9 14
6 0 21 2 14 5 24 6 24 7 13 8 12
7 1 15 2 13 4 16 6 12 7 19 8 19 9 20
6 0 17 1 17 2 20 4 21 5 17 8 24
8 0 16 1 15 2 15 3 13 4 19 5 18 6 22 8 14
8 0 20 1 12 2 18 3 13 4 17 5 23 6 24 7 23
5 1 15 3 14 5 19 7 22 8 18
5
8 9 0.0012000000000000001
9 5 0.0022
9 6 0.0021000000000000003
6 3 0.0012000000000000001
1 9 0.0013000000000000002
5
4 6 0.0019 0.12905079819190793
4 0 0.0016 0.11885081409106414
0 3 0.0012000000000000001 0.10678870234787202
8 9 0.002 0.11984129655149396
5 6 0.0017000000000000001 0.12110994259852073
