10
3 2 16 4 13 6 23
6 3 16 4 12 6 17 7 12 8 13 9 22
3 7 22 8 22 9 19
3 5 20 6 17 7 23
7 0 12 2 13 3 21 6 24 7 16 8 16 9 14
6 0 14 3 17 4 15 7 15 8 15 9 20
4 2 20 3 12 7 22 9 15
2 1 16 9 21
2 7 14 9 19
5 2 13 5 19 6 15 7 18 8 13
7
5 4 0.002
3 8 0.002
4 7 0.0018000000000000002
6 3 0.0017000000000000001
1 2 0.0014
5 7 0.0016
3 7 0.0012000000000000001
7
8 6 0.0016 0.14140037603193545
2 3 0.0021000000000000003 0.12744169478917625
7 6 0.0013000000000000002 0.13919581026139766
7 9 0.0023 0.10838505820580874
9 6 0.0014 0.1169750383604447
6 3 0.0017000000000000001 0.12999942633721545
7 9 0.0022 0.12992613719333246
