10
7 1 14 2 15 4 13 5 14 6 15 7 21 8 24
8 0 15 2 21 3 17 4 18 5 16 7 13 8 22 9 17
8 0 13 1 19 4 12 5 21 6 19 7 14 8 24 9 17
2 5 12 9 13
7 1 20 2 16 3 15 5 23 6 22 7 15 8 16
8 0 18 1 15 2 14 4 24 6 15 7 13 8 12 9 18
5 1 22 2 16 4 19 7 15 9 24
8 0 18 2 19 3 17 4 12 5 20 6 15 8 18 9 17
5 0 20 3 15 4 14 5 18 9 12
4 0 18 2 21 3 17 6 23
7
8 4 0.002
1 5 0.002
3 9 0.0013000000000000002
2 8 0.0023
7 1 0.0022
2 5 0.0015
8 4 0.0017000000000000001
7
8 9 0.0023 0.11525148593115138
4 3 0.0017000000000000001 0.14008809080038867
1 4 0.0014 0.1184641162663054
3 1 0.0012000000000000001 0.1304962102113396
3 5 0.0019 0.10914659174734015
5 0 0.0015 0.11600050379783625
9 5 0.0013000000000000002 0.1450929253516224
