10
6 1 18 2 12 3 12 4 20 5 21 8 13
8 0 20 2 12 3 20 5 20 6 15 7 24 8 13 9 14
6 1 22 3 18 4 13 5 24 6 14 8 18
7 1 15 2 21 4 20 5 17 7 13 8 21 9 14
3 0 19 5 22 8 18
7 0 22 1 16 2 23 3 24 4 17 6 17 8 22
3 0 21 2 18 8 19
4 0 15 1 19 5 13 8 24
3 2 17 5 22 9 19
8 0 16 1 12 2 21 4 18 5 12 6 19 7 21 8 20
7
8 2 0.0018000000000000002
9 6 0.002
7 3 0.0014
5 9 0.0017000000000000001
0 3 0.0012000000000000001
5 0 0.0016
6 1 0.0023
7
9 6 0.0024000000000000002 0.14712546347525876
9 8 0.0024000000000000002 0.13807939427027557
4 3 0.0013000000000000002 0.10959870912344745
7 6 0.0024000000000000002 0.10895936817978846
6 4 0.002 0.12495375131874531
0 2 0.0012000000000000001 0.14421432142906435
3 9 0.0015 0.14491563629502807
