10
6 1 22 2 17 3 16 5 19 6 21 9 24
5 3 12 5 18 6 14 8 22 9 13
7 0 14 1 22 3 15 4 18 6 15 7 23 8 18
4 1 16 4 18 7 14 8 14
2 5 14 9 22
8 0 20 1 12 2 12 3 22 4 22 6 14 8 12 9 15
3 1 13 2 23 7 23
8 0 23 1 12 2 18 3 16 4 13 6 13 8 19 9 20
7 0 24 1 12 2 15 4 23 5 12 6 15 7 21
4 0 16 1 20 4 19 7 17
7
3 1 0.0022
1 5 0.0014
8 1 0.0023
6 1 0.0013000000000000002
2 8 0.0021000000000000003
2 7 0.0019
8 3 0.002
7
3 6 0.0023 0.11008487740126677
8 5 0.0012000000000000001 0.12557243176262856
4 9 0.0023 0.12369967658409023
1 6 0.0016 0.11535003651800252
1 6 0.002 0.1154711201695176
2 3 0.0022 0.11914180144146694
6 1 0.0023 0.10774299872685748
