10
7 1 23 2 22 4 21 5 23 6 15 7 19 9 12
4 2 24 3 21 4 12 7 18
5 4 12 5 20 6 22 8 12 9 15
4 2 24 6 21 7 24 9 13
7 0 17 1 19 2 13 3 19 6 23 8 19 9 22
6 1 19 2 15 3 21 4 12 6 17 8 23
5 1 24 2 23 5 24 7 18 8 16
7 1 17 3 16 4 18 5 18 6 13 8 14 9 19
4 3 24 6 22 7 17 9 18
4 0 20 2 13 4 22 8 14
7
9 8 0.0012000000000000001
4 1 0.0012000000000000001
2 0 0.0015
3 4 0.0012000000000000001
1 8 0.0022
0 7 0.0024000000000000002
0 1 0.0012000000000000001
7
3 6 0.0021000000000000003 0.13541384528489545
8 1 0.0015 0.142975579715146
0 4 0.0019 0.13701801915980955
4 1 0.0014 0.13433749474551876
9 4 0.0012000000000000001 0.11177424863844516
7 2 0.0024000000000000002 0.10622472131081821
6 0 0.0017000000000000001 0.12302615764436144
