10
6 1 19 2 17 3 14 4 14 5 18 8 18
4 0 22 5 19 8 19 9 17
4 0 19 6 15 7 24 8 23
6 1 13 2 19 4 18 5 15 6 19 8 24
1 5 24
4 1 21 2 12 3 23 4 12
5 1 21 3 14 7 22 8 24 9 18
6 0 24 2 14 5 20 6 15 8 24 9 21
4 4 18 5 12 6 22 7 16
2 0 23 6 18
7
0 4 0.0016
3 2 0.0018000000000000002
9 2 0.0015
9 1 0.002
2 7 0.0016
1 3 0.0016
7 6 0.0016
7
1 4 0.0018000000000000002 0.11509141453861017
0 8 0.0012000000000000001 0.10670139298610011
0 5 0.0024000000000000002 0.1427794407441653
6 3 0.0021000000000000003 0.10712748192647834
4 8 0.0024000000000000002 0.1374580754541454
2 4 0.0021000000000000003 0.11527779268153118
6 7 0.0013000000000000002 0.10871440186498484
