10
3 2 12 5 18 8 21
4 6 19 7 12 8 12 9 15
1 3 18
7 0 23 1 23 2 18 4 15 6 23 8 13 9 24
5 0 17 1 16 5 24 8 12 9 18
4 0 15 3 22 7 13 8 14
8 0 17 1 17 2 14 3 19 4 17 5 15 7 21 9 20
7 0 22 1 21 2 18 4 14 5 20 8 16 9 24
4 1 23 3 14 5 15 7 13
3 3 21 4 16 8 18
7
5 4 0.0013000000000000002
4 0 0.0015
8 7 0.0014
3 5 0.0016
6 0 0.0016
8 7 0.0017000000000000001
0 9 0.002
7
8 6 0.0021000000000000003 0.1287988538415016
1 9 0.0017000000000000001 0.11737266286416165
6 9 0.0019 0.14780391059561002
0 1 0.0022 0.14747922998400975
2 1 0.0024000000000000002 0.1032463301250468
0 3 0.0022 0.137593580910848
4 8 0.0012000000000000001 0.1298242231898695
