10
8 1 19 2 24 3 13 4 19 5 17 6 23 7 16 8 12
2 4 13 6 22
8 0 15 1 24 3 15 4 23 6 20 7 13 8 14 9 22
5 0 20 2 18 6 13 7 12 8 14
3 7 23 8 18 9 19
4 0 14 1 14 3 15 7 13
1 3 22
8 0 22 1 23 2 20 3 17 4 17 5 19 8 20 9 13
3 1 24 6 15 7 15
8 0 20 1 23 2 23 4 24 5 15 6 12 7 22 8 18
7
7 1 0.0022
6 2 0.0022
6 8 0.002
1 7 0.0023
4 2 0.0018000000000000002
9 4 0.0014
1 3 0.0016
7
7 0 0.0023 0.10473636517479852
2 7 0.0018000000000000002 0.12912828286162292
3 9 0.0022 0.13552900677466226
7 8 0.0012000000000000001 0.14671387667360455
1 5 0.0015 0.10375826197584967
9 6 0.0019 0.11423210570427152
9 5 0.0022 0.1197336772228555
