10
5 1 19 2 18 5 14 7 20 8 14
3 2 23 5 18 6 13
7 0 18 1 13 3 15 4 14 6 17 8 21 9 24
7 0 18 1 13 4 19 5 19 6 12 7 13 9 22
2 1 20 8 23
7 1 24 2 16 3 15 4 18 6 21 8 16 9 13
2 2 13 7 13
8 0 15 1 13 2 16 4 17 5 20 6 23 8 23 9 14
4 3 12 6 19 7 14 9 12
4 0 19 1 21 2 22 5 14
7
9 6 0.0014
7 8 0.0014
2 0 0.0019
9 5 0.0024000000000000002
9 6 0.0017000000000000001
2 0 0.0015
9 0 0.0024000000000000002
7
3 9 0.0024000000000000002 0.1438461181153618
7 2 0.0018000000000000002 0.13553887117643984
9 2 0.0013000000000000002 0.10878558497406393
8 4 0.0016 0.1120130459565999
4 1 0.0017000000000000001 0.13816088157972373
4 9 0.002 0.11741827815616611
6 3 0.0014 0.1346217489825187
