10
1 7 16
2 3 24 8 17
3 6 19 8 15 9 24
1 6 12
8 0 20 2 22 3 19 5 20 6 24 7 13 8 16 9 22
2 1 14 9 15
2 0 16 2 22
1 6 12
8 0 13 1 21 2 19 3 15 5 20 6 22 7 16 9 19
7 0 21 1 21 2 21 4 22 5 13 7 23 8 19
7
0 5 0.0017000000000000001
7 1 0.0017000000000000001
2 1 0.0014
3 5 0.0019
9 5 0.0019
9 6 0.0019
6 9 0.0017000000000000001
7
1 0 0.0013000000000000002 0.14809656027730905
2 7 0.0014 0.1033953623816591
2 7 0.0019 0.13453645562986224
5 9 0.0013000000000000002 0.1429983480248601
7 8 0.0013000000000000002 0.1426638677917214
9 4 0.0023 0.1268938817161668
4 0 0.0016 0.1275301228069503
