10
5 2 13 4 14 5 19 7 23 9 23
6 0 16 3 13 4 19 7 22 8 15 9 14
4 4 21 5 22 7 17 9 17
8 0 16 1 14 4 19 5 21 6 20 7 17 8 17 9 16
6 0 22 1 17 3 14 5 20 6 14 9 24
8 0 24 2 18 3 17 4 18 6 14 7 17 8 19 9 18
1 4 12
2 0 20 8 12
6 0 21 1 19 4 22 5 24 6 19 9 14
6 0 14 1 16 2 17 3 17 5 19 7 23
7
9 7 0.002
8 5 0.0015
4 6 0.0024000000000000002
7 5 0.0024000000000000002
4 5 0.002
8 0 0.0023
8 1 0.0018000000000000002
7
4 8 0.0017000000000000001 0.14938824805477216
4 0 0.0012000000000000001 0.10613770236535686
0 7 0.0021000000000000003 0.14054014449781332
3 2 0.0024000000000000002 0.13852416506206602
5 7 0.0013000000000000002 0.14675731170676543
1 8 0.002 0.14600936864193323
1 9 0.0024000000000000002 0.13986121031462384
