10
2 4 19 9 13
8 2 15 3 14 4 17 5 21 6 21 7 23 8 14 9 15
5 1 18 3 15 5 24 6 15 8 12
6 0 15 2 21 4 18 5 23 6 15 7 24
8 0 17 1 20 2 23 3 23 5 21 7 23 8 18 9 22
3 1 15 3 16 7 18
3 7 19 8 18 9 20
6 1 13 2 22 3 23 5 12 8 12 9 14
4 2 19 4 24 5 19 6 15
1 1 13
7
6 1 0.0024000000000000002
2 6 0.0017000000000000001
4 2 0.0023
4 3 0.0012000000000000001
8 2 0.002
9 2 0.002
9 5 0.0021000000000000003
7
3 7 0.0018000000000000002 0.14436181849025834
2 8 0.0021000000000000003 0.10689482796981521
0 2 0.0022 0.10936167627388427
8 9 0.0016 0.105348963768977
1 8 0.0013000000000000002 0.11590765329897415
1 3 0.0017000000000000001 0.1403646861493361
4 8 0.0013000000000000002 0.10809248977721747
