10
6 1 20 2 24 4 12 5 21 7 15 8 21
2 7 21 8 21
5 1 14 5 22 6 17 7 15 9 22
6 0 21 1 24 2 23 5 20 6 17 9 15
1 0 19
8 1 13 2 23 3 19 4 17 6 19 7 22 8 19 9 16
5 1 15 3 13 7 14 8 16 9 24
6 0 16 1 24 2 23 3 17 8 13 9 12
6 0 19 2 18 4 15 5 18 6 18 7 13
1 1 15
7
5 0 0.0019
1 8 0.0013000000000000002
7 0 0.0024000000000000002
9 5 0.0024000000000000002
4 0 0.0021000000000000003
9 1 0.002
3 0 0.0024000000000000002
7
2 1 0.002 0.1195134132306338
4 9 0.0018000000000000002 0.1496093784273373
7 2 0.0024000000000000002 0.13015072245774978
4 2 0.0016 0.11546854174023477
2 3 0.0013000000000000002 0.14820796983741927
0 2 0.0024000000000000002 0.12867513869532482
8 2 0.0019 0.1340679694845724
