10
2 1 13 5 24
4 5 22 6 16 7 23 9 14
1 5 24
5 1 16 2 13 5 19 6 19 8 19
3 5 24 7 15 9 17
2 0 22 8 23
1 8 23
8 0 18 1 21 3 22 4 22 5 22 6 15 8 14 9 23
7 1 18 3 22 4 18 5 22 6 20 7 13 9 22
2 4 13 6 21
7
0 9 0.0014
7 3 0.0022
9 7 0.0022
0 8 0.0013000000000000002
8 0 0.0024000000000000002
7 1 0.0017000000000000001
9 7 0.0021000000000000003
7
6 1 0.0019 0.12300534394794198
6 3 0.0023 0.12638731969764513
2 9 0.0018000000000000002 0.11841263812116319
2 1 0.0018000000000000002 0.14346008982426894
0 6 0.0018000000000000002 0.14353619085544997
5 4 0.0014 0.14392433062784754
4 2 0.0013000000000000002 0.11808920479902837
