10
2 2 22 9 21
2 8 16 9 20
2 3 23 6 21
2 2 20 9 13
5 5 13 6 24 7 14 8 15 9 16
7 0 16 1 21 2 21 4 16 7 17 8 19 9 13
1 5 22
4 2 14 3 16 8 16 9 22
4 1 16 2 12 3 22 4 13
5 2 24 3 19 4 15 5 13 8 19
7
9 7 0.0013000000000000002
0 7 0.0015
1 9 0.0014
4 5 0.0015
7 5 0.0019
3 1 0.0024000000000000002
2 6 0.0012000000000000001
7
1 9 0.0021000000000000003 0.1298248216681509
1 5 0.0023 0.14136756056602634
8 7 0.0023 0.14721090595076017
9 8 0.0023 0.1270837117572109
1 7 0.0015 0.14638523157398725
3 7 0.0014 0.12352338038412766
3 8 0.0022 0.12464812728557345
