10
5 1 16 3 13 7 14 8 17 9 18
1 5 17
5 4 23 6 21 7 24 8 22 9 24
7 0 15 1 16 2 17 4 18 5 13 7 12 8 21
6 0 16 1 16 2 17 3 23 5 24 8 23
8 0 17 1 20 2 22 3 19 4 16 6 14 8 13 9 24
2 2 13 9 13
3 2 15 4 18 6 21
1 0 24
8 0 16 1 18 2 14 3 17 4 19 5 17 6 16 8 23
7
5 6 0.0016
7 3 0.002
7 5 0.0016
9 4 0.0019
7 8 0.0022
7 1 0.002
5 8 0.0014
7
7 1 0.0013000000000000002 0.10724049843180762
1 9 0.0023 0.12272923618627876
8 3 0.002 0.13386592861975877
3 6 0.0024000000000000002 0.1404105951458825
5 6 0.0022 0.14146223902143465
3 8 0.0015 0.14233023873703668
6 4 0.0023 0.12250506452708533
