10
4 1 12 5 13 7 12 8 12
4 2 16 6 24 8 23 9 14
1 6 23
6 0 14 2 12 5 17 7 21 8 22 9 13
1 3 18
3 0 21 6 21 7 15
5 1 20 3 22 4 16 8 16 9 13
4 0 13 3 23 6 19 9 20
3 1 21 5 13 6 12
5 1 13 5 12 6 14 7 14 8 20
7
4 0 0.0016
2 8 0.0017000000000000001
4 8 0.0015
3 8 0.0018000000000000002
7 2 0.0013000000000000002
1 8 0.0021000000000000003
0 5 0.0012000000000000001
7
5 7 0.002 0.11448195465190619
2 7 0.0017000000000000001 0.12628382906025418
0 1 0.0024000000000000002 0.13593279738934172
6 4 0.0016 0.13678738343703137
0 1 0.0024000000000000002 0.10537627309578794
4 0 0.0012000000000000001 0.137201947064518
7 3 0.0018000000000000002 0.14800278000959463
