10
1 8 19
8 0 20 2 24 3 21 4 24 5 17 7 24 8 20 9 23
1 4 24
1 4 18
1 6 22
7 0 19 1 15 3 23 4 23 6 17 7 23 8 21
4 3 22 4 19 7 18 8 20
3 3 12 5 21 6 24
6 0 12 2 12 4 18 6 19 7 23 9 12
8 0 23 1 17 3 22 4 22 5 21 6 16 7 14 8 17
7
8 4 0.0016
3 6 0.0013000000000000002
2 9 0.0019
8 4 0.0022
3 5 0.0015
3 0 0.0019
5 9 0.0017000000000000001
7
9 8 0.0023 0.10623713205131194
3 2 0.0016 0.1423245607895065
1 6 0.002 0.14918687852576512
6 3 0.0015 0.10350652203643484
6 0 0.0022 0.13326693019776298
4 0 0.0019 0.11793759863567553
1 9 0.0015 0.14834137923050467
