20
8 1 22 4 13 5 20 6 15 8 18 12 22 16 13 18 16
14 0 19 2 23 3 17 5 12 6 12 7 16 10 20 12 21 13 12 14 24 15 20 17 13 18 16 19 15
6 0 14 1 13 3 20 4 18 6 14 12 18
8 7 18 8 15 9 15 10 13 11 16 13 24 17 18 19 17
18 0 24 1 24 2 16 3 16 5 16 6 22 7 12 8 12 9 21 10 18 11 24 12 24 14 14 15 20 16 20 17 24 18 14 19 15
12 1 14 2 19 3 12 4 16 6 13 8 19 10 12 14 19 15 21 16 17 18 13 19 23
2 7 23 14 21
2 5 12 18 21
16 1 24 2 20 3 15 4 18 5 21 6 23 7 12 9 20 10 16 12 17 14 17 15 16 16 21 17 20 18 19 19 21
3 0 19 5 20 10 14
4 1 14 16 24 17 24 18 24
5 3 12 12 12 14 17 16 20 19 15
16 0 17 1 22 3 15 4 14 5 17 7 16 8 23 9 22 10 12 13 18 14 20 15 14 16 22 17 15 18 16 19 19
7 2 18 7 19 8 24 9 16 11 18 16 24 17 15
5 2 22 7 15 8 23 9 21 13 23
15 0 15 1 21 2 15 3 20 5 12 6 14 8 21 9 17 10 24 11 16 13 13 16 18 17 16 18 23 19 12
10 1 14 2 20 3 17 4 18 8 16 9 12 10 20 13 21 14 13 18 15
13 0 19 1 16 2 24 3 18 5 13 6 22 8 22 12 18 14 18 15 24 16 21 18 14 19 14
17 1 12 2 23 3 18 4 19 6 13 7 24 8 22 9 20 10 16 11 13 12 24 13 23 14 22 15 15 16 19 17 16 19 21
11 0 19 2 20 4 18 5 19 6 18 7 16 8 24 10 16 13 17 14 13 16 12
7
2 11 0.0024000000000000002
2 9 0.0017000000000000001
14 18 0.0016
3 18 0.0013000000000000002
4 6 0.0013000000000000002
2 11 0.0018000000000000002
14 13 0.0017000000000000001
21
8 3 0.0012000000000000001 0.13058666173634625
1 11 0.002 0.10202790696040837
0 12 0.0024000000000000002 0.1388269522352264
13 14 0.0017000000000000001 0.11868592836267473
16 6 0.0023 0.12077143853387587
15 2 0.0013000000000000002 0.12615454783356736
6 3 0.002 0.13444569776663984
12 18 0.0014 0.12179752263796792
8 10 0.0016 0.13475278360069692
19 7 0.0013000000000000002 0.13299612658661722
7 0 0.0021000000000000003 0.14698565050276396
13 17 0.0022 0.10726470322093884
19 3 0.0017000000000000001 0.13870524641894852
15 16 0.0017000000000000001 0.12579891486294503
10 16 0.0018000000000000002 0.14706222451093354
13 8 0.0019 0.1489438827076533
1 17 0.0014 0.10710213353578121
9 12 0.0019 0.13295072647116463
10 17 0.0021000000000000003 0.11216192488690646
3 12 0.0014 0.11450929835591339
15 2 0.0017000000000000001 0.13879532140382894
