20
5 1 24 6 18 8 13 12 17 13 22
6 4 14 6 14 7 20 9 16 11 18 12 15
6 0 20 1 12 3 24 4 15 8 20 19 16
15 0 15 2 21 4 19 5 15 7 22 9 17 10 22 11 16 12 19 13 21 14 19 15 20 16 16 17 15 18 12
14 0 23 1 16 6 15 8 14 9 24 10 24 11 24 12 15 13 16 14 18 15 18 16 18 18 23 19 12
2 1 22 9 20
4 13 21 14 24 15 15 19 18
3 3 14 4 17 15 20
17 0 18 1 18 2 21 4 14 5 17 6 21 7 18 10 15 11 15 12 24 13 14 14 23 15 24 16 23 17 24 18 19 19 20
4 8 23 11 13 14 20 18 22
1 17 19
15 1 20 2 24 3 14 4 14 6 19 7 20 10 14 12 20 13 18 14 21 15 18 16 16 17 14 18 22 19 17
13 0 16 2 20 3 21 4 15 5 17 7 24 9 16 10 15 14 15 15 23 16 19 17 21 19 23
2 6 20 11 22
18 0 21 1 12 2 15 3 13 4 24 5 14 7 22 8 21 9 19 10 13 11 21 12 22 13 17 15 23 16 19 17 14 18 14 19 23
3 9 24 12 20 19 13
3 10 14 12 21 14 24
7 2 19 3 18 5 13 7 23 8 13 11 17 18 13
7 2 21 3 15 4 16 5 21 11 16 14 17 17 22
13 1 23 2 16 4 12 6 12 8 22 9 24 11 23 12 22 13 15 14 20 16 17 17 14 18 23
7
5 14 0.0019
17 0 0.0021000000000000003
18 3 0.0021000000000000003
6 5 0.0015
11 9 0.0019
8 9 0.0013000000000000002
12 19 0.0022
21
19 13 0.0023 0.11329752499191026
1 3 0.0022 0.1091249396035111
13 11 0.0013000000000000002 0.1385625913187654
17 5 0.0021000000000000003 0.11226833366545864
19 14 0.0024000000000000002 0.11156598705175017
16 7 0.0017000000000000001 0.10872426648150021
19 14 0.0016 0.1282261408509171
12 3 0.0015 0.12781821638600321
4 18 0.0018000000000000002 0.12255119313273098
7 10 0.0023 0.1436656091013918
0 15 0.0014 0.13110026930785101
16 11 0.0017000000000000001 0.13953158613952507
13 17 0.002 0.12119834730208211
11 17 0.0017000000000000001 0.11716414575802081
7 8 0.0016 0.10350461504732139
10 19 0.0022 0.1262431044280424
5 4 0.0021000000000000003 0.10311477663721737
17 3 0.0012000000000000001 0.12600058488530758
18 7 0.0016 0.1154129802681679
1 15 0.0017000000000000001 0.1004048361269986
2 8 0.0017000000000000001 0.13569439319908097
