20
7 3 15 10 20 11 15 12 14 13 24 15 14 17 23
17 2 24 3 17 4 16 5 12 7 12 8 21 9 20 10 14 11 13 12 24 13 17 14 22 15 22 16 24 17 16 18 17 19 12
17 0 24 1 16 3 15 4 23 6 14 7 13 8 15 9 21 10 16 11 22 13 14 14 13 15 13 16 17 17 21 18 21 19 21
9 1 21 2 19 4 21 5 12 7 23 8 22 14 20 16 21 17 20
14 0 20 1 22 3 12 5 24 6 15 7 20 8 23 9 17 10 22 12 17 13 15 16 22 17 20 18 19
10 1 14 2 13 3 12 4 13 7 12 11 12 12 23 14 18 18 12 19 20
13 2 13 4 16 5 20 7 14 9 22 10 17 11 13 12 21 13 16 14 21 15 22 16 23 18 13
5 0 17 9 24 10 21 12 13 15 19
17 0 12 2 22 3 22 4 17 5 23 6 15 7 17 9 17 10 19 11 20 12 24 13 16 14 21 15 15 16 23 17 15 18 16
6 0 24 4 16 5 14 12 19 18 15 19 14
5 4 15 9 17 13 20 14 21 19 20
11 1 16 3 20 4 13 6 13 7 15 9 18 10 15 12 13 16 12 17 17 18 20
3 0 21 11 13 15 23
14 0 24 1 16 5 13 6 22 7 17 8 13 9 16 10 16 12 17 14 20 15 23 16 17 17 16 18 22
4 2 14 7 23 9 18 12 24
11 0 15 1 19 2 24 3 15 5 17 6 14 7 23 13 15 16 22 17 17 18 23
4 0 13 3 23 15 20 17 12
17 0 18 1 19 2 18 3 23 4 14 5 19 6 20 8 17 9 13 10 17 11 21 12 18 14 19 15 22 16 17 18 18 19 23
12 0 23 1 20 2 18 3 14 4 23 7 21 8 23 10 24 13 14 14 22 15 17 16 19
11 2 18 3 19 4 15 5 12 6 22 7 20 10 22 12 13 14 14 17 22 18 21
7
9 5 0.0024000000000000002
11 19 0.0017000000000000001
5 16 0.0021000000000000003
4 2 0.0022
8 7 0.0021000000000000003
18 14 0.0021000000000000003
7 8 0.0012000000000000001
21
17 18 0.0018000000000000002 0.10400240893176396
18 7 0.0022 0.14687027029569316
15 1 0.0012000000000000001 0.11809250133380347
15 3 0.0014 0.13383956604334246
8 2 0.0021000000000000003 0.143229809731178
18 15 0.0013000000000000002 0.12598488403453478
16 10 0.0014 0.11957368775752855
19 2 0.0015 0.11846722516636585
5 13 0.0018000000000000002 0.1263111122151713
11 18 0.0012000000000000001 0.11900165662058498
4 14 0.0022 0.104836085689946
3 4 0.0014 0.14713696595576697
7 9 0.0018000000000000002 0.1016437126859008
16 6 0.002 0.11181468144738375
0 14 0.0017000000000000001 0.10638650931325731
8 14 0.0022 0.1458399596912861
9 12 0.0013000000000000002 0.10327561058493222
7 3 0.0013000000000000002 0.10723828528646757
0 15 0.0019 0.10571528334862765
4 12 0.0016 0.14571372120801737
1 9 0.0014 0.10208478753963239
