20
15 1 15 3 13 4 22 7 17 8 19 10 17 11 15 12 23 13 15 14 20 15 19 16 22 17 19 18 16 19 24
6 2 24 6 21 8 19 14 23 17 15 18 13
14 1 19 3 12 4 16 5 15 6 13 8 19 9 23 10 14 11 24 12 15 13 20 14 21 15 13 17 16
8 4 16 5 23 7 13 8 21 13 24 17 22 18 17 19 19
16 0 14 1 17 2 19 3 12 5 23 6 14 8 14 9 19 10 14 11 12 12 14 13 18 14 24 16 21 17 21 19 19
6 3 16 4 23 13 20 14 20 17 22 18 22
12 1 24 2 15 3 23 5 15 8 15 9 19 10 15 11 20 13 18 16 19 17 20 19 20
10 0 12 3 19 4 17 8 22 11 24 12 24 13 20 16 20 17 13 19 15
18 0 19 1 24 2 13 3 14 4 23 5 24 6 23 7 20 9 21 10 12 11 14 12 12 13 14 14 16 15 12 16 23 17 21 19 23
16 0 19 1 16 2 15 3 19 4 14 6 23 7 17 8 18 10 12 11 15 12 16 13 22 15 23 16 21 17 21 18 18
1 7 17
1 3 13
16 0 19 1 15 2 19 3 21 5 15 6 13 7 12 8 18 9 19 10 18 11 15 14 13 16 12 17 19 18 12 19 17
6 7 17 8 21 15 19 16 24 18 15 19 12
17 0 18 1 24 2 21 3 19 4 13 5 18 6 24 7 16 8 13 9 22 10 13 11 16 12 14 16 14 17 21 18 13 19 12
1 9 19
1 17 24
9 0 13 1 16 2 24 4 12 6 17 8 13 10 20 15 13 19 23
9 0 12 1 22 4 14 6 23 7 23 10 19 11 12 15 18 17 14
10 3 24 5 16 6 21 8 17 9 20 12 12 14 13 15 17 16 20 18 21
7
16 9 0.0014
5 0 0.0019
3 14 0.0013000000000000002
12 2 0.0014
14 0 0.0017000000000000001
1 4 0.0021000000000000003
13 3 0.0014
21
1 16 0.0015 0.12426866884956217
4 1 0.0022 0.14216475674277498
6 16 0.0023 0.1038601021609498
1 15 0.0012000000000000001 0.14350838404438215
10 13 0.0018000000000000002 0.13533833384113034
4 14 0.0021000000000000003 0.1463737180218135
5 12 0.0012000000000000001 0.10761920802105136
9 10 0.0018000000000000002 0.11277344074105514
9 2 0.0019 0.10682610418677885
17 2 0.0023 0.14306241762802174
4 17 0.0013000000000000002 0.1405854242089476
1 2 0.002 0.1210541679439271
13 2 0.0024000000000000002 0.10837492375876746
11 0 0.0015 0.11203150547037923
3 8 0.0019 0.11611325464818109
2 1 0.0024000000000000002 0.1450706395858774
9 12 0.0021000000000000003 0.14749420803280094
16 6 0.0018000000000000002 0.12248264899865191
7 2 0.0022 0.10501539656146056
9 1 0.0024000000000000002 0.1359771078726954
10 6 0.0019 0.11657911065801949
