20
2 1 19 16 19
3 0 15 7 19 12 17
17 0 18 1 23 3 12 4 15 5 22 6 23 7 12 9 16 10 21 11 14 12 15 13 24 15 20 16 18 17 24 18 14 19 24
4 2 20 9 17 14 16 18 19
5 3 24 6 24 7 12 16 21 17 23
12 0 22 3 21 4 14 6 19 9 20 10 18 12 20 13 13 14 22 16 23 18 24 19 19
11 0 18 1 23 2 15 3 22 5 24 8 20 12 13 13 23 14 12 17 23 18 20
5 3 15 5 18 6 19 14 12 16 23
9 0 24 1 15 5 22 9 20 10 17 12 17 13 12 17 22 18 16
9 1 18 2 12 3 13 4 16 8 21 12 13 14 22 15 20 18 22
11 0 18 1 13 2 22 5 18 7 20 9 24 11 14 12 13 13 18 14 20 17 19
5 5 14 13 18 14 18 16 21 17 20
11 0 15 3 16 4 23 7 15 8 18 10 21 11 22 13 17 14 24 17 13 18 12
10 4 13 5 14 8 18 9 21 10 13 11 23 15 12 16 20 17 21 19 17
4 9 19 11 13 12 12 13 15
3 0 15 10 16 13 24
17 0 12 1 22 2 16 3 13 4 24 5 15 6 23 7 17 8 19 9 13 10 20 11 23 12 16 13 21 14 23 18 20 19 24
2 0 17 1 17
13 0 15 1 20 2 12 3 20 4 17 5 23 6 18 10 24 13 22 14 18 15 21 16 13 19 22
7 0 18 2 22 4 15 6 22 9 13 10 24 15 21
7
1 12 0.0024000000000000002
18 8 0.0019
10 15 0.0012000000000000001
12 19 0.0022
16 13 0.0013000000000000002
5 0 0.0021000000000000003
7 19 0.0015
21
14 3 0.0019 0.12990501898732584
15 3 0.0016 0.11406515078023002
7 9 0.0019 0.1324174884947552
18 16 0.0016 0.11555371404653497
11 19 0.0023 0.10197050443758841
10 7 0.002 0.1135276399314983
7 18 0.0022 0.14990409811754357
6 16 0.0023 0.10168087789252075
17 9 0.0021000000000000003 0.10784226997401229
4 17 0.0024000000000000002 0.11375208149848896
3 0 0.0023 0.11345282845139266
15 13 0.0019 0.10650727308190489
3 15 0.0018000000000000002 0.11473344455537525
3 8 0.0022 0.13980002874272457
0 14 0.0017000000000000001 0.12895577991593185
2 13 0.0021000000000000003 0.11531537584686669
13 2 0.0022 0.11839810512368831
19 16 0.0016 0.13824384894907107
5 10 0.0022 0.13713477906041643
8 15 0.0023 0.1214068488733951
6 12 0.0015 0.13142071330428828
