20
14 2 21 3 18 4 12 5 20 6 24 7 24 8 24 10 20 11 15 12 21 15 17 16 16 18 24 19 17
10 2 20 3 24 4 12 6 22 9 13 10 22 11 19 14 13 16 17 18 21
11 0 13 1 24 4 20 5 14 9 14 10 16 11 24 12 20 13 19 15 20 19 22
18 0 24 1 17 2 18 4 21 6 20 7 22 8 16 9 12 10 13 11 18 12 22 13 24 14 18 15 14 16 13 17 19 18 24 19 15
2 16 14 19 18
11 0 21 3 17 4 21 6 16 8 14 10 21 11 22 14 23 15 22 16 17 18 16
5 0 19 4 12 11 24 16 15 18 12
12 1 14 3 19 4 22 5 17 6 12 8 16 10 23 12 20 14 24 15 16 16 13 17 21
1 13 16
11 0 20 5 17 7 17 8 18 10 22 11 14 12 18 13 18 14 13 17 12 19 20
11 0 24 1 16 2 17 3 21 7 17 8 23 9 14 11 13 14 23 15 16 19 15
10 0 23 6 23 7 23 10 22 12 18 13 20 15 23 16 24 18 23 19 23
18 0 12 1 22 2 18 3 19 4 22 5 23 6 20 7 23 8 20 9 17 10 23 13 13 14 15 15 12 16 13 17 24 18 15 19 18
13 0 19 1 24 2 13 3 17 5 13 7 13 8 15 10 21 11 17 12 12 14 12 17 12 18 13
1 8 22
17 1 17 2 18 3 12 4 13 5 21 6 14 7 19 8 12 10 13 11 20 12 23 13 23 14 24 16 21 17 17 18 12 19 18
5 1 22 8 17 10 20 13 21 14 22
8 2 22 3 20 4 24 5 18 7 19 9 15 10 19 15 18
4 9 23 10 16 11 16 15 21
2 10 24 13 13
7
19 9 0.0024000000000000002
18 2 0.0012000000000000001
19 2 0.0012000000000000001
5 11 0.002
15 1 0.0018000000000000002
10 7 0.0017000000000000001
10 19 0.0019
21
1 5 0.0012000000000000001 0.12602266870119874
4 8 0.0021000000000000003 0.12113006930163368
18 12 0.0014 0.13321176584545572
15 3 0.002 0.10754204332434333
10 14 0.0019 0.11718252164599433
6 18 0.0023 0.10102610927782664
11 15 0.0016 0.12722418893793666
15 19 0.0022 0.11434442183301928
11 5 0.0022 0.1096589624243411
15 2 0.0018000000000000002 0.12405950766112635
6 2 0.0022 0.1303218645137762
12 19 0.0022 0.11875842487955245
11 8 0.0015 0.10339894510191373
19 12 0.0018000000000000002 0.10163075796128354
9 17 0.0023 0.1090855238910128
11 17 0.0023 0.12398114936728301
16 14 0.0015 0.10169414547189005
2 13 0.0015 0.11131571336570341
16 4 0.0015 0.11522157741383646
1 10 0.0012000000000000001 0.11625055616862781
12 9 0.0016 0.1408021494661743
