20
15 1 16 2 24 3 17 5 15 6 23 8 22 9 24 10 17 11 12 12 21 14 14 15 21 16 16 18 17 19 22
18 0 12 2 22 3 15 4 13 6 23 7 17 8 20 9 19 10 18 11 21 12 17 13 16 14 15 15 23 16 23 17 24 18 14 19 24
15 0 23 3 16 4 13 6 12 7 24 8 21 9 21 10 15 11 20 12 13 13 20 15 14 16 19 18 17 19 20
9 0 24 1 22 2 12 4 16 6 22 8 19 9 21 12 14 16 19
12 0 23 1 13 2 22 3 15 5 17 6 15 9 24 12 12 13 14 15 20 16 13 17 23
4 11 14 14 16 18 21 19 24
16 0 20 1 24 2 15 3 17 4 18 5 22 7 15 8 14 9 17 10 14 11 18 14 17 16 18 17 24 18 18 19 16
7 2 20 8 20 13 13 14 15 15 18 16 15 18 19
8 3 21 4 18 9 24 12 20 13 19 14 20 17 18 18 21
8 3 24 4 24 6 17 8 19 11 20 12 18 17 16 19 19
5 0 15 3 20 4 23 15 15 16 14
6 2 13 3 15 4 24 7 24 15 17 18 13
18 0 21 1 17 2 19 3 15 4 12 5 15 6 14 7 18 8 12 9 12 10 22 11 14 13 19 14 18 15 22 17 23 18 13 19 17
8 1 13 2 19 3 23 5 18 11 17 16 22 17 19 19 16
11 0 14 4 24 5 19 8 24 10 24 11 18 13 22 15 13 16 13 17 22 19 17
16 0 23 1 19 2 16 3 19 5 12 6 19 7 21 8 12 9 24 10 14 11 12 12 12 13 12 16 18 17 16 18 16
11 0 24 1 14 2 12 3 12 4 24 5 13 7 14 8 20 11 14 12 24 18 14
15 0 19 1 16 2 23 3 12 4 12 5 12 6 22 7 16 8 14 9 15 12 16 14 20 15 17 16 24 18 15
10 1 22 5 12 6 14 7 12 8 16 12 19 13 13 14 21 17 22 19 22
9 2 21 3 23 5 14 6 17 7 20 9 22 10 23 12 21 14 21
7
11 14 0.0014
4 13 0.0012000000000000001
0 1 0.0021000000000000003
5 0 0.0017000000000000001
18 5 0.0017000000000000001
7 19 0.0019
10 19 0.0018000000000000002
21
8 18 0.002 0.11726371669541114
14 12 0.0015 0.13568500538798395
4 18 0.002 0.1042993107583648
16 0 0.0023 0.14815683672492255
17 14 0.0023 0.12402944545742262
5 19 0.0024000000000000002 0.1025408504231639
11 13 0.0017000000000000001 0.12807332574326755
9 19 0.0018000000000000002 0.10495102043123354
2 1 0.0015 0.14552285236144036
17 9 0.0017000000000000001 0.14718491746323914
16 2 0.0012000000000000001 0.11935888097609486
5 3 0.0014 0.11308806253827285
6 14 0.0023 0.12338000917769432
2 11 0.0019 0.14145226924491158
3 9 0.0018000000000000002 0.13538696866586086
17 7 0.0018000000000000002 0.14770195618489929
13 3 0.0014 0.13242372525929932
4 18 0.0021000000000000003 0.1410523674593042
7 17 0.002 0.1377221903706933
19 4 0.0012000000000000001 0.12147087108337816
8 18 0.002 0.13572854340520113
