20
10 3 23 4 20 6 13 7 19 11 14 14 20 15 20 16 14 18 14 19 20
7 5 24 8 22 9 14 10 13 12 24 14 15 16 22
15 1 15 3 12 4 14 5 18 7 17 8 19 9 21 10 13 11 14 12 16 13 16 14 23 17 12 18 14 19 20
16 0 24 2 19 4 16 5 23 6 24 7 13 8 22 9 18 10 14 12 19 13 18 14 13 15 15 16 21 17 15 19 23
1 3 22
8 1 20 2 18 10 23 11 19 13 22 14 21 15 17 17 23
8 0 15 1 19 2 22 8 13 12 21 13 24 17 13 18 13
1 19 16
14 2 14 3 24 4 24 6 19 7 21 9 21 10 24 11 23 12 15 13 18 14 13 17 13 18 12 19 15
16 0 12 1 21 2 14 3 16 4 22 5 16 6 23 7 12 8 17 12 22 14 18 15 15 16 13 17 13 18 20 19 19
6 3 16 4 16 8 24 9 19 13 15 14 18
15 0 21 1 19 2 17 3 22 4 24 5 19 6 16 7 15 8 17 9 12 10 23 15 17 17 15 18 22 19 19
13 1 12 3 15 5 23 6 17 8 24 9 14 11 18 13 12 14 19 15 16 16 17 17 15 18 13
10 0 18 1 12 3 12 4 19 7 12 9 15 10 23 11 12 14 20 17 14
15 0 12 1 19 2 21 3 17 4 21 6 17 7 22 8 23 10 17 11 21 15 15 16 14 17 14 18 22 19 24
5 2 18 6 17 11 16 16 24 19 19
17 1 13 2 14 3 19 4 16 5 16 6 17 8 13 9 13 10 23 11 22 12 13 13 13 14 15 15 16 17 24 18 21 19 16
17 0 21 1 13 2 19 3 19 4 13 5 23 6 19 7 20 8 14 9 13 10 16 11 23 12 12 13 14 14 12 15 15 19 22
6 2 12 5 18 7 12 10 24 11 17 17 18
16 1 18 2 12 3 14 4 18 6 18 8 19 9 20 10 19 11 22 12 17 13 23 14 18 15 13 16 20 17 22 18 24
7
10 6 0.0015
2 1 0.0019
18 16 0.0018000000000000002
6 4 0.0024000000000000002
16 10 0.002
3 9 0.0018000000000000002
15 9 0.0015
21
1 5 0.0019 0.1492380044101627
19 13 0.0023 0.1334328299556815
19 3 0.0019 0.10227180336408481
5 8 0.002 0.11469924364164352
11 7 0.0012000000000000001 0.13178379194699738
16 6 0.0018000000000000002 0.1478099110119825
14 17 0.0024000000000000002 0.11811860585808204
2 11 0.0015 0.14436069169658447
0 8 0.0014 0.10442049726833016
19 13 0.0021000000000000003 0.12871644652162934
6 7 0.0017000000000000001 0.13332825234526902
7 6 0.002 0.14686206593687084
0 7 0.0012000000000000001 0.1293359667358585
1 2 0.0022 0.13840653513502993
3 4 0.0018000000000000002 0.13752987195806526
8 0 0.0022 0.13842415202602038
3 12 0.0018000000000000002 0.1437174808867939
3 14 0.0019 0.1192496230931542
9 6 0.0018000000000000002 0.13590844833870053
1 4 0.0015 0.13414361291816973
16 19 0.0024000000000000002 0.14455130085944717
