20
12 1 16 2 19 3 23 4 16 5 21 7 19 9 14 10 18 11 16 17 12 18 12 19 14
17 0 15 2 18 3 17 4 24 5 15 6 20 7 23 8 24 9 21 10 13 11 18 12 22 13 19 14 18 15 15 18 19 19 16
12 0 14 1 21 5 14 7 20 8 19 10 12 12 16 13 24 14 19 15 19 16 16 18 17
8 0 17 6 21 8 16 10 24 12 15 13 13 15 18 18 18
6 1 17 6 20 10 23 11 16 14 14 17 15
18 0 12 1 15 2 12 3 16 4 14 6 20 7 22 8 15 9 15 10 15 11 13 12 18 13 22 14 15 16 16 17 14 18 21 19 18
6 1 19 9 13 12 23 13 24 14 18 19 19
7 2 18 3 24 8 21 9 21 10 16 16 23 17 24
14 0 13 1 20 2 24 4 13 5 22 7 18 9 14 10 21 12 20 13 23 14 16 16 13 17 16 18 24
14 0 23 1 16 2 18 3 17 5 22 8 12 10 14 11 21 12 14 14 15 15 21 17 12 18 12 19 23
6 3 19 5 22 7 21 8 21 14 20 18 16
15 0 12 1 15 2 20 3 20 4 19 6 21 8 18 9 16 10 20 12 21 13 12 15 14 16 23 17 15 18 12
15 1 20 2 17 3 15 4 20 6 18 7 20 8 15 9 14 11 17 13 14 14 17 15 18 16 19 17 13 18 15
9 0 14 2 13 6 22 9 23 10 21 15 13 17 14 18 18 19 13
17 0 14 1 12 2 19 3 15 4 14 5 24 7 12 8 16 9 12 10 24 11 23 12 17 15 17 16 23 17 12 18 14 19 22
14 0 19 1 19 2 16 4 21 5 17 6 16 8 20 9 14 10 15 12 14 13 16 14 24 17 18 19 15
10 0 12 2 16 5 14 6 23 10 12 11 19 12 14 15 12 17 20 19 12
17 1 21 2 17 3 15 4 18 5 15 6 24 7 14 8 17 9 19 10 14 11 14 12 15 13 16 14 15 15 17 16 23 18 15
17 0 15 1 23 2 14 3 19 4 13 5 12 6 21 7 16 8 19 9 13 10 23 11 13 12 18 14 13 15 17 17 22 19 23
8 0 15 3 15 4 15 5 15 6 13 14 16 15 17 17 18
7
15 13 0.0012000000000000001
7 14 0.0017000000000000001
0 3 0.0017000000000000001
7 1 0.0012000000000000001
11 16 0.0015
3 5 0.0018000000000000002
14 18 0.0022
21
13 15 0.0021000000000000003 0.1442351547165563
11 2 0.0016 0.12676150010460852
17 6 0.0015 0.14697739506169005
14 4 0.0022 0.14516879924622825
3 8 0.0013000000000000002 0.10389849092556791
12 10 0.0019 0.10214386504674906
6 1 0.0018000000000000002 0.11987188297916725
7 0 0.0024000000000000002 0.13360987798828516
8 10 0.0013000000000000002 0.14860178614842037
7 19 0.0014 0.14131260989985217
9 10 0.0017000000000000001 0.13821156029396656
14 1 0.0016 0.11271563701637193
7 5 0.002 0.11784327775649343
10 2 0.0021000000000000003 0.1338314018791338
5 1 0.002 0.1357658308142176
18 1 0.0016 0.11753800775521837
14 5 0.0024000000000000002 0.11242275720261524
18 4 0.0018000000000000002 0.11333177201217993
7 3 0.0015 0.10529941374154346
6 3 0.0023 0.14951057331734935
14 9 0.0017000000000000001 0.11267174743035031
