20
2 4 12 9 16
3 2 23 3 12 5 17
10 0 18 3 21 4 12 7 13 8 17 10 19 12 22 14 12 16 13 18 15
15 0 20 1 20 2 19 4 14 5 17 6 21 7 23 9 22 10 23 11 15 13 14 15 17 16 21 17 19 18 22
5 9 14 12 22 17 12 18 20 19 21
13 1 22 2 17 3 22 4 24 6 23 7 19 9 21 10 13 11 18 14 16 15 21 18 16 19 18
5 2 20 10 17 14 18 17 23 19 24
12 0 17 2 21 4 23 5 17 6 23 8 23 9 13 10 14 13 15 14 20 17 19 19 17
16 0 17 1 18 2 19 3 13 4 16 5 21 6 12 7 15 10 19 11 14 12 17 13 15 14 19 16 21 17 15 19 15
1 1 19
16 0 13 1 14 2 23 4 14 5 22 6 15 7 22 8 19 9 16 11 22 12 20 13 19 14 24 16 18 17 20 18 21
14 0 16 1 22 2 21 3 14 4 22 5 22 8 17 12 18 13 24 14 21 15 22 16 14 18 14 19 21
8 0 15 4 19 10 23 11 15 14 19 15 19 16 14 19 15
17 0 12 1 24 2 18 3 12 4 20 5 17 6 20 8 23 9 15 10 16 11 18 12 24 14 17 15 12 16 16 17 12 18 19
5 0 14 8 14 11 24 13 12 17 23
11 0 17 1 23 2 14 3 12 6 17 8 19 11 12 16 22 17 19 18 14 19 22
12 0 16 1 19 2 12 5 18 7 13 8 23 9 23 11 19 13 19 15 24 18 20 19 15
17 0 16 1 12 2 19 3 16 4 20 5 21 6 12 7 24 9 19 10 16 11 20 12 24 13 12 15 17 16 21 18 18 19 16
11 1 18 2 14 4 14 5 21 6 22 9 19 10 22 11 16 14 19 15 17 17 22
8 0 23 1 19 3 20 5 15 9 21 11 12 12 16 14 18
7
8 17 0.0015
17 7 0.0023
8 18 0.0023
11 4 0.0012000000000000001
4 7 0.0022
10 9 0.0012000000000000001
19 12 0.0015
21
17 2 0.0024000000000000002 0.1271140956179228
18 14 0.0015 0.12069068522037113
16 15 0.0018000000000000002 0.12708232253228674
12 6 0.0017000000000000001 0.13382478680646748
2 11 0.0017000000000000001 0.12484363110090566
2 1 0.0017000000000000001 0.13599919583242248
4 5 0.0012000000000000001 0.12417879708659112
12 7 0.0023 0.10624447780567928
6 7 0.0023 0.11726389366212173
8 6 0.0024000000000000002 0.10397408707231862
10 8 0.0021000000000000003 0.11986978914844204
11 1 0.0019 0.14185384162845455
18 15 0.0022 0.13241161889293873
16 14 0.0018000000000000002 0.12011064680390784
19 5 0.0014 0.12179240306633134
3 6 0.0024000000000000002 0.11922111118898383
6 16 0.0021000000000000003 0.11792578958181313
15 6 0.0017000000000000001 0.14154669277592616
10 3 0.0019 0.11719551814568072
14 3 0.0015 0.13982782420620365
13 11 0.0012000000000000001 0.10894299648403023
