20
17 1 14 2 20 3 17 4 16 5 16 6 22 7 20 8 23 9 16 12 21 13 14 14 19 15 14 16 21 17 16 18 18 19 22
1 8 20
16 0 24 3 12 4 14 5 23 6 21 7 22 8 21 10 20 11 19 12 12 13 18 15 13 16 24 17 19 18 14 19 12
10 1 15 5 13 6 22 8 13 10 12 12 24 16 12 17 23 18 15 19 13
9 1 15 3 18 5 24 11 18 13 17 15 13 16 21 17 14 19 15
8 1 21 2 22 10 17 11 21 12 16 13 24 15 24 17 24
5 0 12 4 15 7 22 15 18 19 21
16 0 22 1 23 2 12 5 22 6 17 8 18 9 13 10 13 11 18 12 15 13 18 14 16 15 24 16 23 18 21 19 14
3 3 21 5 16 19 22
4 2 18 7 20 17 21 18 12
2 4 15 19 24
14 0 24 1 20 2 16 3 18 5 23 6 12 7 13 8 13 9 24 10 24 12 23 13 17 14 16 17 12
17 0 22 1 16 3 19 4 12 5 20 6 19 7 23 8 17 9 20 10 12 11 12 13 17 14 14 15 12 17 18 18 20 19 13
12 1 24 2 13 3 19 4 23 5 24 7 16 9 19 11 22 14 12 16 18 17 14 18 16
5 4 19 5 14 9 12 12 17 17 13
17 0 23 1 12 2 12 3 24 4 13 7 22 8 15 9 24 10 13 11 19 12 19 13 21 14 15 16 18 17 23 18 20 19 20
10 0 22 1 18 3 13 5 19 9 14 13 12 14 23 15 24 17 20 18 15
6 2 16 3 16 4 14 6 15 10 24 12 15
3 12 20 13 16 16 23
1 13 18
7
2 6 0.0015
14 9 0.0018000000000000002
3 18 0.0018000000000000002
12 2 0.0024000000000000002
1 10 0.0021000000000000003
16 8 0.0013000000000000002
18 0 0.0018000000000000002
21
14 16 0.0023 0.11557809799059492
13 19 0.0013000000000000002 0.13061272275200106
6 3 0.0012000000000000001 0.10528046421313565
13 16 0.0023 0.13545854653355696
8 6 0.0015 0.1172227592711608
8 0 0.0022 0.11281656827326199
15 2 0.0015 0.12134559276253742
16 11 0.0015 0.13485529693091752
13 11 0.0024000000000000002 0.1179308960665042
15 16 0.0016 0.14830095117170833
10 9 0.0016 0.11956114927651819
12 5 0.0013000000000000002 0.12317400932551341
14 11 0.0017000000000000001 0.13622717562970166
1 5 0.0013000000000000002 0.13679961013935057
16 6 0.0024000000000000002 0.11357562139457121
0 15 0.0021000000000000003 0.1254832785076209
16 5 0.0021000000000000003 0.13464261996999982
19 8 0.0012000000000000001 0.14377986812197352
5 0 0.0022 0.10843965943566689
7 19 0.0013000000000000002 0.13409745815219695
16 13 0.0015 0.13581728430593767
