20
15 1 23 2 17 3 22 5 19 6 20 7 17 8 18 9 17 10 21 11 20 12 15 15 24 16 21 17 21 19 12
12 0 13 2 18 4 17 5 24 7 20 9 13 10 15 11 24 12 18 13 15 15 19 19 22
3 4 21 16 24 17 15
6 1 20 2 15 4 13 11 13 16 15 19 24
9 0 13 5 17 6 17 7 14 9 20 10 23 11 18 12 20 16 13
8 2 13 3 22 4 21 9 14 11 16 13 14 14 13 17 14
11 0 15 3 16 7 21 8 18 11 18 13 13 14 12 15 23 16 17 17 19 18 17
13 0 15 2 19 3 16 6 18 8 19 9 22 10 22 11 18 13 22 14 18 15 18 18 18 19 13
6 3 12 5 24 10 14 11 13 12 20 14 22
3 4 19 6 15 19 16
14 0 21 1 20 2 20 4 18 6 14 7 21 9 23 11 20 12 21 13 14 16 21 17 13 18 12 19 18
14 0 19 2 20 3 20 4 13 5 15 6 24 7 14 9 18 10 19 13 19 15 13 16 14 17 22 18 20
4 4 15 5 13 14 20 17 24
3 5 12 14 17 19 14
16 0 19 1 24 2 21 4 12 6 23 7 24 8 18 10 12 11 17 12 24 13 23 15 19 16 14 17 24 18 13 19 15
11 0 12 1 15 2 21 3 16 4 13 5 14 9 18 12 14 14 17 18 15 19 22
9 3 13 5 15 6 15 9 19 10 15 11 24 12 19 17 16 19 12
8 2 19 3 14 7 22 10 15 11 19 13 12 14 17 16 24
4 3 13 6 20 9 17 12 16
13 0 14 2 22 3 17 4 18 5 12 6 20 7 15 8 20 9 20 12 18 14 18 17 12 18 16
7
19 12 0.0012000000000000001
1 3 0.0021000000000000003
16 17 0.0017000000000000001
2 4 0.0021000000000000003
9 4 0.0018000000000000002
15 12 0.0015
14 2 0.0021000000000000003
21
13 7 0.0021000000000000003 0.14779099526106793
3 7 0.0015 0.1287478613889401
6 14 0.0012000000000000001 0.1227226636272492
1 16 0.0023 0.10515668439108339
4 16 0.0019 0.11162071818716546
2 17 0.0012000000000000001 0.1250498807610008
12 7 0.0017000000000000001 0.12394692564379767
7 3 0.0017000000000000001 0.10977729135804205
11 2 0.0014 0.10563603411080671
4 3 0.0013000000000000002 0.12504218278119614
0 3 0.0014 0.1346069479372353
17 18 0.0015 0.14555616253810294
2 12 0.0013000000000000002 0.14162287737579946
18 17 0.0015 0.12455376804895901
14 5 0.0024000000000000002 0.11880235794011537
16 17 0.0017000000000000001 0.12375192092709657
14 3 0.0012000000000000001 0.10257136575636919
6 5 0.0016 0.11451492596681463
13 2 0.0013000000000000002 0.10203740660828853
13 10 0.0024000000000000002 0.11298233231631925
12 6 0.002 0.1372782645434461
