20
18 1 21 2 24 3 21 4 24 5 13 6 13 7 18 9 24 10 13 11 15 12 19 13 14 14 23 15 16 16 17 17 12 18 16 19 14
12 0 19 2 24 5 19 7 19 8 18 9 21 10 24 12 13 16 21 17 16 18 18 19 19
3 3 16 5 15 13 22
12 1 20 2 23 4 21 8 23 9 19 10 14 13 15 14 17 15 16 16 14 18 17 19 13
17 0 18 2 15 3 21 5 12 6 17 7 23 8 15 9 12 10 23 11 20 12 20 13 15 15 22 16 22 17 17 18 19 19 21
1 19 19
2 4 22 9 24
14 0 14 1 24 2 16 4 18 5 14 10 19 11 23 12 13 13 22 14 12 15 14 16 12 17 13 18 18
3 7 21 14 18 17 18
6 1 12 2 21 3 14 10 15 14 19 17 17
9 0 12 1 14 2 12 3 24 4 24 8 14 13 15 14 19 15 24
4 2 19 6 22 12 14 14 13
4 4 19 5 16 7 14 16 23
4 0 18 8 12 11 22 16 16
14 1 13 2 20 3 12 4 15 5 21 6 20 7 22 8 16 10 12 11 21 15 20 16 19 18 13 19 15
12 0 24 1 12 3 24 7 20 8 12 9 18 10 22 13 22 14 18 16 16 18 20 19 12
7 0 16 2 24 4 21 6 14 12 21 14 23 19 12
13 0 16 1 22 5 19 6 13 8 17 9 20 10 14 12 14 13 18 14 17 15 14 16 12 19 18
17 0 20 1 15 2 14 3 12 4 24 5 24 7 16 8 16 9 22 10 20 11 21 12 12 13 13 14 21 15 15 16 17 17 21
1 7 14
7
5 11 0.0012000000000000001
12 15 0.002
5 10 0.0013000000000000002
8 18 0.0013000000000000002
12 15 0.0015
12 15 0.0024000000000000002
16 10 0.0023
21
18 2 0.0022 0.10085773987895548
17 4 0.0019 0.13374983831132736
13 14 0.0018000000000000002 0.10640580315548932
18 4 0.0021000000000000003 0.14074715381512637
19 10 0.0022 0.1370549777602829
12 19 0.0013000000000000002 0.10204295142364389
7 6 0.0024000000000000002 0.10769324778843485
1 3 0.0023 0.11864117725925226
12 8 0.0019 0.11662041391256561
17 7 0.0023 0.14728741029762785
17 2 0.0014 0.10756428034833132
2 7 0.0019 0.10901099145826071
1 9 0.0016 0.10712903836556209
4 13 0.0024000000000000002 0.11407345739501028
4 6 0.0021000000000000003 0.1416739539554868
7 4 0.0014 0.1134924180775012
13 5 0.0019 0.1414860169294348
15 12 0.0015 0.13765197373225851
0 15 0.0012000000000000001 0.13154842832072888
0 3 0.0024000000000000002 0.12743127522874115
16 14 0.0018000000000000002 0.10975533869560722
