20
8 1 24 2 13 5 12 10 14 15 12 16 22 17 12 19 15
15 0 12 2 17 4 20 5 17 6 23 7 20 8 21 9 13 10 16 12 18 13 12 14 20 16 19 17 18 19 16
11 1 20 4 22 5 12 6 20 8 21 9 15 11 20 12 23 13 19 17 22 19 18
13 0 18 1 23 6 21 8 19 9 15 10 12 11 19 12 21 13 12 14 18 16 20 18 15 19 16
5 1 15 7 14 15 14 17 24 18 13
13 0 15 1 20 2 14 3 21 4 19 6 22 10 14 11 22 12 18 13 16 15 17 17 16 18 14
16 0 18 2 12 3 21 4 23 5 12 7 18 8 15 10 18 11 19 13 15 14 14 15 20 16 23 17 18 18 22 19 21
16 0 22 1 16 2 12 3 16 4 24 5 23 6 17 8 22 9 20 10 16 11 23 13 19 14 24 15 16 17 14 18 15
12 1 17 2 15 3 12 6 17 9 21 10 21 13 14 14 12 15 19 17 23 18 23 19 16
10 1 14 2 17 5 20 6 13 7 20 8 22 10 20 13 17 17 24 19 13
15 0 19 1 24 2 13 4 22 7 21 8 20 9 16 12 16 13 12 14 16 15 12 16 18 17 18 18 21 19 19
2 0 24 18 13
2 1 15 19 21
6 0 20 4 23 8 20 9 13 10 13 11 17
10 0 24 1 23 3 19 8 22 9 17 10 17 11 13 15 23 16 13 18 12
15 0 13 1 16 2 14 3 24 4 12 5 16 6 21 8 16 11 18 12 16 13 17 14 22 16 13 18 24 19 12
12 0 22 2 20 5 14 6 17 7 22 8 16 10 19 11 17 15 18 17 21 18 14 19 19
18 0 15 1 16 3 24 4 19 5 21 6 21 7 17 8 14 9 12 10 23 11 22 12 22 13 16 14 13 15 16 16 23 18 24 19 12
2 7 13 14 12
1 2 23
7
7 2 0.0022
8 6 0.0014
13 19 0.0014
15 10 0.0023
17 15 0.0016
17 8 0.0023
0 2 0.0017000000000000001
21
12 2 0.0018000000000000002 0.13219842228987902
18 8 0.0022 0.12712112108668255
16 18 0.0017000000000000001 0.11117008948200159
18 10 0.002 0.10023178614815034
6 3 0.0012000000000000001 0.12651247312473995
12 17 0.0022 0.12213781107594296
12 6 0.0012000000000000001 0.14794859519103892
13 7 0.0012000000000000001 0.12565676595360406
8 15 0.0013000000000000002 0.10249952703940224
19 1 0.0015 0.1494946151978208
6 18 0.002 0.13474430795202103
2 17 0.0015 0.10397693711610846
14 11 0.0017000000000000001 0.1486593501357022
15 2 0.0015 0.13319080941023584
3 5 0.0022 0.10214740544574774
13 8 0.0019 0.13846590872190281
10 1 0.0023 0.1020049541850435
15 17 0.0022 0.11594138253338974
14 6 0.0019 0.14241559608659832
1 8 0.0023 0.14264936120623367
11 4 0.002 0.14212554546026152
