20
17 1 20 3 13 4 20 6 13 7 13 8 18 9 21 10 14 11 21 12 13 13 16 14 16 15 17 16 16 17 16 18 15 19 17
14 0 14 2 20 4 15 5 14 6 20 7 19 8 15 11 18 12 15 13 24 15 18 16 23 18 20 19 15
13 0 14 1 18 4 22 5 20 6 20 8 22 9 20 10 13 11 12 12 22 15 24 18 14 19 19
14 1 19 2 20 5 19 6 22 7 15 8 12 9 12 11 13 13 20 15 18 16 16 17 18 18 21 19 18
4 7 14 11 19 13 17 18 22
11 0 19 4 21 7 20 9 22 10 24 12 17 13 22 15 13 16 16 18 18 19 23
5 1 23 2 12 5 14 12 22 17 23
3 5 14 6 12 10 13
12 1 21 2 14 3 14 5 16 6 12 7 23 10 12 12 12 13 23 14 15 16 21 18 16
9 3 13 5 24 8 18 11 16 12 21 13 15 15 16 17 20 19 24
7 1 22 2 12 9 12 11 15 15 17 17 13 18 15
8 0 14 2 13 4 20 7 23 9 20 12 12 15 13 16 15
1 2 18
4 2 20 6 12 7 18 10 14
6 3 12 5 15 6 17 10 13 11 17 15 14
16 0 23 1 21 2 12 3 17 4 16 5 23 6 12 7 12 8 19 9 21 10 17 11 20 12 13 16 22 17 18 18 19
18 0 15 1 22 2 12 3 21 4 18 6 20 7 14 8 22 9 14 10 13 11 16 12 12 13 18 14 18 15 24 17 17 18 17 19 14
16 0 12 1 13 4 15 5 16 6 21 7 12 8 24 9 17 10 12 11 19 12 15 13 13 14 18 16 15 18 13 19 23
7 2 15 3 24 7 24 11 18 15 22 16 18 17 14
12 0 23 4 16 5 19 10 23 11 19 12 20 13 15 14 15 15 15 16 16 17 23 18 12
7
19 7 0.0013000000000000002
18 19 0.0023
7 19 0.0022
10 14 0.0021000000000000003
7 8 0.0012000000000000001
8 9 0.0013000000000000002
4 8 0.0022
21
2 11 0.0015 0.125328267458991
10 9 0.0017000000000000001 0.1251174893994247
9 1 0.0012000000000000001 0.14623195461518113
7 2 0.0022 0.11002996180907264
18 19 0.0019 0.1443450300018521
16 6 0.002 0.12121826852498256
8 16 0.0021000000000000003 0.12677493672512272
3 19 0.0024000000000000002 0.12169070952355601
11 12 0.0014 0.14374453552208893
4 18 0.0018000000000000002 0.11264546022622729
13 8 0.0016 0.12965950085419475
2 12 0.0014 0.13620854966922866
0 13 0.0024000000000000002 0.1475118224387572
6 16 0.0016 0.13599569294187963
0 14 0.0022 0.14689907390471582
19 11 0.0024000000000000002 0.12268176421757544
14 4 0.0023 0.11502815482986922
0 11 0.002 0.12248142918058351
8 16 0.0014 0.1116465027064135
19 1 0.0017000000000000001 0.10635613606014871
5 7 0.0013000000000000002 0.14651695818153224
