20
7 2 23 3 17 6 13 8 17 12 17 14 18 18 14
6 0 15 3 17 4 20 6 19 7 20 19 24
6 3 12 7 24 12 24 13 14 14 15 15 21
14 0 24 1 21 2 13 4 22 6 19 9 18 10 14 11 18 12 24 14 18 15 20 16 23 18 14 19 17
8 1 20 2 19 3 16 6 14 8 16 10 19 12 22 15 15
1 6 23
16 0 18 1 15 2 19 3 24 5 19 8 20 9 16 10 18 11 24 12 16 13 16 14 16 15 18 17 17 18 13 19 22
2 6 23 17 13
10 0 18 1 17 2 22 3 19 5 14 7 16 10 24 15 22 17 13 18 22
13 0 14 3 21 5 23 7 15 8 21 10 19 11 18 13 23 15 14 16 19 17 13 18 14 19 18
12 0 12 1 22 2 17 4 21 6 17 7 12 8 24 9 17 12 24 13 15 14 18 19 15
4 0 24 5 12 10 16 12 15
2 7 17 13 13
4 0 24 1 13 2 15 8 17
18 0 20 1 19 2 16 3 15 5 19 6 23 7 12 8 21 9 21 10 22 11 24 12 22 13 13 15 12 16 20 17 23 18 23 19 21
3 7 12 9 17 18 21
11 1 21 4 16 5 23 6 23 7 14 9 12 10 17 14 15 17 20 18 22 19 20
15 1 23 2 14 4 21 6 17 7 23 8 18 9 18 10 14 11 17 12 24 13 20 14 20 16 18 18 12 19 12
4 4 13 6 21 9 18 14 20
4 2 20 9 13 14 13 17 22
7
15 2 0.0022
15 7 0.0012000000000000001
11 10 0.0024000000000000002
12 17 0.0012000000000000001
1 10 0.0018000000000000002
17 15 0.0018000000000000002
12 5 0.0014
21
1 6 0.0022 0.11565517135251197
8 12 0.0015 0.1165722196690629
15 2 0.0013000000000000002 0.1478885259421427
15 7 0.0024000000000000002 0.11610479988307568
2 19 0.0017000000000000001 0.14331483410757112
15 2 0.002 0.10100423163017094
15 16 0.0021000000000000003 0.10161347355250158
11 6 0.0018000000000000002 0.12196003683002007
2 8 0.0024000000000000002 0.10031376811899388
11 12 0.0023 0.12739293351233044
7 0 0.0021000000000000003 0.1250150842545944
17 10 0.0017000000000000001 0.12292986618700547
6 13 0.0015 0.12428735945304928
0 9 0.0023 0.10899133279258108
12 6 0.0024000000000000002 0.10346528446740483
1 19 0.0014 0.1304010154155283
12 18 0.0016 0.12976010290193402
17 11 0.002 0.1069661880315004
8 3 0.0018000000000000002 0.11544680825723452
3 2 0.0023 0.10045365228757082
10 13 0.0024000000000000002 0.1411477775085251
