20
5 3 14 4 18 7 21 11 22 16 18
4 5 23 11 15 15 13 18 17
11 3 19 5 14 6 15 8 18 9 22 10 20 11 17 14 12 17 19 18 16 19 21
13 0 21 1 21 4 19 5 17 7 12 9 18 11 21 12 18 13 12 14 16 15 23 17 19 18 23
5 3 22 6 14 11 22 12 15 19 22
5 3 15 9 13 10 18 13 12 18 13
4 4 21 12 23 15 15 19 19
15 0 16 1 21 2 14 3 15 4 18 8 19 9 17 10 17 12 16 13 14 14 17 15 12 16 23 17 16 19 12
7 2 18 5 24 7 14 9 18 11 24 12 17 13 14
7 2 13 11 18 14 15 16 12 17 17 18 22 19 17
16 0 20 1 12 3 20 4 15 5 14 6 17 8 20 11 19 12 19 13 19 14 24 15 23 16 15 17 18 18 16 19 23
14 0 24 1 17 2 15 4 16 5 21 7 21 9 13 10 15 14 23 15 14 16 23 17 18 18 12 19 24
16 0 24 2 18 3 21 4 19 5 20 6 16 7 12 8 20 9 15 10 16 11 19 13 18 15 13 16 13 17 16 18 17
4 3 23 12 14 14 14 16 20
11 0 14 2 20 3 19 5 18 6 18 7 23 9 12 10 15 11 21 12 12 15 16
3 5 18 9 24 13 14
1 17 18
1 12 24
3 1 17 5 20 8 16
13 0 23 1 14 5 15 6 15 7 19 8 23 10 23 11 23 13 23 15 18 16 18 17 21 18 22
7
3 5 0.0012000000000000001
11 10 0.0019
13 0 0.0019
0 11 0.0023
8 4 0.0017000000000000001
10 15 0.0013000000000000002
4 16 0.002
21
12 7 0.0017000000000000001 0.10900082357305532
5 11 0.0015 0.11178922113239968
10 12 0.0019 0.13710391529235652
5 8 0.0012000000000000001 0.14385827659976497
7 4 0.0014 0.11519458312989525
7 1 0.0015 0.11228899011154174
15 14 0.0019 0.11526404892228531
9 15 0.0017000000000000001 0.1166040464006483
4 0 0.0024000000000000002 0.1456110561678992
7 14 0.0021000000000000003 0.11595325383600533
9 11 0.0016 0.10699929225045034
7 18 0.0023 0.14776427977927079
18 14 0.0012000000000000001 0.12503220076732766
8 3 0.0015 0.10631009199899111
2 15 0.0018000000000000002 0.13616689935880033
1 13 0.0017000000000000001 0.10012715105057175
11 8 0.0018000000000000002 0.11899313487916845
14 9 0.002 0.10322790186399433
19 17 0.0019 0.12609383813362812
4 17 0.0022 0.12398136202001278
3 9 0.0015 0.12411268190728632
