20
12 1 13 2 21 3 19 8 23 9 15 10 21 12 14 13 14 14 23 16 21 17 22 18 18
11 2 17 3 14 5 15 6 15 7 20 9 21 10 16 12 13 13 23 15 22 16 17
9 3 16 7 17 9 24 10 15 11 13 13 21 14 16 16 14 18 14
9 0 24 5 16 6 23 8 13 10 14 13 15 17 17 18 24 19 22
17 0 15 1 20 2 23 3 21 5 23 6 15 7 16 8 17 9 21 10 13 11 12 12 16 13 22 14 15 16 17 17 14 18 15
5 12 12 13 17 14 23 15 14 18 22
4 9 23 13 14 15 15 17 16
5 1 16 2 24 3 17 12 17 18 16
12 0 15 2 18 3 19 5 12 6 24 9 20 13 22 14 14 15 23 16 21 17 12 19 13
5 6 23 8 21 10 13 13 18 18 18
4 2 15 4 13 14 12 15 21
1 0 18
16 0 20 1 20 2 13 3 18 4 12 5 22 6 12 7 24 8 23 9 23 11 20 14 12 16 24 17 23 18 15 19 15
2 15 22 16 21
17 0 13 1 15 2 18 4 22 5 13 6 23 7 14 8 23 9 23 10 16 11 15 12 18 13 20 15 17 16 24 17 24 18 18
11 0 18 3 19 4 16 5 18 6 21 9 17 11 15 12 14 13 12 18 14 19 15
11 0 24 2 15 4 12 6 22 7 16 8 19 9 18 10 17 12 20 15 16 19 17
6 0 21 2 15 5 12 7 19 15 12 19 15
3 5 13 6 19 12 16
9 2 24 6 15 7 16 9 24 12 15 13 14 14 17 17 21 18 13
7
13 4 0.0018000000000000002
10 8 0.0023
7 16 0.002
16 10 0.0022
12 16 0.0015
9 8 0.0022
19 5 0.0014
21
12 10 0.002 0.10265619617921296
19 1 0.0019 0.12327165949030021
4 15 0.0019 0.14246013368245647
10 4 0.0017000000000000001 0.1322971841851827
5 19 0.0016 0.10426394238098727
15 19 0.0012000000000000001 0.10685029288074607
4 18 0.0012000000000000001 0.11317150030464546
3 18 0.0019 0.12551464351363367
12 6 0.0019 0.1032790746174023
19 6 0.0022 0.14284530575552865
18 11 0.0012000000000000001 0.10727700480069813
11 10 0.0019 0.13952570022787988
12 19 0.0022 0.12607245314493892
8 15 0.0019 0.10765168916383759
0 10 0.0013000000000000002 0.1172242750782612
17 7 0.0018000000000000002 0.10165473216586271
0 2 0.0019 0.12378063581832506
5 14 0.0023 0.12012460244928906
11 7 0.0014 0.10379614360683954
1 4 0.0017000000000000001 0.10650044425989794
3 15 0.0014 0.10327817003889266
