15
6 3 22 4 22 8 19 9 12 10 24 13 18
2 11 22 13 15
12 0 14 1 13 3 16 4 16 5 21 6 22 7 13 8 21 9 20 10 22 13 16 14 12
11 0 21 1 24 2 20 4 15 5 17 6 23 7 17 8 18 11 13 13 23 14 14
3 1 23 2 21 14 24
12 1 12 2 13 3 22 4 14 6 18 7 22 8 15 9 13 10 14 11 13 12 14 14 23
12 0 23 1 12 2 18 3 23 4 18 5 17 7 12 8 16 11 17 12 14 13 14 14 16
12 0 12 1 17 2 20 3 16 4 12 5 24 6 12 8 17 9 16 10 21 13 23 14 22
9 0 21 2 14 4 17 6 18 7 21 9 18 10 16 11 21 12 21
13 0 24 1 17 2 21 3 20 4 21 5 23 7 12 8 15 10 16 11 24 12 14 13 12 14 19
12 0 22 1 23 2 24 3 23 4 14 5 20 6 15 8 21 9 21 11 23 13 24 14 17
6 1 19 2 19 3 22 6 19 7 18 8 17
5 0 12 8 14 9 24 10 15 11 21
13 0 13 1 21 2 21 3 21 4 19 6 16 7 15 8 14 9 16 10 16 11 13 12 20 14 21
4 0 13 1 13 7 19 8 12
6
1 11 0.0013000000000000002
7 13 0.0013000000000000002
9 2 0.0019
11 1 0.0019
8 5 0.0014
0 14 0.0023
12
8 12 0.002 0.1162408454836541
8 4 0.0014 0.11126823934588757
9 2 0.0022 0.12703647017599123
9 7 0.0017000000000000001 0.10954116805043053
11 0 0.0013000000000000002 0.142076857209252
7 14 0.0019 0.1463079047939651
14 11 0.0023 0.13050949269268122
0 13 0.0022 0.11840302694434482
2 12 0.002 0.13193557099916192
3 11 0.002 0.10530720879197548
0 1 0.0021000000000000003 0.14639794714703797
2 7 0.0024000000000000002 0.1235482703199706
