15
12 1 24 2 15 4 24 5 21 6 24 7 22 9 23 10 12 11 18 12 20 13 22 14 12
1 9 18
12 0 15 1 16 3 16 4 23 7 13 8 18 9 18 10 19 11 23 12 16 13 17 14 16
2 0 17 8 13
7 1 24 6 20 7 18 8 24 10 17 13 18 14 18
7 0 12 2 13 4 14 6 21 8 20 9 23 12 20
3 4 20 5 24 9 14
7 0 21 2 13 4 20 9 19 10 14 11 18 13 14
2 0 23 9 17
10 2 15 3 12 4 15 5 18 6 24 7 15 8 15 12 23 13 19 14 20
10 0 17 1 20 2 17 3 13 4 24 5 23 8 22 9 14 11 17 13 15
11 0 12 1 13 4 21 5 22 6 22 7 18 8 13 9 17 12 13 13 24 14 12
7 0 14 2 24 3 24 5 19 6 23 10 17 13 17
8 0 13 2 14 3 13 4 12 5 21 6 13 12 18 14 24
11 1 13 2 19 3 20 4 17 6 24 7 19 8 17 9 24 10 13 12 24 13 13
6
8 14 0.0017000000000000001
6 14 0.0012000000000000001
6 9 0.0015
12 14 0.0013000000000000002
4 10 0.0024000000000000002
9 7 0.0016
12
1 8 0.0022 0.12797292167022362
2 5 0.0017000000000000001 0.14784823887759907
5 9 0.0022 0.12931967309650166
14 13 0.0012000000000000001 0.1394746465606741
0 12 0.0012000000000000001 0.11045844077388557
9 1 0.0014 0.10347082723279444
12 9 0.0024000000000000002 0.10913338897186234
13 3 0.0021000000000000003 0.1302662442450229
10 8 0.0013000000000000002 0.10063790426917515
13 9 0.0016 0.11389894593904795
7 4 0.0024000000000000002 0.10919483454061095
10 12 0.0012000000000000001 0.14942512838262445
