15
10 2 15 3 15 4 13 7 14 8 19 9 23 10 22 11 21 13 14 14 24
5 0 24 3 16 8 18 9 17 10 15
7 0 23 1 23 3 22 5 22 8 13 11 15 14 18
9 0 22 2 24 5 17 6 21 8 21 10 22 11 22 13 12 14 17
4 1 16 3 20 6 19 11 22
8 1 16 2 22 4 16 6 22 8 22 9 16 10 13 12 21
3 1 21 3 23 8 19
1 11 21
2 3 12 12 13
3 4 13 6 22 14 13
12 0 22 1 18 2 23 3 14 4 15 5 24 6 19 7 23 9 12 11 20 12 14 14 15
13 0 19 2 17 3 17 4 22 5 17 6 15 7 24 8 24 9 20 10 20 12 15 13 12 14 18
5 2 12 4 14 8 19 11 12 13 12
8 0 12 1 12 2 16 3 12 4 20 5 18 9 12 12 24
13 0 22 1 24 2 22 3 17 4 13 5 16 7 19 8 23 9 24 10 15 11 14 12 19 13 24
6
6 4 0.0024000000000000002
4 13 0.0021000000000000003
13 2 0.002
8 7 0.0013000000000000002
7 10 0.0017000000000000001
9 5 0.0019
12
11 7 0.002 0.13563715453184277
12 4 0.0021000000000000003 0.11610448325902918
7 14 0.0019 0.10909205442600019
9 0 0.0022 0.14552793221190763
0 11 0.0015 0.14407153421310429
2 9 0.0014 0.13903104413839046
3 10 0.0017000000000000001 0.11284812440546908
6 14 0.0015 0.13110177685071334
5 14 0.0017000000000000001 0.12571162843123895
14 1 0.002 0.11471347258940119
13 2 0.0016 0.12736171721930112
5 3 0.0023 0.10238822425555656
