15
7 2 14 4 21 6 24 8 12 9 16 10 20 13 24
2 8 14 13 12
4 0 14 1 19 3 18 6 21
4 4 15 6 14 7 13 8 20
1 13 23
4 4 23 6 22 9 17 13 15
11 0 22 1 13 2 16 3 16 4 18 5 13 7 14 8 23 9 15 10 19 14 17
4 0 13 1 21 2 23 8 22
3 0 23 4 13 13 21
4 2 14 6 20 10 19 11 17
8 0 22 1 14 2 17 4 20 6 13 7 13 11 18 13 18
8 3 12 4 20 5 22 6 18 7 14 8 19 9 19 12 17
8 0 24 3 13 4 16 8 14 10 13 11 23 13 21 14 24
12 0 23 1 13 2 12 3 18 4 16 5 19 7 17 8 12 10 17 11 19 12 16 14 18
5 3 24 4 17 5 20 10 14 12 16
6
3 14 0.0022
0 4 0.0016
12 11 0.0016
14 10 0.0024000000000000002
3 4 0.0018000000000000002
4 1 0.0016
12
3 0 0.0023 0.1394534985609686
9 4 0.0012000000000000001 0.1318261402920647
9 2 0.0023 0.10765948205739875
10 14 0.0022 0.10291353397622757
6 14 0.0018000000000000002 0.11501256878085732
7 3 0.0022 0.13998682942157725
2 8 0.0013000000000000002 0.14244743556049813
8 5 0.0013000000000000002 0.10465109724833208
6 14 0.002 0.10587875625445518
2 3 0.002 0.13596553531126235
11 5 0.0017000000000000001 0.13796667460726675
5 14 0.0022 0.11479199771667209
