15
9 1 17 2 22 3 14 4 16 6 22 8 16 10 19 11 19 12 19
6 0 23 4 14 8 15 11 20 12 14 13 19
13 0 15 3 13 4 24 5 23 6 21 7 15 8 22 9 12 10 12 11 20 12 20 13 19 14 13
5 1 20 6 14 8 24 9 13 12 14
12 0 18 1 12 2 23 3 21 5 16 7 20 8 12 9 20 11 23 12 17 13 22 14 16
7 0 16 1 17 2 24 6 22 7 18 8 20 13 18
13 0 13 1 17 3 24 4 19 5 14 7 12 8 16 9 22 10 20 11 12 12 18 13 16 14 21
5 0 18 1 22 10 22 11 17 14 14
9 0 22 2 22 3 18 5 16 6 21 7 17 11 24 12 23 14 13
4 1 19 7 21 11 22 14 24
2 4 18 12 13
5 1 24 2 18 6 23 13 20 14 21
8 1 19 2 21 3 20 5 20 6 12 7 24 11 13 14 12
1 4 21
3 11 12 12 23 13 22
6
11 10 0.0013000000000000002
5 8 0.0012000000000000001
10 2 0.0018000000000000002
12 14 0.0022
14 4 0.0021000000000000003
13 11 0.0012000000000000001
12
2 14 0.0023 0.137106639369273
5 12 0.0023 0.13763071811764013
7 5 0.002 0.12703465179959791
2 6 0.0017000000000000001 0.12278210216259608
13 8 0.0017000000000000001 0.14130251653351283
2 1 0.0024000000000000002 0.1353992422881357
4 9 0.0015 0.10723993723193927
13 11 0.0019 0.10805004121922553
7 0 0.0013000000000000002 0.14065356074173183
14 5 0.0023 0.14161432008829006
3 5 0.0014 0.14592643734860006
2 12 0.0022 0.12127907538708853
