15
6 1 16 2 12 5 16 6 15 8 14 13 13
9 0 19 2 14 4 21 6 20 7 13 8 18 10 23 11 24 12 18
8 0 15 3 16 4 21 5 14 6 24 9 24 11 21 13 24
11 0 14 1 19 2 24 5 12 6 16 8 16 9 15 11 13 12 19 13 16 14 17
9 0 17 2 22 3 17 5 15 6 22 7 18 10 15 12 18 13 18
2 8 23 11 12
4 2 13 5 18 9 18 14 24
6 0 18 3 24 4 12 5 15 10 20 13 15
10 0 19 1 18 4 13 5 18 9 19 10 16 11 21 12 17 13 22 14 19
11 0 17 1 20 3 21 5 14 6 16 7 20 8 19 11 20 12 21 13 22 14 20
8 0 20 3 17 5 16 6 18 8 24 11 17 13 24 14 16
8 0 13 1 23 3 17 4 21 7 21 9 19 12 16 13 14
6 2 17 4 24 6 14 9 17 11 19 14 16
8 0 22 1 20 2 18 3 14 6 19 10 12 11 15 14 17
12 1 23 2 21 3 18 4 14 5 12 6 24 7 22 8 13 10 12 11 15 12 15 13 21
6
1 3 0.0014
7 8 0.0015
13 7 0.0021000000000000003
5 8 0.0015
3 10 0.0016
13 3 0.0015
12
2 3 0.0015 0.1270715310292624
14 12 0.0017000000000000001 0.10198627973083899
6 2 0.002 0.13158982943086736
11 8 0.0015 0.14799955730921943
8 3 0.0021000000000000003 0.11839257687235136
3 10 0.0019 0.1410708935233311
7 10 0.0015 0.12848730614614606
12 11 0.0013000000000000002 0.10453128794964692
12 1 0.0021000000000000003 0.12085911806856273
2 4 0.0017000000000000001 0.12869194865596909
13 0 0.0023 0.1424383143158457
4 7 0.0024000000000000002 0.11839984861029376
