15
5 1 23 2 24 3 14 10 16 12 15
10 0 19 2 17 3 15 4 12 5 19 6 24 7 19 10 19 12 14 13 19
8 0 14 1 16 3 23 7 18 8 17 11 14 12 12 13 21
12 0 18 1 20 2 23 4 15 5 20 7 17 8 23 10 24 11 22 12 16 13 14 14 24
11 0 22 1 16 2 16 5 17 6 14 7 13 8 16 10 14 11 15 12 13 14 13
2 0 24 11 16
6 0 12 1 22 2 18 3 14 5 16 11 16
13 0 15 1 19 2 24 3 17 5 14 6 15 8 15 9 12 10 17 11 21 12 22 13 15 14 15
1 10 15
12 1 17 2 16 3 17 4 14 5 19 6 21 7 21 8 20 10 23 11 15 12 14 14 14
6 0 21 1 15 3 13 8 17 11 22 12 16
7 1 17 3 19 4 17 6 17 9 12 10 17 12 22
6 0 20 2 21 6 23 8 22 9 22 13 16
7 1 17 2 19 4 15 9 13 10 24 11 12 12 22
10 2 17 3 24 4 23 6 17 7 12 8 21 9 18 10 17 12 15 13 22
6
0 11 0.0021000000000000003
1 0 0.0017000000000000001
13 8 0.0021000000000000003
1 10 0.0014
8 14 0.0018000000000000002
6 1 0.0016
12
8 7 0.0014 0.1255050217426066
14 7 0.0017000000000000001 0.10617877858988703
5 6 0.0021000000000000003 0.13894845508468343
0 9 0.0024000000000000002 0.14367956013809813
8 2 0.0023 0.14677402906400422
1 9 0.0019 0.13666008388607398
14 3 0.0019 0.10541992499221405
12 14 0.0015 0.13924716026007639
2 11 0.002 0.13296591074964131
10 8 0.0017000000000000001 0.147570697746721
1 11 0.0014 0.1477238728048466
2 13 0.0019 0.10079202535970327
