15
12 1 15 2 18 3 18 5 22 6 17 7 18 8 16 9 24 10 20 12 19 13 19 14 16
5 6 18 8 16 11 23 13 18 14 12
4 0 21 1 16 8 13 14 18
9 0 19 2 12 6 15 7 16 8 20 9 21 10 15 11 21 13 14
2 6 24 13 18
13 0 24 1 12 2 15 3 18 4 20 7 12 8 15 9 18 10 22 11 13 12 15 13 21 14 21
8 0 24 1 17 3 13 9 20 10 15 11 14 13 17 14 19
9 0 20 2 20 3 23 4 15 6 23 8 12 9 19 10 24 11 23
12 0 16 1 20 2 20 3 14 4 23 5 21 6 12 7 16 9 22 10 13 13 13 14 13
12 0 23 1 14 2 24 3 13 4 18 7 24 8 20 10 20 11 22 12 22 13 14 14 16
11 0 18 1 15 2 14 4 15 5 14 6 18 7 13 8 17 9 14 11 16 12 21
8 2 21 3 24 7 12 8 21 9 20 12 22 13 13 14 24
6 1 18 2 17 5 23 8 17 9 19 10 24
9 0 23 1 18 2 16 4 12 7 24 8 20 9 15 10 14 14 19
12 0 12 1 14 2 18 3 20 4 17 5 17 6 15 7 19 8 13 9 19 10 16 11 17
6
0 11 0.0013000000000000002
13 5 0.002
13 12 0.0016
5 11 0.0024000000000000002
9 1 0.0021000000000000003
10 8 0.0015
12
9 1 0.0012000000000000001 0.11776989212367547
3 0 0.0012000000000000001 0.12740745516415086
12 8 0.0018000000000000002 0.12607525762717517
3 6 0.0022 0.14696102636181615
1 3 0.0021000000000000003 0.12670208292142712
6 7 0.0018000000000000002 0.11682448082527722
7 3 0.0013000000000000002 0.10426922379155769
11 3 0.0022 0.11057254201790949
0 7 0.0013000000000000002 0.11868487648008255
9 5 0.0022 0.13154757968813263
1 2 0.002 0.10367305762880932
6 4 0.0015 0.14883926067993858
