15
8 1 12 2 20 3 15 7 15 8 22 9 18 10 24 13 23
2 2 20 14 17
10 1 20 4 20 6 24 7 21 8 12 9 24 11 24 12 20 13 19 14 12
11 0 21 1 18 2 15 6 12 7 21 8 14 9 18 10 16 11 23 12 23 14 22
4 0 17 6 24 8 19 12 20
1 14 15
4 3 19 4 15 10 16 11 12
1 0 16
1 3 22
8 0 24 2 19 4 23 5 16 6 14 7 24 11 22 12 19
3 2 20 7 24 12 17
1 2 21
9 0 14 1 15 3 22 5 14 6 18 8 19 10 12 11 13 13 15
6 1 12 3 22 9 23 10 15 11 13 12 24
6 0 18 1 16 2 16 4 14 5 20 6 16
6
8 0 0.0012000000000000001
2 14 0.0012000000000000001
2 5 0.0015
1 4 0.0021000000000000003
3 7 0.0021000000000000003
7 12 0.0012000000000000001
12
8 6 0.0012000000000000001 0.1204690776070392
2 10 0.0022 0.10025727911988883
4 6 0.0015 0.136911627946731
5 3 0.0023 0.14645045481395572
6 8 0.002 0.11183167487903661
11 9 0.0024000000000000002 0.12327363425880977
7 14 0.0021000000000000003 0.14599772843973283
5 11 0.0018000000000000002 0.14966582430521486
11 12 0.0014 0.11844218378285228
12 14 0.0016 0.1151216346769521
2 9 0.0019 0.10280962352074341
11 2 0.0016 0.1203263916254653
