15
11 1 21 3 23 4 20 7 21 8 22 9 17 10 13 11 15 12 15 13 14 14 19
4 3 18 4 12 13 22 14 12
5 4 16 5 24 9 23 10 18 13 17
5 0 17 1 20 9 14 11 18 12 23
12 0 13 1 14 3 20 5 13 6 17 7 24 8 13 9 18 10 14 11 14 12 19 14 18
10 3 23 4 17 6 16 7 14 8 17 9 22 10 22 11 13 12 24 13 23
8 0 13 3 24 4 14 7 21 9 22 10 18 12 16 13 16
13 0 18 2 21 3 12 4 14 5 24 6 18 8 16 9 18 10 20 11 20 12 12 13 18 14 21
10 0 13 2 22 3 17 4 14 5 22 7 20 10 16 11 16 12 17 13 22
6 2 13 5 15 7 13 11 21 12 14 14 16
11 1 19 2 21 3 23 5 21 6 14 7 15 8 15 9 21 11 21 12 20 13 24
9 2 14 4 20 5 20 6 20 8 22 9 22 10 21 12 12 13 14
6 2 12 4 18 8 19 9 23 10 13 11 24
9 0 15 1 23 2 23 5 14 6 20 8 23 9 20 10 14 14 18
3 2 20 10 21 13 22
6
2 4 0.0015
3 12 0.0017000000000000001
10 1 0.0014
11 8 0.002
12 3 0.0015
6 0 0.002
12
10 9 0.0014 0.14878286192859133
2 7 0.0017000000000000001 0.13001746411612652
10 11 0.0015 0.10418646066496062
13 3 0.0014 0.140951439880705
7 8 0.0023 0.10541368571549198
12 5 0.0022 0.13343863482761514
6 13 0.002 0.13665802921470768
0 8 0.0024000000000000002 0.13902869394768447
0 2 0.0024000000000000002 0.123443859448462
13 2 0.0015 0.12137095793179599
10 9 0.0014 0.12616879823923852
5 14 0.0019 0.11072667699894533
