15
7 2 19 3 23 4 15 9 16 11 22 12 16 14 16
6 2 12 4 12 5 13 7 12 8 13 13 23
6 0 23 1 19 5 22 6 18 11 21 13 17
3 1 12 5 14 13 21
6 0 16 3 12 6 16 8 24 10 24 14 16
10 1 19 2 12 3 12 6 13 7 23 8 20 10 22 11 23 13 15 14 18
8 2 22 3 12 4 13 5 13 8 18 9 21 11 23 14 16
2 0 12 5 14
11 1 20 2 19 3 17 4 16 5 12 7 16 9 24 11 24 12 24 13 15 14 14
2 1 19 13 16
4 3 20 8 14 11 15 14 24
2 4 20 8 22
7 0 12 1 20 4 16 7 18 8 12 9 17 10 22
8 0 17 1 18 2 22 7 17 8 19 10 21 11 15 14 23
3 3 19 6 19 12 13
6
0 2 0.0012000000000000001
1 8 0.0024000000000000002
5 1 0.0024000000000000002
0 3 0.0017000000000000001
9 2 0.0015
14 6 0.0023
12
6 10 0.0019 0.13249766104846494
11 7 0.0013000000000000002 0.11776738102234903
1 0 0.0014 0.14978587114285263
5 6 0.0024000000000000002 0.11536290046463357
13 14 0.0023 0.11246899028497727
2 6 0.0013000000000000002 0.118886691277725
14 7 0.0014 0.1281290073237699
8 14 0.0018000000000000002 0.14637309713383095
2 3 0.0022 0.1410339124053727
14 7 0.0023 0.13153725493807633
8 13 0.0014 0.14953041823157587
2 5 0.0024000000000000002 0.1396419587090622
