15
3 3 15 8 16 14 23
13 2 14 3 20 4 17 5 21 6 21 7 13 8 20 9 12 10 12 11 21 12 12 13 15 14 17
4 1 20 6 14 7 18 9 15
10 0 23 4 24 5 12 7 17 8 16 9 20 10 18 12 18 13 19 14 15
5 2 14 3 22 5 18 10 21 14 13
12 0 15 1 15 2 24 3 14 4 20 6 24 7 17 8 12 9 17 11 15 12 12 14 16
7 0 15 1 12 3 15 5 13 8 20 9 19 13 17
9 0 18 1 19 2 18 3 21 4 23 5 24 9 19 13 21 14 24
10 0 22 1 16 3 12 4 23 5 14 6 21 7 20 11 12 12 18 13 24
3 2 19 4 14 5 13
7 0 24 1 20 5 14 8 19 9 24 12 15 13 20
8 0 19 3 21 4 17 6 15 8 13 10 13 12 22 14 22
12 1 17 2 20 3 15 4 13 5 24 6 20 7 15 8 18 9 24 10 23 13 17 14 15
8 0 15 1 23 3 19 5 23 6 22 9 22 10 12 12 15
1 7 12
6
9 4 0.0015
7 9 0.0024000000000000002
2 9 0.002
1 0 0.002
1 10 0.0016
5 4 0.0015
12
0 5 0.0017000000000000001 0.11769972184950757
0 10 0.0021000000000000003 0.13570547061958668
10 5 0.0016 0.1079382162171438
10 12 0.0023 0.1108083332206803
14 11 0.0015 0.10406859237278968
4 9 0.0015 0.14632887962902547
3 6 0.0012000000000000001 0.13999078026735642
8 5 0.0019 0.11301020888866718
12 3 0.0024000000000000002 0.11137518404740082
13 8 0.0022 0.1019630675818779
3 13 0.0017000000000000001 0.14044331455935086
10 7 0.0019 0.111646710646239
