15
2 5 23 12 22
2 4 21 5 17
2 5 17 10 23
2 8 16 14 14
8 1 24 2 21 3 19 5 17 6 22 7 23 8 19 10 20
4 0 22 1 13 6 21 13 15
12 0 12 1 17 2 17 3 18 4 24 5 21 8 15 9 21 10 21 11 22 12 13 13 19
2 8 22 10 24
5 1 12 3 22 6 12 10 22 14 19
6 4 12 5 22 7 24 10 21 12 18 13 14
12 0 23 2 16 3 15 4 23 5 22 6 13 8 18 9 19 11 21 12 14 13 18 14 20
9 0 23 2 23 3 17 4 20 5 24 6 16 9 19 10 22 12 13
3 1 13 5 15 9 20
6 0 24 2 22 3 22 5 15 9 21 12 16
10 1 23 3 17 4 16 6 21 7 16 8 20 9 17 11 12 12 19 13 19
6
8 5 0.0019
2 10 0.0018000000000000002
13 14 0.0018000000000000002
11 1 0.0024000000000000002
14 7 0.0015
4 12 0.0023
12
4 14 0.0015 0.13186352083608208
12 13 0.0014 0.1071887279582633
4 0 0.0016 0.10368293375886552
2 9 0.0012000000000000001 0.11259571125751767
3 11 0.0018000000000000002 0.14270452751745122
6 4 0.0023 0.10666653892512612
2 1 0.0012000000000000001 0.11199837635487876
7 2 0.0023 0.12947837713882993
10 11 0.0016 0.13902996421878383
13 8 0.002 0.1145084772489242
9 8 0.0024000000000000002 0.10202046977763249
4 1 0.0018000000000000002 0.12623660365365005
