15
6 1 24 3 12 4 16 7 19 9 22 10 22
6 0 23 3 13 8 22 10 20 11 17 12 20
4 3 20 6 15 9 20 10 13
6 1 14 4 23 6 18 7 22 10 14 12 19
7 0 14 2 21 5 15 6 23 7 23 9 13 11 20
6 1 13 2 15 7 23 8 17 12 16 14 12
13 0 15 1 24 2 16 4 23 5 21 7 18 8 24 9 13 10 21 11 22 12 19 13 20 14 12
8 0 21 2 17 4 18 8 21 9 22 10 23 12 14 14 23
4 4 16 5 22 11 24 12 21
3 1 15 2 24 6 12
6 3 14 4 14 6 13 12 23 13 17 14 12
2 12 23 13 15
4 2 18 3 23 4 24 6 16
3 1 20 6 16 9 12
11 0 16 1 23 2 22 3 23 5 18 6 15 7 21 8 16 9 22 10 12 11 15
6
2 5 0.0018000000000000002
8 12 0.0014
8 13 0.0015
1 2 0.0019
9 0 0.0018000000000000002
4 13 0.0021000000000000003
12
5 11 0.002 0.1270498273486272
2 6 0.0015 0.12956939075474072
8 1 0.0022 0.1356916012000267
9 2 0.0017000000000000001 0.10602279875586265
11 10 0.0015 0.14164969427484536
3 2 0.0016 0.11043742628785515
13 8 0.002 0.11290108997364605
10 7 0.0018000000000000002 0.12201373464553532
12 2 0.0016 0.12119575698370545
12 6 0.0022 0.11924667374494013
8 11 0.0014 0.13696929903415478
11 0 0.0022 0.14448091382040346
