15
7 1 14 2 18 3 22 5 22 9 24 11 18 12 24
12 2 20 3 14 4 23 5 12 6 18 7 14 8 16 9 15 10 20 11 17 12 14 14 15
4 8 19 9 16 11 16 12 19
8 1 23 2 15 4 21 6 12 8 19 9 21 10 20 14 18
12 0 13 1 19 3 16 5 22 7 19 8 13 9 12 10 12 11 14 12 15 13 13 14 19
10 0 24 1 16 2 16 3 23 4 18 6 13 7 24 8 21 12 13 14 23
4 0 17 2 16 7 20 9 13
10 0 17 1 19 3 19 4 22 5 15 6 18 8 15 10 22 12 16 14 13
7 0 18 1 14 2 14 3 14 9 18 11 17 13 14
8 2 23 3 21 5 22 7 21 10 15 12 12 13 16 14 14
13 0 14 1 16 2 12 3 12 4 22 6 21 7 12 8 17 9 22 11 20 12 13 13 14 14 16
7 0 22 1 21 4 14 6 17 7 14 8 13 14 22
2 6 16 13 14
1 8 13
11 0 13 1 18 2 13 3 14 4 12 5 15 6 14 7 22 9 13 11 18 12 18
6
9 10 0.0022
0 7 0.0024000000000000002
5 9 0.002
11 4 0.0016
9 14 0.0019
14 2 0.0013000000000000002
12
3 12 0.0014 0.1105802134555767
10 14 0.0014 0.1418224279370327
3 0 0.0015 0.11589747841868896
7 11 0.0021000000000000003 0.10471350823883435
13 5 0.0016 0.10266794260762882
2 6 0.0022 0.14414706431064345
12 5 0.002 0.12399904725685681
10 9 0.0013000000000000002 0.14433740247032426
13 7 0.0016 0.13807098202129775
10 8 0.0024000000000000002 0.13428716684027409
2 5 0.002 0.1329832823001359
8 14 0.0013000000000000002 0.1146883779956166
