1 0 2 37.9976 13 2 16
1 1 2 29.9962 4 3 9
1 2 1 13.9986 3 14
1 3 2 31.996 12 5 0
1 4 3 44.9946 8 1 2 10
1 5 1 22.9976 19 16
2 0 2 28.9982 8 1 18
2 1 1 13 19 11
2 2 1 12 12 7
2 3 1 21 6 8
2 4 2 37 17 1 14
2 5 2 46 14 3 12
2 6 2 41 0 3 18
2 7 2 34.9981 4 3 18
2 8 2 26 9 11 6
2 9 1 18 3 13
2 10 1 15 6 4
2 11 2 34 9 11 17
2 12 2 41.9982 16 1 2
2 13 2 39 12 6 3
2 14 1 23 7 19
2 15 1 13 11 5
2 16 2 34 14 3 19
2 17 2 31.9988 13 2 3
2 18 2 38 16 0 11
2 19 3 47.9964 8 1 2 0
2 20 2 45 14 6 8
2 21 2 42 14 3 10
2 22 2 33.9982 8 1 17
2 23 3 58.9981 4 3 1 15
