15
12 1 22 2 17 4 14 5 24 6 20 7 14 8 22 9 22 10 14 12 14 13 15 14 18
13 0 17 2 20 3 13 5 22 6 23 7 15 8 18 9 19 10 22 11 21 12 16 13 15 14 22
8 3 23 4 21 6 16 7 14 10 17 11 14 13 21 14 21
2 5 12 14 18
10 0 19 1 14 2 20 3 14 5 16 6 17 8 16 9 21 10 19 12 15
10 1 18 2 15 3 22 4 16 6 15 7 19 9 17 11 23 12 18 13 20
3 2 13 3 22 10 12
2 2 16 3 21
3 3 14 4 15 11 16
9 0 23 1 20 4 23 5 17 7 17 8 14 10 23 12 15 13 12
7 1 12 2 22 3 16 5 18 11 17 12 15 13 14
5 0 17 4 24 6 18 7 13 8 16
9 1 23 2 23 4 18 6 21 8 22 9 16 10 12 11 16 14 21
9 0 17 2 17 3 19 4 24 6 18 8 14 10 12 11 22 14 22
9 0 15 1 14 2 15 4 12 5 23 7 17 10 14 12 23 13 23
7
0 4 0.0024000000000000002
3 2 0.0016
0 7 0.0016
6 5 0.0019
3 12 0.0014
2 5 0.0024000000000000002
11 8 0.0024000000000000002
7
8 14 0.0012000000000000001 0.12861099122966807
4 11 0.0024000000000000002 0.10660571789888028
11 3 0.0022 0.1148831468503692
4 1 0.0017000000000000001 0.1123282113503986
0 4 0.002 0.10342984517507728
0 3 0.0023 0.1015246521657539
14 1 0.0014 0.1470965195039922
