15
2 2 20 4 20
7 2 19 5 18 6 14 7 13 8 20 9 21 14 12
10 0 12 3 22 5 17 6 23 7 13 8 12 10 12 11 23 12 22 13 15
5 1 15 2 19 5 23 7 18 13 15
7 0 22 3 15 6 22 8 13 9 14 12 21 14 19
8 0 24 2 20 4 24 6 24 7 15 9 17 11 15 14 12
7 0 12 5 16 8 14 11 19 12 17 13 13 14 24
1 1 12
12 0 12 1 17 2 17 3 20 4 14 6 12 7 15 9 20 11 16 12 15 13 13 14 18
12 0 15 1 17 2 20 3 13 4 15 5 17 6 15 8 14 10 15 12 16 13 13 14 21
11 0 12 1 21 2 15 3 12 4 18 6 16 8 22 11 23 12 23 13 23 14 15
2 1 14 6 12
9 1 12 3 15 6 22 7 22 8 19 10 22 11 12 13 12 14 23
2 0 19 5 23
10 0 17 1 17 2 19 3 22 4 21 5 21 7 17 8 24 9 18 12 16
7
6 12 0.0022
14 8 0.0017000000000000001
9 14 0.0018000000000000002
11 2 0.0021000000000000003
2 14 0.0024000000000000002
1 0 0.0021000000000000003
10 12 0.0022
7
3 8 0.0015 0.14112621431164096
10 11 0.0016 0.14510507850819315
9 11 0.0018000000000000002 0.12123389130740453
11 13 0.0018000000000000002 0.13650653713920144
13 6 0.0024000000000000002 0.12439868358896274
7 5 0.0022 0.11608354574494391
3 13 0.0024000000000000002 0.11452114053741082
