15
3 2 23 8 13 11 24
11 0 19 2 18 3 17 4 18 5 22 6 24 8 14 11 22 12 13 13 21 14 23
5 1 24 3 19 7 14 10 23 13 14
7 0 21 5 23 6 23 7 16 9 15 11 15 12 18
4 0 18 9 13 10 24 11 23
5 0 13 1 15 3 17 9 22 11 12
11 1 14 2 22 3 20 4 12 5 20 7 23 8 23 9 20 10 19 11 18 12 24
3 4 22 9 20 14 12
6 0 24 2 21 3 15 5 19 6 22 12 14
2 5 18 13 15
5 0 23 1 22 2 12 3 19 6 21
8 0 18 1 13 2 16 3 24 4 20 7 15 8 20 13 15
9 0 15 1 21 2 23 6 16 7 17 8 13 10 19 11 21 14 23
11 0 14 1 23 2 18 6 18 7 22 8 19 9 17 10 12 11 18 12 20 14 17
7 0 23 1 15 2 14 4 15 5 24 9 23 11 17
7
7 2 0.002
14 3 0.0021000000000000003
6 7 0.002
7 4 0.0014
6 3 0.0017000000000000001
10 4 0.002
0 9 0.0023
7
6 10 0.002 0.11918546410582365
7 0 0.0015 0.1250055642707884
13 10 0.0021000000000000003 0.13879179433250374
10 9 0.0013000000000000002 0.10837511165377711
8 2 0.0017000000000000001 0.13649933768815553
13 7 0.0017000000000000001 0.14818998279361084
6 10 0.0024000000000000002 0.11725443453845152
