15
5 3 22 4 22 5 19 9 21 11 20
11 0 21 2 15 4 23 5 14 6 21 7 19 8 12 10 12 11 22 13 22 14 20
2 11 14 14 18
7 0 17 6 14 7 15 9 21 10 23 11 15 12 24
11 0 15 1 16 2 22 6 23 7 13 9 22 10 18 11 12 12 20 13 23 14 16
7 0 20 3 19 4 23 8 20 9 19 10 15 13 12
7 1 12 2 19 4 12 8 14 12 24 13 12 14 22
6 0 17 3 20 6 17 10 19 13 19 14 19
5 2 22 7 15 9 13 10 15 12 20
8 0 17 1 23 2 15 3 15 6 18 10 18 11 20 12 21
3 6 22 7 15 9 14
13 1 23 2 15 3 20 4 15 5 17 6 17 7 24 8 12 9 22 10 15 12 19 13 17 14 15
10 1 19 2 16 3 17 4 21 5 12 6 21 7 15 9 20 11 17 14 24
12 0 16 1 20 3 14 4 13 5 24 6 20 7 15 8 18 9 21 10 12 12 15 14 12
5 1 15 2 15 4 15 7 24 11 20
7
9 5 0.0024000000000000002
3 11 0.0015
0 11 0.002
8 12 0.0021000000000000003
9 6 0.0018000000000000002
13 14 0.0021000000000000003
4 2 0.0014
7
4 0 0.0019 0.11444698494522494
10 12 0.0017000000000000001 0.11398108425279407
12 7 0.0016 0.12729616106772704
0 12 0.002 0.11256467037981382
6 3 0.0016 0.14458789928791752
13 14 0.002 0.10655305964406342
13 1 0.0018000000000000002 0.10088609424494756
