15
9 2 19 3 13 4 20 6 16 7 15 8 12 11 15 13 12 14 19
6 2 22 4 18 5 21 9 22 10 14 11 21
2 8 21 11 15
1 5 16
9 0 22 1 19 7 19 8 23 9 13 11 15 12 13 13 21 14 17
8 0 14 1 22 3 12 6 20 9 19 10 23 11 13 13 23
5 0 21 2 14 4 16 10 22 11 15
6 0 19 1 21 4 12 5 15 9 23 10 23
13 0 24 1 15 2 21 3 19 4 17 5 24 6 17 7 23 9 24 10 24 11 21 12 18 14 15
13 1 20 2 24 3 19 4 23 5 14 6 15 7 18 8 12 10 15 11 18 12 24 13 13 14 16
7 0 21 1 13 2 18 5 23 7 21 9 14 13 15
6 0 15 1 21 2 14 3 19 4 12 13 14
9 1 24 4 19 5 15 6 13 7 15 8 23 10 23 11 21 14 14
10 0 13 1 20 2 22 3 19 6 16 8 15 9 14 10 13 11 18 14 19
4 2 23 4 20 5 13 13 20
7
11 2 0.0021000000000000003
9 8 0.0022
9 7 0.0012000000000000001
7 0 0.0014
7 9 0.002
1 12 0.0012000000000000001
7 4 0.0023
7
14 9 0.0019 0.1354085181645549
8 13 0.0019 0.10829333813031033
1 7 0.0017000000000000001 0.13632433546187533
8 13 0.0023 0.11001689787569921
12 1 0.0012000000000000001 0.1394450213572794
5 14 0.0019 0.14556207977360935
5 3 0.0023 0.1343945276921635
