15
11 1 21 2 13 3 19 5 15 6 13 7 12 8 24 9 21 11 24 12 21 14 15
8 0 22 2 24 6 15 9 24 11 13 12 19 13 12 14 22
8 0 19 1 21 3 19 4 16 5 15 6 14 7 22 11 20
13 0 15 1 13 2 18 4 23 5 12 6 16 7 18 8 24 9 17 10 20 12 17 13 17 14 18
8 1 17 2 20 5 18 6 13 7 16 8 24 11 13 14 24
12 0 15 1 24 2 18 3 21 4 12 7 16 8 18 9 15 10 16 11 19 12 12 14 23
8 1 18 2 17 3 21 4 19 5 18 10 13 11 23 14 18
13 0 14 1 20 2 15 3 14 4 12 5 14 6 14 9 13 10 20 11 23 12 23 13 14 14 22
6 0 16 2 22 4 23 5 12 11 22 13 17
9 0 16 1 15 2 16 3 22 4 13 5 21 6 14 13 19 14 18
11 0 22 1 15 2 12 3 22 4 16 7 22 9 20 11 17 12 12 13 16 14 22
2 13 24 14 18
3 7 17 13 14 14 12
7 1 24 2 13 6 15 7 22 9 12 10 24 11 19
10 2 15 3 20 4 15 5 13 7 15 8 24 9 16 10 22 11 23 12 12
7
4 7 0.0022
6 1 0.0019
13 4 0.002
6 3 0.002
5 13 0.0016
11 14 0.0013000000000000002
7 2 0.0021000000000000003
7
4 2 0.0012000000000000001 0.10888409744928533
9 11 0.002 0.13929192717376965
4 7 0.0014 0.1214333086810568
12 3 0.002 0.11318005582646495
7 0 0.0016 0.10791116025957434
14 8 0.002 0.11025463046214516
7 6 0.0018000000000000002 0.12231072423041775
