15
12 2 17 3 13 5 21 6 18 7 16 8 14 9 24 10 16 11 20 12 21 13 20 14 24
6 3 24 4 17 9 18 10 24 12 13 14 12
2 1 22 12 19
6 0 18 4 23 5 18 6 12 9 21 11 18
8 2 24 3 15 5 23 8 21 9 19 10 21 11 20 14 17
4 0 24 2 15 4 20 10 21
13 0 17 1 18 2 12 3 13 4 20 5 13 7 15 8 14 9 23 11 13 12 16 13 17 14 15
11 0 13 1 13 2 16 3 13 4 22 6 13 8 12 9 13 12 21 13 24 14 12
8 1 24 3 14 4 14 5 22 10 13 11 15 12 23 13 24
13 0 19 1 12 2 15 3 14 4 23 5 23 6 20 7 19 8 14 10 20 11 21 12 23 13 12
6 1 18 2 14 3 20 6 15 7 17 14 12
7 0 17 3 23 4 15 6 20 7 14 13 22 14 24
3 4 15 9 15 10 23
6 2 24 5 21 6 13 7 24 10 20 14 17
5 1 19 4 19 6 20 10 16 11 15
7
7 13 0.0022
8 3 0.0024000000000000002
13 2 0.0015
7 8 0.0015
10 12 0.0014
9 8 0.0017000000000000001
1 5 0.0015
7
8 2 0.0022 0.14737254876155942
0 3 0.0022 0.11271611668022467
10 9 0.0014 0.10905551838982924
3 14 0.002 0.12940798981348006
13 4 0.0015 0.1247167728995568
6 14 0.0014 0.12191139146889812
8 11 0.0018000000000000002 0.1364250575709272
