15
6 4 17 9 13 10 13 12 15 13 14 14 24
2 8 19 12 17
1 11 19
8 1 14 2 13 5 21 6 19 7 12 9 14 12 23 13 16
10 0 12 1 21 2 14 6 24 7 18 9 13 10 18 11 14 12 24 13 15
11 0 23 1 13 2 24 3 15 6 14 7 23 9 24 10 16 11 13 13 18 14 12
11 0 17 1 17 2 23 3 20 4 17 5 24 7 17 8 23 10 18 11 17 14 23
10 1 20 2 16 3 17 5 12 6 12 8 13 9 20 11 23 12 14 14 19
7 0 23 3 13 4 14 5 12 6 17 9 13 11 13
2 8 17 14 13
13 0 21 1 20 2 23 4 21 5 22 6 18 7 13 8 14 9 12 11 20 12 13 13 15 14 14
13 1 14 2 18 3 16 4 20 5 14 6 16 7 14 8 18 9 22 10 24 12 12 13 21 14 20
13 0 23 1 14 2 21 3 24 4 15 5 21 6 22 7 23 9 18 10 18 11 15 13 12 14 20
5 1 18 3 17 7 22 10 12 12 12
6 5 18 6 22 8 16 9 13 10 15 11 22
7
5 10 0.0016
13 8 0.0016
9 14 0.0022
5 9 0.0012000000000000001
11 10 0.0022
0 7 0.0012000000000000001
2 6 0.0015
7
5 12 0.0022 0.13120915191690807
1 2 0.0021000000000000003 0.1037199018341061
10 1 0.002 0.1035381245285456
1 9 0.0021000000000000003 0.13029239557013206
12 1 0.0017000000000000001 0.11498404355051647
1 7 0.0017000000000000001 0.1325661959656478
1 14 0.0013000000000000002 0.10786639203553203
