15
3 8 12 9 23 10 20
13 0 18 2 19 3 16 4 19 5 18 7 17 8 20 9 18 10 21 11 22 12 20 13 14 14 12
1 5 22
5 0 15 2 15 4 19 5 19 13 21
13 0 19 1 13 2 14 3 16 5 16 6 18 7 17 8 22 9 12 10 13 12 24 13 14 14 12
2 1 22 6 15
9 0 14 1 15 4 21 5 20 7 19 8 13 10 16 12 20 13 20
7 0 21 3 20 4 21 6 12 9 22 12 19 13 24
9 0 21 2 15 3 22 4 22 7 15 10 17 11 14 12 16 14 13
7 0 17 2 18 3 20 4 17 5 23 6 14 8 15
5 0 15 2 21 5 14 13 24 14 20
9 0 18 1 24 2 24 3 17 4 16 8 13 10 14 12 21 13 24
5 0 16 1 15 3 22 6 15 10 20
1 10 15
3 7 12 10 22 12 21
7
11 7 0.0024000000000000002
11 9 0.0017000000000000001
7 1 0.0016
5 13 0.0015
8 11 0.0012000000000000001
1 12 0.0022
2 8 0.0013000000000000002
7
4 12 0.0012000000000000001 0.14354378829661196
2 14 0.0021000000000000003 0.10103942274979312
13 11 0.0022 0.10816219718056505
9 8 0.0024000000000000002 0.12182302273554449
3 9 0.0018000000000000002 0.12614553403487253
7 6 0.0015 0.12559089051062888
12 4 0.0021000000000000003 0.11089024983595196
