15
2 1 23 4 16
4 0 24 6 15 9 13 14 24
2 11 23 14 23
5 0 21 10 23 11 12 13 16 14 20
10 0 13 1 18 2 14 3 22 6 14 8 13 11 20 12 23 13 22 14 18
5 2 18 6 22 8 15 10 12 11 16
6 1 18 4 19 5 24 8 23 9 14 13 24
2 1 18 3 24
1 0 19
13 0 19 1 16 2 22 3 12 4 19 5 16 6 18 7 22 8 21 10 13 11 14 12 15 13 21
12 0 14 2 20 3 18 4 23 5 17 6 20 8 22 9 21 11 19 12 23 13 13 14 18
2 10 12 12 13
2 13 20 14 15
4 2 24 7 23 8 16 12 13
8 0 23 3 14 4 19 5 13 7 21 10 15 11 24 12 22
7
14 12 0.0014
11 4 0.0024000000000000002
11 7 0.0021000000000000003
2 8 0.0018000000000000002
13 2 0.0019
3 8 0.0024000000000000002
14 0 0.0018000000000000002
7
0 9 0.0012000000000000001 0.12881258061603143
1 3 0.0017000000000000001 0.13047657961744907
4 8 0.0012000000000000001 0.11631046043694479
7 6 0.002 0.11179989967821906
14 5 0.0013000000000000002 0.14435784222511744
11 13 0.002 0.1192875727077556
13 1 0.0019 0.10048244986351744
