15
8 1 20 5 23 7 12 9 13 10 23 11 21 12 21 13 18
6 2 23 5 12 9 15 10 18 12 22 14 18
4 4 20 6 21 7 17 11 16
10 1 20 2 15 5 22 7 23 8 14 9 12 10 15 11 24 13 20 14 20
10 0 14 1 23 3 24 6 17 7 16 8 12 9 20 11 24 12 18 14 14
3 2 13 4 22 12 21
7 0 20 2 22 3 22 9 19 11 19 12 15 14 19
12 0 22 1 17 2 19 4 20 5 13 8 12 9 12 10 12 11 18 12 17 13 13 14 22
9 1 21 3 12 4 24 5 21 6 12 7 23 9 13 11 24 14 16
4 4 17 8 12 11 19 14 16
6 0 16 5 14 7 19 9 14 11 21 13 20
8 1 14 2 14 3 21 4 17 9 14 12 22 13 18 14 16
9 0 19 1 21 4 15 5 22 6 20 9 24 10 17 11 13 13 20
11 0 14 1 14 2 15 3 15 4 16 5 23 6 19 8 21 10 14 12 19 14 20
10 0 16 1 22 4 24 5 22 6 21 7 15 9 15 11 14 12 17 13 12
7
13 6 0.0015
12 2 0.0016
9 5 0.0021000000000000003
7 14 0.0022
5 2 0.0015
11 6 0.0021000000000000003
4 2 0.0017000000000000001
7
8 14 0.0021000000000000003 0.10145454165217298
12 9 0.0015 0.13376053280038175
13 12 0.0013000000000000002 0.13372573151146508
13 10 0.0015 0.14558940637584805
8 7 0.0021000000000000003 0.11690382857328732
4 11 0.0012000000000000001 0.14800599539615233
14 0 0.0012000000000000001 0.1482945753003122
