15
9 1 18 2 13 3 17 4 19 7 13 9 15 10 24 11 19 14 24
3 0 14 8 16 11 17
7 0 15 1 24 5 17 7 20 9 20 11 24 13 22
3 1 19 4 16 12 17
6 1 22 8 12 9 14 10 22 11 13 13 13
13 1 21 2 17 3 19 4 21 6 14 7 17 8 18 9 13 10 14 11 23 12 14 13 12 14 21
1 13 17
2 2 20 13 12
12 0 21 1 19 2 12 3 13 4 18 5 16 6 21 7 23 9 12 12 24 13 18 14 22
9 0 23 2 19 4 18 5 24 6 18 10 23 11 15 12 17 14 15
5 0 19 1 20 3 15 11 15 14 23
2 5 23 7 23
5 1 13 2 14 11 16 13 17 14 21
12 0 22 1 16 2 15 3 19 4 16 5 13 6 17 7 24 8 15 9 22 11 13 12 19
9 0 18 4 24 5 20 7 14 8 22 9 13 11 17 12 23 13 15
7
3 4 0.0024000000000000002
1 5 0.0018000000000000002
7 12 0.0017000000000000001
11 14 0.002
12 5 0.0013000000000000002
14 0 0.0015
14 3 0.0013000000000000002
7
14 3 0.0023 0.13559627897958795
5 10 0.0023 0.1344162363253656
13 1 0.0024000000000000002 0.11584460503458603
3 7 0.0012000000000000001 0.1078614345036955
7 8 0.0021000000000000003 0.10251495927602178
5 1 0.0012000000000000001 0.14356293231827583
6 7 0.0022 0.1406883533532426
