15
3 1 22 9 23 14 18
4 6 15 8 18 10 15 14 13
8 0 16 1 15 3 13 6 22 8 19 11 21 12 18 14 21
5 5 17 6 15 7 15 11 19 14 19
3 0 14 5 15 6 20
6 1 18 4 20 6 16 10 24 11 14 12 15
13 0 19 1 19 2 22 3 19 4 21 5 14 7 12 8 19 9 22 11 21 12 20 13 20 14 20
3 1 23 8 20 12 22
12 1 16 2 12 3 16 4 15 5 13 6 17 9 19 10 19 11 14 12 12 13 19 14 18
5 1 15 7 23 8 12 13 14 14 18
11 0 12 1 12 3 14 4 17 5 15 6 18 7 16 8 14 11 20 12 22 14 13
5 0 13 1 15 6 15 10 16 13 19
12 0 24 2 12 3 15 4 24 5 14 6 16 7 12 8 14 9 24 11 14 13 14 14 22
6 0 15 1 20 2 19 9 21 11 14 12 17
2 9 20 11 22
7
12 1 0.0012000000000000001
14 9 0.0024000000000000002
10 6 0.0015
10 13 0.0014
7 6 0.002
6 11 0.0014
7 11 0.0017000000000000001
7
10 2 0.0021000000000000003 0.14946268125404813
12 1 0.0014 0.10030183579747615
10 4 0.0016 0.11639133133587895
14 6 0.002 0.12322086368642475
5 1 0.0021000000000000003 0.11900232119191916
7 0 0.0017000000000000001 0.11288512032544044
1 14 0.0014 0.13729587769024892
