10
9 2 39 35 
36 22 49 33 31 9 46 24 13 3 42 43 47 19 
24 27 41 12 35 6 20 44 18 3 
17 2 
23 35 
0 37 22 48 
3 41 20 48 37 26 
2 11 
22 4 0 42 
12 8 
42
22 44 
42 43 23 20 5 27 
16 33 20 19 
29 30 41 26 16 14 18 0 5 40 34 19 17 49 2 9 
18 42 
30 32 12 31 
20 33 
36 46 25 
24 17 
26 13 40 24 2 0 16 20 
11 35 17 15 48 34 
44 9 
20 39 
9 19 28 42 12 48 
39 3 4 21 19 18 
7 13 
14 16 2 40 
40 26 47 37 18 25 38 44 0 20 45 12 
44 39 
31 13 
37 10 7 5 
0 19 
28 7 6 48 
30 10 48 18 
44 3 42 34 37 38 
40 8 36 38 33 32 19 6 34 24 44 
27 39 37 42 46 19 
3 35 14 17 48 15 7 21 
22 25 29 45 28 46 
16 49 
12 39 
48 14 
34 48 3 33 5 23 15 9 6 26 7 0 
3 37 
40 16 29 25 
39 3 
26 24 15 35 
13 26 28 16 32 45 48 34 44 17 
25 26 49 17 34 1 31 42 28 0 44 32 22 13 
47 19 28 35 
37 23 2 33 21 25 
3 47 38 45 46 
