10
9 6 10 13 36 49 2 30 29 46 25 26 47 38 23 33 5 40 34 35 
36 49 2 30 29 46 25 26 47 38 23 33 5 19 
24 46 25 26 47 38 23 33 5 19 3 
17 46 12 13 36 49 2 
23 33 5 40 34 35 
0 3 35 6 10 13 36 49 2 30 29 46 25 26 47 38 23 33 5 40 34 17 28 27 4 8 37 1 43 11 12 14 18 44 24 45 48 
3 35 6 10 13 36 49 2 30 29 46 25 26 
2 30 29 46 12 13 36 10 20 11 
22 4 8 28 27 24 46 25 26 47 38 23 33 5 40 34 35 6 10 13 36 49 2 30 29 48 1 0 3 42 
12 29 46 25 26 47 38 23 33 5 40 34 35 6 10 13 36 49 2 30 41 21 14 18 3 42 28 27 4 8 
42
22 23 18 24 26 28 25 37 31 29 41 33 32 27 40 34 39 38 43 44 
42 46 45 47 48 49 8 36 9 19 11 14 16 13 20 10 12 15 21 17 22 23 18 24 26 28 25 37 31 29 41 33 32 27 
16 20 15 17 33 21 23 29 19 
29 41 33 32 27 40 34 39 38 43 44 42 46 45 47 48 49 8 36 9 
18 13 22 16 20 15 17 33 21 23 29 19 31 34 32 36 42 
30 32 26 28 25 37 31 
20 15 17 33 
36 42 38 37 43 45 40 48 44 46 0 5 1 28 2 6 4 10 3 25 
24 12 14 18 13 22 16 20 15 17 
26 28 27 39 35 18 21 19 20 
11 9 24 12 14 18 13 22 16 20 15 17 33 21 23 29 19 31 34 
44 42 46 45 47 48 49 8 36 9 
20 23 22 24 25 29 30 32 26 28 27 39 
9 24 12 14 18 13 22 16 20 15 17 33 21 23 29 19 31 34 32 36 42 38 37 43 45 40 48 
39 35 18 
7 11 9 24 12 14 18 13 
14 18 13 22 16 20 15 17 33 21 23 29 19 31 34 32 36 42 38 37 43 45 40 
40 48 44 46 0 5 1 28 2 6 4 10 3 25 7 11 9 24 12 
44 42 46 45 47 48 49 8 36 9 19 11 14 16 13 20 10 12 15 21 17 22 23 18 24 26 28 25 37 31 29 41 33 32 27 40 34 39 
31 29 41 33 32 27 40 34 39 38 43 44 42 46 45 47 48 49 8 36 9 19 11 14 16 13 
37 43 45 40 48 44 46 0 5 
0 5 1 28 2 6 4 10 3 25 7 11 9 24 12 14 18 13 22 16 20 15 17 33 21 23 29 19 
28 25 37 31 29 41 33 32 27 40 34 39 38 43 44 42 46 45 47 48 
30 32 26 28 27 39 35 18 
44 46 0 5 1 28 2 6 4 10 3 25 7 11 9 24 12 14 18 13 22 16 20 15 17 33 21 23 29 19 31 34 32 36 42 38 
40 48 44 
27 39 35 18 21 19 
3 25 7 11 9 24 12 14 18 13 22 16 20 15 17 33 21 
22 23 18 24 26 28 25 37 31 29 41 33 32 27 40 34 39 38 43 44 42 46 
16 13 20 10 12 15 21 17 22 23 18 24 26 28 25 37 31 29 41 33 32 27 40 34 39 38 43 44 42 46 45 47 48 49 
12 15 21 17 22 23 18 24 26 28 25 37 31 29 41 33 32 27 40 34 39 
48 49 8 36 9 19 11 14 
34 32 36 42 38 37 43 45 40 48 44 46 0 
3 25 7 11 9 24 12 14 18 13 22 16 20 15 17 33 21 23 29 19 31 34 32 36 42 38 37 
40 48 44 46 0 5 1 28 2 6 4 10 3 25 
39 38 43 44 46 0 5 1 28 2 6 4 10 3 
26 28 27 39 35 
13 22 16 20 15 17 
25 7 11 9 24 12 14 18 13 
47 48 49 8 36 9 19 20 23 22 24 25 29 30 32 26 28 27 39 35 
37 43 45 40 48 44 46 0 5 1 28 2 6 4 10 3 25 
3 25 7 11 9 24 12 14 18 13 22 16 20 15 17 33 21 23 29 19 31 34 32 36 42 38 37 43 45 40 48 44 46 
