10
9 1 0 3 35 
36 5 19 
24 0 3 
17 2 
23 35 
0 4 48 
3 26 
2 11 
22 4 42 
12 8 
42
22 25 29 20 24 26 44 
42 40 44 43 45 46 47 48 49 2 4 3 8 6 5 9 14 7 10 12 11 15 13 20 16 17 21 19 18 23 22 24 25 26 28 27 
16 17 21 19 
29 30 32 33 31 34 36 38 37 42 40 44 43 45 46 47 48 49 2 4 3 8 6 5 9 
18 23 22 24 25 26 28 27 39 29 30 32 33 31 34 36 38 37 42 
30 32 33 31 
20 24 26 44 28 30 41 33 
36 38 37 42 40 44 43 45 46 47 48 49 2 4 3 8 6 5 9 14 7 10 12 11 15 13 20 16 17 21 19 18 23 22 24 25 
24 25 26 28 27 39 29 30 32 33 31 34 36 38 37 42 40 44 43 45 46 47 48 49 2 4 3 8 6 5 9 14 7 10 12 11 15 13 20 16 17 
26 44 28 30 41 33 31 32 27 40 34 35 18 23 19 21 22 25 29 20 
11 15 13 20 16 17 21 19 18 23 22 24 25 26 28 27 39 29 30 32 33 31 34 
44 43 45 46 47 48 49 2 4 3 8 6 5 9 
20 16 17 21 19 18 23 22 24 25 26 28 27 39 
9 14 7 10 12 11 15 13 20 16 17 21 19 18 23 22 24 25 26 28 27 39 29 30 32 33 31 34 36 38 37 42 40 44 43 45 46 47 48 
39 29 30 32 33 31 34 36 38 37 42 40 44 43 45 46 47 48 49 2 4 3 8 6 5 9 14 7 10 12 11 15 13 20 16 17 21 19 18 
7 10 12 11 15 13 
14 7 10 12 11 15 13 20 16 17 21 19 18 23 22 24 25 26 28 27 39 29 30 32 33 31 34 36 38 37 42 40 
40 44 43 45 46 47 48 49 2 4 3 8 6 5 9 14 7 10 12 
44 43 45 46 47 48 49 2 4 3 8 6 5 9 14 7 10 12 11 15 13 20 16 17 21 19 18 23 22 24 25 26 28 27 39 
31 34 36 38 37 42 40 44 43 45 46 47 48 49 2 4 3 8 6 5 9 14 7 10 12 11 15 13 
37 42 40 44 43 45 46 47 48 49 2 4 3 8 6 5 
0 4 7 10 12 11 15 13 20 16 17 21 19 
28 27 39 29 30 32 33 31 34 36 38 37 42 40 44 43 45 46 47 48 
30 41 33 31 32 27 40 34 35 18 
44 43 45 46 47 48 49 2 4 3 8 6 5 9 14 7 10 12 11 15 13 20 16 17 21 19 18 23 22 24 25 26 28 27 39 29 30 32 33 31 34 36 38 
40 44 
27 40 34 35 18 23 19 
3 8 6 5 9 14 7 10 12 11 15 13 20 16 17 21 
22 24 25 26 28 27 39 29 30 32 33 31 34 36 38 37 42 40 44 43 45 46 
16 17 21 19 18 23 22 24 25 26 28 27 39 29 30 32 33 31 34 36 38 37 42 40 44 43 45 46 47 48 49 
12 11 15 13 20 16 17 21 19 18 23 22 24 25 26 28 27 39 
48 49 2 4 3 8 6 5 9 14 
34 36 38 37 42 40 44 43 45 46 47 48 49 2 4 7 1 0 
3 8 6 5 9 14 7 10 12 11 15 13 20 16 17 21 19 18 23 22 24 25 26 28 27 39 29 30 32 33 31 34 36 38 37 
40 34 35 18 23 19 21 22 25 
39 29 30 32 33 31 34 36 38 37 42 40 44 43 45 46 47 48 49 2 4 3 
26 44 28 30 41 33 31 32 27 40 34 35 
13 20 16 17 
25 26 28 27 39 29 30 32 33 31 34 36 38 37 42 40 44 43 45 46 47 48 49 2 4 3 8 6 5 9 14 7 10 12 11 15 13 
47 48 49 2 4 3 8 6 5 9 14 7 10 12 11 15 13 20 24 26 44 28 30 41 33 31 32 27 40 34 35 
37 42 40 44 43 45 46 47 48 49 2 4 3 8 6 5 9 14 7 10 12 11 15 13 20 16 17 21 19 18 23 22 24 25 
3 8 6 5 9 14 7 10 12 11 15 13 20 16 17 21 19 18 23 22 24 25 26 28 27 39 29 30 32 33 31 34 36 38 37 42 40 44 43 45 46 
