10
9 6 10 3 35 
36 10 20 11 19 
24 46 12 13 36 10 20 11 19 3 
17 46 12 13 36 49 2 
23 33 5 19 3 35 
0 30 29 48 
3 42 28 27 4 12 13 20 11 19 26 
2 30 29 46 12 13 36 10 20 11 
22 4 12 13 20 42 
12 13 36 10 20 8 
42
22 25 18 24 19 20 21 23 26 44 
42 46 47 48 49 17 22 25 18 24 19 20 21 23 26 44 28 29 36 30 41 33 32 27 
16 20 19 
29 25 38 33 32 34 40 48 31 36 42 46 44 45 0 4 7 1 26 6 3 12 2 8 37 9 
18 10 13 28 16 20 19 17 23 21 24 29 25 38 33 32 34 40 48 31 36 42 
30 41 33 32 27 40 34 37 31 
20 19 17 23 21 24 29 25 38 33 
36 30 41 33 32 27 40 34 37 31 38 39 43 45 42 46 47 48 49 17 22 25 
24 18 23 19 20 25 29 35 17 
26 6 3 12 2 8 37 9 22 5 15 14 11 18 10 13 28 16 20 
11 18 10 13 28 16 20 19 17 23 21 24 29 25 38 33 32 34 
44 45 0 4 7 1 26 6 3 12 2 8 37 9 
20 21 23 26 44 28 29 36 30 41 33 32 27 40 34 37 31 38 39 
9 22 5 15 14 11 18 10 13 28 16 20 19 17 23 21 24 29 25 38 33 32 34 40 48 
39 43 45 42 46 47 48 49 17 22 25 18 
7 1 26 6 3 12 2 8 37 9 22 5 15 14 11 18 10 13 
14 11 18 10 13 28 16 20 19 17 23 21 24 29 25 38 33 32 34 40 
40 48 31 36 42 46 44 45 0 4 7 1 26 6 3 12 
44 28 29 36 30 41 33 32 27 40 34 37 31 38 39 
31 36 42 46 44 45 0 4 7 1 26 6 3 12 2 8 37 9 22 5 15 14 11 18 10 13 
37 9 22 5 
0 4 7 1 26 6 3 12 2 8 37 9 22 5 15 14 11 18 10 13 28 16 20 19 
28 16 20 19 17 23 21 24 29 25 38 33 32 34 40 48 
30 41 33 32 27 40 34 37 31 38 39 43 45 42 46 47 48 49 17 22 25 18 
44 28 29 36 30 41 33 32 27 40 34 37 31 38 
40 48 31 36 42 46 44 
27 40 34 37 31 38 39 43 45 42 46 47 48 49 17 22 25 18 24 19 
3 12 2 8 37 9 22 5 15 14 11 18 10 13 28 16 20 19 17 23 21 
22 5 15 14 11 18 10 13 28 16 20 19 17 23 21 24 29 25 38 33 32 34 40 48 31 36 42 46 
16 20 19 17 23 21 24 29 25 38 33 32 34 40 48 49 
12 2 8 37 31 38 39 
48 31 36 42 46 44 45 0 4 7 1 26 6 3 12 2 8 37 9 22 5 15 14 
34 40 48 31 36 42 46 44 45 0 
3 12 2 8 37 
40 34 37 31 38 39 43 45 42 46 47 48 49 17 22 25 
39 43 45 4 7 1 26 6 3 
26 44 28 29 35 
13 28 16 20 19 17 
25 38 33 32 34 40 48 31 36 42 46 44 45 0 4 7 1 26 6 3 12 2 8 37 9 22 5 15 14 11 18 10 13 
47 48 49 17 22 25 29 35 
37 31 38 39 43 45 42 46 47 48 49 17 22 25 
3 12 2 8 37 9 22 5 15 14 11 18 10 13 28 16 20 19 17 23 21 24 29 25 38 33 32 34 40 48 31 36 42 46 
