11
12 14 
15 12 
10 12 2 
2 3 9 
14 3 16 
17 0 19 
11 15 5 
15 13 
18 0 4 17 
4 17 
2 0 15 
22
11 15 2 5 6 7 8 19 13 14 10 12 16 18 1 4 3 
17 0 5 3 10 8 19 13 14 
0 5 3 10 8 1 6 
2 4 7 9 
17 0 5 3 10 8 1 6 2 
6 7 8 19 13 14 
18 1 4 3 9 
18 1 4 3 9 11 15 2 
6 7 
17 0 5 3 10 8 1 6 2 4 7 9 12 13 
5 6 7 8 19 13 
10 8 1 6 
17 0 5 3 10 
8 1 6 2 4 7 9 
14 10 12 16 18 1 4 3 9 11 15 2 
8 19 13 14 10 12 16 18 
12 13 17 0 5 3 10 
6 7 8 19 13 14 
16 18 1 4 3 9 11 15 2 5 6 7 8 19 
10 8 1 6 2 4 7 9 12 13 
15 2 5 6 7 8 19 13 14 10 12 16 18 1 4 3 9 11 
10 8 1 6 2 4 7 9 
