1 0 2 45 13 1 2
1 1 1 22 16 2
1 2 2 33 12 2 6
1 3 2 35 1 2 6
1 4 2 33 19 5 1
1 5 1 12 2 6
1 6 1 15 1 17
1 7 2 43 15 4 8
2 0 1 21 18 6
2 1 1 12 2 6
2 2 1 19 6 7
2 3 1 21 4 16
2 4 1 17 5 4
2 5 1 23 12 18
2 6 1 14 14 7
2 7 1 19 15 2
2 8 2 39 19 5 7
2 9 2 42 12 1 3
2 10 1 21 14 4
2 11 1 18 7 2
2 12 1 12 10 19
2 13 1 21 4 16
2 14 1 20 14 2
2 15 1 20 14 3
2 16 2 42 11 1 9
2 17 1 23 12 1
2 18 1 22 6 8
2 19 1 20 10 17
2 20 2 33 19 5 9
2 21 2 37 12 1 13
2 22 2 43 12 16 8
2 23 2 38 10 2 1
2 24 2 42 12 1 3
2 25 2 44 10 2 14
2 26 1 17 5 1
2 27 1 18 16 9
2 28 1 13 7 12
2 29 2 46 16 2 19
2 30 2 35 3 17 0
2 31 1 23 5 10
