10
8 1 24 2 20 3 22 4 18 6 18 7 13 8 16 9 20
8 0 15 2 16 3 24 4 21 5 19 7 19 8 24 9 22
6 0 13 1 15 3 20 4 23 7 22 8 16
4 0 12 1 17 4 24 6 15
8 0 18 1 14 2 22 3 22 5 12 6 24 7 16 9 23
5 2 16 4 19 6 12 8 23 9 13
5 0 21 1 18 3 20 5 13 9 22
4 1 13 2 15 4 22 6 19
5 0 17 2 21 4 23 6 21 7 17
4 1 16 4 24 5 14 7 19
10
1 4 0.002
5 2 0.0024000000000000002
0 5 0.002
6 4 0.0022
3 7 0.0024000000000000002
6 3 0.0023
4 6 0.0016
1 4 0.0022
0 6 0.0018000000000000002
6 7 0.0022
10
2 9 0.0013000000000000002 0.11143620164847666
1 9 0.0019 0.12282850934437599
2 6 0.0012000000000000001 0.11396098498141814
6 4 0.0024000000000000002 0.14129822979351256
3 1 0.0019 0.11054775378689947
8 1 0.002 0.14052365374659548
2 3 0.0017000000000000001 0.14027288451643183
0 9 0.0012000000000000001 0.12779993133783446
5 9 0.0013000000000000002 0.13931487366342152
6 3 0.0014 0.10820913024927288
