10
5 1 21 2 16 7 20 8 20 9 21
6 0 24 2 13 3 22 4 22 6 18 9 22
8 0 17 3 20 4 20 5 22 6 18 7 23 8 17 9 14
4 1 20 2 15 7 12 9 16
5 2 24 3 13 6 17 7 23 8 12
8 0 15 1 21 2 23 3 20 4 24 6 19 7 22 8 17
3 4 21 5 17 8 19
1 1 24
3 2 22 3 14 9 14
8 0 20 1 15 2 23 4 18 5 13 6 20 7 12 8 15
10
0 9 0.0012000000000000001
8 3 0.0018000000000000002
0 3 0.0022
9 0 0.0021000000000000003
0 4 0.0022
9 6 0.0012000000000000001
2 8 0.0015
1 4 0.0013000000000000002
6 7 0.0014
8 9 0.0013000000000000002
10
1 7 0.0016 0.13625773449754958
9 4 0.0017000000000000001 0.13053591118494817
1 5 0.0013000000000000002 0.12234594894907865
0 4 0.0012000000000000001 0.11466933202493144
1 6 0.002 0.14015843128342093
8 7 0.0014 0.11313317797619327
3 6 0.0024000000000000002 0.1440196419178475
9 6 0.0024000000000000002 0.14730180332228304
6 9 0.002 0.10856892079073495
6 3 0.0016 0.14332414838200638
