10
7 1 24 4 18 5 23 6 22 7 18 8 18 9 14
2 5 19 9 17
2 4 21 6 19
3 0 18 6 20 9 18
3 1 18 6 23 8 22
7 0 24 1 20 2 17 3 15 4 24 7 13 9 21
4 0 13 4 12 5 21 8 13
3 2 14 6 17 9 12
6 0 13 1 16 3 12 4 14 5 22 7 13
2 3 21 6 12
10
3 9 0.0016
5 9 0.0019
0 3 0.0013000000000000002
9 7 0.0024000000000000002
2 8 0.0012000000000000001
6 2 0.0014
9 4 0.0023
1 9 0.0022
4 9 0.0014
0 1 0.0022
10
7 3 0.0013000000000000002 0.12176528817614163
1 6 0.0023 0.1177600620963856
7 0 0.0015 0.10305862804856403
6 9 0.0015 0.136653203023881
8 4 0.0018000000000000002 0.10027169998674268
8 0 0.0014 0.11271053375485175
4 8 0.0013000000000000002 0.14133481484275784
0 1 0.0015 0.10275214774798928
4 6 0.0012000000000000001 0.1071460865745354
5 3 0.0017000000000000001 0.14029432667638653
