10
7 1 14 2 24 3 16 4 17 5 14 6 16 9 13
1 5 17
3 1 24 7 15 8 14
6 0 19 2 24 5 12 6 13 7 19 8 21
5 3 23 5 24 6 19 8 13 9 17
6 1 21 2 13 3 12 4 24 8 13 9 17
6 0 21 1 18 3 18 7 21 8 23 9 18
6 1 23 2 13 3 12 5 13 6 22 9 20
6 2 18 3 22 4 19 6 17 7 13 9 24
8 0 23 1 19 2 22 3 12 5 21 6 21 7 20 8 20
10
4 3 0.002
0 5 0.002
4 9 0.0014
5 6 0.0018000000000000002
6 5 0.0021000000000000003
8 5 0.0017000000000000001
3 0 0.0018000000000000002
1 8 0.0024000000000000002
1 3 0.0017000000000000001
3 6 0.0014
10
7 3 0.0018000000000000002 0.1435021359559642
5 7 0.0014 0.10271372186458395
1 9 0.002 0.11203232183945226
8 7 0.0014 0.11060438518891309
8 2 0.0024000000000000002 0.13777201931040975
2 1 0.0023 0.11809893308373617
1 7 0.0023 0.10805142892055429
5 7 0.0012000000000000001 0.11613840315235978
3 1 0.0021000000000000003 0.1122164165258515
9 1 0.0022 0.1133947377390682
