10
2 2 17 6 16
2 2 20 4 18
3 3 19 7 23 8 16
2 2 20 7 12
6 0 24 1 19 2 15 3 16 5 15 7 24
1 1 23
8 0 17 1 13 2 12 4 19 5 20 7 12 8 17 9 21
5 0 12 1 21 5 18 8 14 9 14
3 4 16 6 20 9 14
7 0 22 1 22 2 23 4 15 5 21 6 17 7 14
10
0 1 0.0018000000000000002
4 0 0.0023
6 4 0.0018000000000000002
8 4 0.0017000000000000001
5 1 0.0022
1 9 0.0024000000000000002
7 9 0.0015
6 3 0.0021000000000000003
7 0 0.002
6 0 0.0024000000000000002
10
2 4 0.0023 0.1483965170728323
0 4 0.0012000000000000001 0.13725109924619577
4 5 0.0023 0.13124679487616622
4 3 0.0024000000000000002 0.1443364948815832
0 9 0.0013000000000000002 0.11699618899992492
7 8 0.0015 0.11714693585458005
4 2 0.0023 0.11721225307459157
1 4 0.0012000000000000001 0.14770324922818295
0 1 0.0022 0.1337058818684284
5 2 0.0023 0.14398712466080524
