10
7 1 15 3 14 4 23 6 15 7 17 8 23 9 19
2 0 12 5 18
7 0 15 3 24 4 24 6 24 7 21 8 23 9 14
2 0 18 6 22
4 0 24 1 21 2 17 8 19
3 0 18 4 14 9 22
6 1 16 2 17 3 23 5 24 8 17 9 17
5 1 24 2 18 4 19 5 14 6 17
6 1 19 2 19 3 12 5 17 7 15 9 22
8 0 15 1 17 2 22 3 15 4 22 5 13 7 15 8 22
10
3 6 0.0015
3 2 0.0012000000000000001
0 5 0.0018000000000000002
7 5 0.002
1 5 0.0016
2 9 0.0016
4 1 0.0022
9 8 0.0018000000000000002
3 8 0.0012000000000000001
0 9 0.0021000000000000003
10
9 7 0.0024000000000000002 0.14280484559211032
2 0 0.0013000000000000002 0.12899236131614492
8 9 0.0016 0.12754937111856668
9 5 0.0012000000000000001 0.11900830024360962
2 5 0.0015 0.10734253594920579
8 9 0.0012000000000000001 0.10744240709944775
9 3 0.0016 0.11995012098177638
4 8 0.0021000000000000003 0.11655243990653982
2 0 0.0016 0.11441715927315033
0 6 0.002 0.14238483912126723
