10
4 1 15 3 16 8 17 9 20
4 2 12 3 13 4 22 5 17
3 0 15 4 23 8 12
1 0 12
6 0 23 1 17 5 20 6 23 7 13 9 17
7 0 19 2 14 4 19 6 12 7 18 8 18 9 21
8 0 22 1 20 3 21 4 24 5 20 7 19 8 21 9 12
8 0 14 1 20 2 14 3 14 4 14 6 17 8 17 9 16
6 1 15 2 18 3 20 4 15 7 22 9 23
4 0 16 2 21 5 24 8 15
10
6 7 0.0021000000000000003
3 7 0.0015
7 3 0.0014
0 8 0.0023
0 3 0.0021000000000000003
6 8 0.002
3 0 0.0024000000000000002
1 6 0.0013000000000000002
4 8 0.0013000000000000002
1 5 0.0019
10
5 1 0.0017000000000000001 0.10427930306872009
3 0 0.002 0.10262504701758711
9 3 0.0019 0.13101755473830476
8 6 0.0018000000000000002 0.10483443043110091
0 8 0.0012000000000000001 0.10448345478603946
2 9 0.002 0.1254819418255024
3 0 0.0022 0.10167497093467218
5 0 0.0012000000000000001 0.12159703486041393
4 8 0.0017000000000000001 0.10446153376129302
5 6 0.0017000000000000001 0.1005696316796497
