10
8 1 24 2 20 3 22 4 13 5 16 6 21 8 19 9 18
2 4 14 7 22
2 0 24 1 17
1 7 21
2 5 23 9 24
1 1 21
1 4 14
3 5 21 6 18 8 23
5 1 19 3 24 4 23 6 21 7 20
2 0 24 8 16
10
8 4 0.0017000000000000001
4 3 0.0019
1 0 0.0023
8 2 0.0015
5 6 0.0022
5 9 0.0024000000000000002
6 1 0.0024000000000000002
5 9 0.0021000000000000003
5 7 0.0014
1 9 0.0014
10
5 2 0.0021000000000000003 0.10647131658699557
5 0 0.0016 0.14290527042299012
3 9 0.0022 0.11340772007826312
8 7 0.0012000000000000001 0.11210711375354304
0 1 0.0016 0.1311679594061617
6 8 0.0015 0.11925788126862844
0 9 0.0024000000000000002 0.10614547466035883
5 6 0.0013000000000000002 0.10626517216402585
6 4 0.0018000000000000002 0.14746790470502502
4 9 0.0018000000000000002 0.11950650737527864
