10
6 1 13 3 16 4 23 6 16 7 17 9 16
7 0 22 3 17 5 20 6 15 7 23 8 15 9 20
3 0 13 6 16 7 16
4 0 24 5 16 6 23 9 12
1 6 22
1 8 17
2 8 18 9 18
8 0 12 1 14 2 21 4 16 5 21 6 16 8 12 9 14
4 0 19 1 15 5 23 6 23
1 7 18
10
4 8 0.0013000000000000002
5 6 0.0018000000000000002
0 6 0.0021000000000000003
4 1 0.0023
6 0 0.0014
7 2 0.0014
5 2 0.0024000000000000002
6 8 0.0017000000000000001
3 4 0.0016
6 7 0.0014
10
6 2 0.0017000000000000001 0.10631568868498201
4 6 0.0017000000000000001 0.14303864844603256
8 4 0.0017000000000000001 0.12192589353249325
1 5 0.0018000000000000002 0.12322233645929785
6 0 0.0022 0.10840883047025754
7 2 0.0014 0.10776867649543148
9 4 0.0017000000000000001 0.12175417390566731
3 2 0.0012000000000000001 0.10308842043975924
4 3 0.002 0.11561018277084986
7 8 0.0019 0.13364835375608064
