10
3 2 18 5 20 9 17
1 3 13
8 0 15 1 22 3 17 4 20 6 24 7 22 8 15 9 20
7 0 19 1 20 2 14 5 22 6 12 8 16 9 21
8 0 14 1 24 3 16 5 19 6 18 7 23 8 23 9 14
7 0 12 2 13 4 12 6 16 7 14 8 14 9 24
1 3 20
2 2 24 9 16
7 0 13 1 21 2 17 3 13 6 22 7 24 9 17
6 0 12 1 21 3 14 4 12 7 14 8 22
10
5 7 0.0015
9 5 0.0017000000000000001
9 6 0.0012000000000000001
3 2 0.0018000000000000002
1 5 0.0016
8 2 0.002
8 7 0.002
9 4 0.0022
8 2 0.0017000000000000001
6 4 0.0019
10
9 8 0.002 0.11590132294480787
8 7 0.0015 0.10840103465248421
9 8 0.0015 0.10590308635327089
2 8 0.0022 0.1287346901912806
3 2 0.0022 0.10712646876907156
3 4 0.0019 0.13330090140692488
8 0 0.0024000000000000002 0.13406934096481726
8 6 0.0021000000000000003 0.11048812235128032
3 6 0.0019 0.12483327267391843
7 6 0.002 0.10531798415482369
