10
8 1 22 3 19 4 20 5 14 6 22 7 13 8 21 9 20
8 0 22 3 23 4 21 5 17 6 19 7 15 8 18 9 19
4 3 20 5 13 7 15 9 15
5 0 24 5 17 6 12 7 23 9 14
2 0 18 1 12
2 4 14 9 20
3 0 18 1 21 2 16
5 2 13 3 18 5 19 8 14 9 20
6 0 13 4 14 5 19 6 24 7 19 9 21
4 1 14 4 12 6 12 7 18
10
0 5 0.0015
1 5 0.0017000000000000001
3 9 0.0016
3 4 0.0015
7 8 0.0016
0 8 0.0015
5 0 0.0017000000000000001
6 9 0.0017000000000000001
9 1 0.0021000000000000003
3 9 0.0016
10
2 3 0.0013000000000000002 0.11366959615959639
9 4 0.0015 0.11501262112496467
1 6 0.0022 0.12779953469865868
9 3 0.0014 0.10211214664352944
1 0 0.0013000000000000002 0.12751059183774183
6 3 0.0023 0.12923687301775075
0 9 0.0016 0.13612171499523684
3 5 0.0015 0.11532879735704188
5 4 0.0024000000000000002 0.14822856823647165
1 5 0.0016 0.12734685233223042
