10
2 1 17 5 18
5 2 20 3 15 5 17 7 18 8 21
2 1 12 5 22
3 2 12 4 16 5 22
4 1 18 2 13 7 14 9 22
2 3 22 8 19
8 0 13 1 24 2 16 3 23 5 18 7 13 8 22 9 15
8 0 23 1 15 2 21 3 23 5 23 6 23 8 14 9 13
2 1 22 6 13
4 1 21 2 21 3 21 8 20
10
3 6 0.0022
3 6 0.0018000000000000002
7 0 0.0024000000000000002
1 3 0.0024000000000000002
9 1 0.0021000000000000003
4 1 0.0012000000000000001
0 5 0.0019
1 7 0.0022
1 5 0.0013000000000000002
0 7 0.0023
10
7 4 0.0012000000000000001 0.12686153451262172
0 4 0.0015 0.1133331483090291
4 6 0.0024000000000000002 0.13956997086511053
2 5 0.0018000000000000002 0.13108891106629655
2 0 0.0017000000000000001 0.1369592200602314
6 0 0.0024000000000000002 0.14467162417674584
3 6 0.0021000000000000003 0.14756945853240905
1 0 0.0013000000000000002 0.10108443998206634
5 8 0.0019 0.13570529118611827
8 2 0.0012000000000000001 0.11387506524913026
