10
1 1 21
6 3 14 5 22 6 14 7 13 8 14 9 20
3 1 14 8 24 9 12
4 1 19 4 16 5 20 7 17
4 1 16 2 12 3 22 7 15
6 0 13 3 24 6 16 7 24 8 23 9 24
8 0 21 1 14 2 17 4 23 5 21 7 17 8 22 9 17
4 0 15 2 22 3 24 6 23
3 1 14 2 16 4 24
4 3 20 4 17 5 15 6 22
10
5 1 0.0013000000000000002
8 3 0.0024000000000000002
0 8 0.0024000000000000002
9 2 0.0019
3 4 0.0022
6 2 0.0018000000000000002
4 7 0.0012000000000000001
4 6 0.0018000000000000002
6 1 0.0022
7 4 0.0016
10
9 5 0.0012000000000000001 0.12633522247410947
5 2 0.0022 0.13702063571753242
2 4 0.0016 0.12258997027673184
2 1 0.002 0.12396449670164783
3 6 0.0018000000000000002 0.1318332836545216
8 4 0.0019 0.12595718567979172
2 8 0.0016 0.12408486297358053
4 7 0.002 0.14112399293474964
8 3 0.0022 0.109934781885204
3 4 0.0014 0.1458787436227371
