15
1 6 20
6 0 19 2 22 8 22 11 15 13 23 14 23
13 0 24 1 23 3 23 4 23 5 16 7 13 8 22 9 12 10 12 11 15 12 23 13 22 14 18
4 0 13 6 13 7 13 12 20
4 0 14 2 14 3 14 6 23
9 0 23 1 12 2 18 4 22 7 13 8 22 10 13 12 17 13 21
7 2 20 3 13 5 18 8 21 10 24 13 13 14 18
2 0 22 10 14
9 0 12 2 12 3 15 4 17 5 24 6 12 7 16 10 16 14 23
11 0 16 1 21 2 15 3 15 6 21 7 22 8 17 10 14 12 12 13 16 14 14
7 0 22 1 12 4 21 5 24 6 13 7 15 12 13
6 1 24 5 13 6 14 9 20 10 21 14 13
8 0 12 2 23 4 24 5 20 7 19 9 20 10 24 14 18
4 0 13 4 20 7 14 11 13
8 0 14 1 19 3 21 6 13 8 12 9 14 12 13 13 16
4
4 2 0.0024000000000000002
2 13 0.0014
0 1 0.0021000000000000003
8 13 0.0012000000000000001
16
12 14 0.0022 0.11064254270718198
1 7 0.0018000000000000002 0.1361391716030847
9 5 0.0013000000000000002 0.1337354062420491
13 2 0.0023 0.11709021005744837
9 14 0.0021000000000000003 0.1047365205942807
12 2 0.0019 0.14420343195638818
13 6 0.0013000000000000002 0.10135867562864806
3 12 0.0012000000000000001 0.10931441270968803
9 7 0.0016 0.1301293453235962
2 11 0.0021000000000000003 0.12002175382934127
8 13 0.0019 0.12040964631765216
7 6 0.0023 0.12485838165357055
6 8 0.0016 0.12503657665452078
6 4 0.0017000000000000001 0.1320291635950191
13 5 0.0012000000000000001 0.11810080478193698
5 8 0.0021000000000000003 0.14206615861786692
