15
9 1 15 2 15 3 19 4 14 6 17 7 13 8 22 11 21 13 18
10 0 18 2 14 3 20 5 12 7 14 8 21 9 15 10 12 11 15 12 20
8 0 23 4 14 5 22 7 14 9 21 10 23 11 24 12 15
10 0 22 1 14 4 21 5 18 6 22 8 17 10 17 12 21 13 18 14 16
6 1 15 3 13 10 18 11 17 13 14 14 21
6 0 14 1 24 7 13 12 18 13 15 14 20
6 3 13 5 13 7 23 11 18 12 24 14 16
13 0 15 1 12 2 17 3 19 4 22 5 14 6 24 9 22 10 21 11 22 12 16 13 24 14 24
12 1 17 2 20 3 22 4 13 6 19 7 12 9 21 10 16 11 23 12 16 13 24 14 18
1 2 15
13 0 16 1 23 2 21 4 20 5 16 6 18 7 16 8 15 9 20 11 12 12 24 13 14 14 12
5 0 18 1 22 3 22 5 24 7 23
7 0 20 1 15 2 15 6 19 7 19 13 24 14 17
6 0 17 1 24 6 19 10 13 11 22 14 12
7 1 23 3 20 5 12 8 23 9 16 10 12 13 17
4
1 11 0.0015
13 7 0.0016
2 3 0.0021000000000000003
9 5 0.0014
16
12 7 0.0021000000000000003 0.11534564995069066
14 13 0.0015 0.10321011249474042
9 12 0.0021000000000000003 0.1359194404055848
3 2 0.0023 0.11227642540103795
1 2 0.0019 0.1376497763514254
13 12 0.0016 0.10556341018605603
9 14 0.0012000000000000001 0.13167708984332754
11 12 0.0015 0.1384276366025274
3 8 0.0015 0.12451228290154752
4 3 0.0013000000000000002 0.12488479467051529
6 4 0.0021000000000000003 0.10618800264015649
10 0 0.002 0.13555040895081522
1 9 0.0022 0.11390035941047363
14 2 0.0023 0.13509232035611596
12 8 0.0016 0.149795360581923
3 9 0.0019 0.10094155195058332
