15
4 2 12 3 15 7 12 9 24
4 3 15 4 23 5 13 10 17
6 4 14 5 17 6 22 8 16 9 16 14 15
9 2 18 4 21 5 19 6 18 7 24 9 12 10 18 11 14 12 14
6 3 18 5 21 7 15 8 16 11 19 13 18
3 4 17 6 22 8 16
9 1 17 3 21 4 13 7 24 10 19 11 14 12 20 13 19 14 24
2 2 12 5 17
9 1 20 2 17 3 20 6 13 9 12 11 15 12 17 13 17 14 15
6 0 15 2 14 3 14 6 18 7 19 12 19
3 7 24 8 18 9 14
10 1 22 2 13 3 19 4 19 5 14 6 15 8 18 12 20 13 20 14 12
7 1 16 2 22 4 24 5 22 7 22 9 12 10 23
2 0 20 11 23
6 0 14 2 14 5 12 7 18 10 20 12 21
4
2 14 0.0013000000000000002
6 0 0.0021000000000000003
14 0 0.0013000000000000002
2 1 0.0017000000000000001
16
8 11 0.0017000000000000001 0.10909146785109433
4 8 0.0014 0.11968284891014246
14 12 0.0017000000000000001 0.10495061871572897
14 1 0.0012000000000000001 0.13235719607738172
1 11 0.0017000000000000001 0.12278860056871294
3 13 0.0022 0.13106507384036364
7 14 0.0024000000000000002 0.10390142979865191
13 3 0.0013000000000000002 0.13216098325078587
3 4 0.0017000000000000001 0.10259644065909106
5 9 0.0016 0.13358462595339715
3 0 0.0019 0.11499989090385909
2 11 0.0016 0.12472377020694278
14 8 0.0024000000000000002 0.10136710316341144
2 0 0.002 0.1325904661995248
3 10 0.002 0.1358848233048696
2 7 0.0022 0.13571793928474327
