15
1 8 12
1 4 15
7 0 18 3 17 7 20 8 20 9 22 13 24 14 23
12 0 23 1 13 4 12 5 17 6 14 7 13 9 12 10 12 11 22 12 14 13 22 14 13
11 0 17 1 12 3 13 5 16 6 22 7 15 8 13 9 23 10 15 12 20 13 16
6 0 16 2 20 4 20 9 17 13 12 14 24
2 9 19 14 22
9 1 13 2 13 6 17 9 13 10 14 11 19 12 23 13 22 14 12
2 4 17 14 24
9 0 16 1 20 2 24 6 12 7 23 10 17 12 23 13 23 14 21
12 0 20 1 24 2 12 3 13 5 14 6 13 7 12 8 13 9 14 12 21 13 13 14 24
4 3 12 5 23 8 13 12 12
3 2 22 9 17 13 23
2 2 20 5 20
10 1 21 4 18 5 16 6 24 7 23 9 21 10 17 11 19 12 21 13 24
4
4 14 0.0021000000000000003
8 14 0.0022
6 13 0.0015
12 2 0.0022
16
6 14 0.0018000000000000002 0.12020846625281473
4 7 0.0013000000000000002 0.14735362589925424
11 7 0.0015 0.14891050352135163
5 11 0.0014 0.1439204745992026
1 11 0.0016 0.1185785536889428
4 5 0.0024000000000000002 0.10533331007353125
10 0 0.0018000000000000002 0.1230875148961999
5 0 0.0012000000000000001 0.1397312395573375
1 11 0.0013000000000000002 0.13443933695149432
4 9 0.0021000000000000003 0.10504259665104448
8 2 0.0013000000000000002 0.1404800909596521
13 8 0.0021000000000000003 0.1442408027367854
12 10 0.002 0.132975292093809
1 9 0.0018000000000000002 0.10183925511107168
2 10 0.0021000000000000003 0.10502842640395518
12 7 0.0017000000000000001 0.13032104514445966
