15
3 2 12 6 18 11 12
1 10 24
12 0 20 1 12 3 24 4 18 5 18 6 19 8 22 9 21 10 16 11 17 12 22 13 13
9 1 20 5 16 6 24 7 12 8 18 9 24 10 17 11 16 13 15
10 0 14 1 24 3 23 5 16 6 13 7 24 10 14 11 18 13 23 14 14
8 2 13 4 15 6 22 8 19 10 15 11 17 13 16 14 24
8 0 19 3 14 5 23 8 21 9 12 10 15 11 13 13 22
4 2 14 3 24 8 18 14 12
8 1 20 3 13 5 24 6 14 7 22 10 12 11 19 13 23
12 0 13 1 19 3 14 4 16 5 16 7 14 8 20 10 12 11 19 12 13 13 17 14 18
6 1 15 4 15 6 12 9 17 11 19 13 21
12 0 23 1 19 2 22 3 18 4 17 6 15 7 15 8 17 9 17 12 24 13 13 14 12
12 0 16 1 17 2 12 3 24 4 22 5 24 6 19 7 21 9 22 11 13 13 12 14 22
1 12 24
12 0 14 1 18 2 22 3 12 4 17 6 22 7 20 9 24 10 16 11 18 12 14 13 17
4
12 7 0.0012000000000000001
6 4 0.0021000000000000003
8 2 0.0017000000000000001
10 5 0.0013000000000000002
16
6 14 0.0023 0.11145699908915743
9 3 0.0014 0.12899075616464678
11 8 0.0022 0.13973620380910673
5 12 0.0023 0.11644352267730565
14 6 0.0015 0.10471085775738567
5 0 0.002 0.12248005074243337
12 14 0.002 0.14992876249880546
0 12 0.0024000000000000002 0.13024026088290064
2 10 0.0022 0.12186368591614859
6 13 0.002 0.12778924834646566
14 0 0.0015 0.10686180074261685
4 11 0.0021000000000000003 0.10935507500199818
0 13 0.0012000000000000001 0.11895942324062056
7 3 0.0021000000000000003 0.10520276226548705
13 1 0.0014 0.10662813865724843
11 9 0.0016 0.10335500764962507
