15
5 5 18 7 17 10 20 11 22 12 23
1 7 16
8 0 20 1 13 3 14 4 20 6 13 7 22 11 23 14 16
7 4 12 7 19 8 23 9 23 10 21 12 23 14 24
9 0 24 3 20 5 17 7 18 8 24 9 22 10 17 11 14 13 17
3 0 17 2 15 10 20
9 0 21 1 23 3 22 4 17 8 14 9 12 10 24 11 13 14 14
13 0 14 1 14 2 20 3 14 4 19 5 17 6 17 8 24 9 21 10 22 11 20 12 12 13 21
10 0 12 1 18 3 15 4 12 6 14 7 17 9 22 10 12 13 21 14 24
5 0 17 3 23 8 21 12 20 14 14
13 0 12 1 17 2 18 3 12 4 20 5 24 6 16 7 19 8 16 9 13 11 23 12 18 13 22
1 5 17
13 0 12 1 18 2 16 4 24 5 24 6 23 7 22 8 15 9 24 10 24 11 24 13 19 14 19
1 12 16
8 2 19 3 20 4 23 5 23 6 18 7 22 8 17 13 22
4
11 10 0.0012000000000000001
14 3 0.0012000000000000001
7 1 0.0019
5 13 0.0017000000000000001
16
9 6 0.0012000000000000001 0.12161885490642638
14 9 0.0017000000000000001 0.10567422757842934
5 0 0.0023 0.1257875207034542
11 9 0.0018000000000000002 0.14825588503461357
1 7 0.0022 0.12499680830149067
13 3 0.0023 0.10155409128577483
14 1 0.002 0.12340027429918027
5 6 0.0014 0.1385977380642624
6 10 0.0015 0.1261621678087196
1 10 0.0023 0.13889122090039585
7 11 0.0023 0.13068905892945787
5 2 0.0022 0.11396549131798066
2 8 0.0013000000000000002 0.12050295795419808
10 5 0.0016 0.14222229216362814
10 12 0.0015 0.14878023876053634
14 8 0.0019 0.10376070520858593
