15
10 1 20 2 23 3 13 4 21 6 14 8 19 9 23 12 22 13 16 14 19
2 7 14 12 22
4 4 22 6 14 8 16 14 16
13 0 20 1 24 2 15 4 15 5 15 6 22 7 18 9 13 10 13 11 17 12 18 13 16 14 22
11 1 14 3 18 5 12 6 14 7 21 8 12 9 19 10 17 11 12 12 13 13 24
13 0 14 1 16 2 20 3 13 4 23 6 18 7 12 8 22 9 21 10 24 11 15 13 24 14 16
13 0 23 1 17 2 20 3 15 4 18 5 18 7 23 8 20 9 13 10 24 12 16 13 16 14 18
8 0 17 3 15 5 14 6 18 8 14 9 13 11 17 14 15
6 3 24 5 13 7 17 9 22 12 15 13 13
6 0 14 2 13 3 12 6 17 10 13 12 23
7 2 13 3 12 5 18 6 16 7 23 11 13 13 17
12 0 23 1 24 2 12 3 19 5 21 6 23 7 16 8 20 9 19 10 24 13 18 14 20
2 0 23 4 13
5 1 22 6 14 8 16 11 19 12 13
8 2 12 4 24 6 20 7 21 8 18 9 21 12 17 13 23
4
10 12 0.0012000000000000001
3 14 0.0017000000000000001
8 13 0.0021000000000000003
7 8 0.0022
16
2 4 0.0012000000000000001 0.10435452381273512
10 1 0.0023 0.12169906309749175
4 12 0.0017000000000000001 0.1359102213998711
2 10 0.0021000000000000003 0.1338402654325582
2 8 0.0014 0.10076250587929743
0 8 0.0013000000000000002 0.1371929904796089
9 7 0.0023 0.13536413605168718
3 7 0.0015 0.11383110365354095
1 2 0.0013000000000000002 0.10317386864332459
0 3 0.0017000000000000001 0.12123317004332956
4 7 0.0019 0.1308976860133333
4 5 0.0021000000000000003 0.10109129191207081
7 8 0.0017000000000000001 0.14467428427703372
1 14 0.0013000000000000002 0.11432126177198258
11 8 0.0022 0.11088040614039192
7 3 0.0015 0.1439954592272042
