15
11 3 22 4 16 5 22 6 21 7 23 8 19 9 14 11 21 12 16 13 18 14 16
8 2 21 3 17 5 12 9 20 10 17 11 20 13 18 14 20
10 0 21 3 23 4 20 5 13 6 20 7 21 8 18 10 23 11 17 14 23
13 0 20 1 16 2 21 4 13 5 23 7 17 8 22 9 20 10 14 11 16 12 18 13 16 14 23
7 1 20 2 18 5 20 6 24 10 17 12 18 13 23
3 4 12 8 12 10 24
9 0 24 1 14 2 13 3 18 4 21 8 20 11 12 12 14 14 17
5 4 24 5 12 8 20 12 12 14 13
5 2 19 3 14 7 12 11 24 12 24
5 2 19 5 21 10 18 11 14 13 21
2 3 24 6 13
6 1 23 3 12 5 13 6 13 9 19 14 18
12 0 22 1 24 2 19 4 14 5 23 6 17 7 24 8 14 9 20 10 15 11 22 13 19
3 1 14 4 19 9 22
7 1 21 2 24 4 17 5 20 6 12 10 17 13 19
4
1 14 0.0018000000000000002
3 5 0.0023
12 5 0.0024000000000000002
7 13 0.0024000000000000002
16
5 0 0.0014 0.1251062073605931
7 6 0.0017000000000000001 0.1389469329895338
1 8 0.0019 0.13129591633326673
4 7 0.0017000000000000001 0.11724023296224956
8 1 0.002 0.11454994360083091
8 9 0.0015 0.12090578344183243
8 5 0.0018000000000000002 0.11769960215380765
14 1 0.0024000000000000002 0.13576670195136908
3 11 0.0016 0.11046744878684307
1 11 0.0016 0.14136171994166058
14 9 0.0012000000000000001 0.13207500660039007
7 14 0.0017000000000000001 0.1397763720387316
11 2 0.0022 0.11159605570405068
12 10 0.0023 0.14786132621561077
4 14 0.0015 0.14916864382041406
0 4 0.0012000000000000001 0.14437290816482987
