15
12 1 16 2 13 4 13 5 17 6 14 7 19 8 21 9 15 10 15 11 16 12 21 14 16
13 0 24 2 22 3 19 4 12 5 16 6 13 7 17 8 19 9 17 10 22 11 13 12 18 13 18
2 7 23 9 22
7 0 14 2 19 4 14 5 14 9 20 10 23 13 14
3 0 21 10 21 11 21
12 0 20 1 19 2 19 4 17 6 23 7 23 8 16 9 19 11 23 12 16 13 20 14 13
6 1 14 2 18 7 19 8 19 10 22 13 15
4 0 22 3 17 11 13 12 14
8 0 13 3 24 5 19 7 24 10 13 11 21 12 16 14 24
5 3 17 4 17 6 12 10 17 11 16
3 2 22 12 17 14 21
8 0 17 2 14 4 22 5 12 6 21 7 12 8 23 14 23
5 2 23 6 23 11 17 13 23 14 15
8 0 15 2 20 3 19 4 12 5 22 7 24 8 23 12 17
11 0 13 2 23 3 14 4 14 5 12 6 12 8 12 9 21 10 16 11 18 12 22
4
13 2 0.0014
7 5 0.0024000000000000002
0 6 0.0016
0 2 0.0021000000000000003
16
10 9 0.0014 0.12961318054290766
14 8 0.0023 0.11479982119300024
9 7 0.0018000000000000002 0.14015473097494052
0 3 0.0023 0.11349920013568458
5 0 0.0017000000000000001 0.13933737457737408
4 13 0.0021000000000000003 0.11188467098201199
11 8 0.0014 0.10312455533045728
1 13 0.0013000000000000002 0.14276732076117543
6 3 0.0023 0.13271259949563727
2 9 0.0019 0.13428162441314773
12 4 0.0023 0.12707901320230952
13 10 0.0014 0.10155648215682564
2 8 0.0018000000000000002 0.12865783552542878
10 6 0.0022 0.10832659190030675
10 13 0.0014 0.1411604238486223
1 6 0.0022 0.12978469724020952
