15
9 2 21 3 21 4 23 5 14 6 15 7 22 9 14 10 19 11 24
10 0 19 2 12 6 15 7 22 9 13 10 15 11 18 12 21 13 16 14 18
11 0 20 1 17 3 16 4 13 5 22 6 17 7 12 8 17 10 18 11 24 12 22
10 1 19 4 13 5 17 6 19 7 19 8 18 9 24 10 13 11 14 14 15
2 6 14 7 19
3 6 21 7 19 11 21
10 0 20 1 16 5 18 8 22 9 23 10 19 11 13 12 14 13 18 14 19
5 2 23 8 15 9 13 10 20 14 16
7 1 22 4 21 6 13 7 23 10 22 11 17 13 15
1 14 16
12 0 18 3 23 4 22 5 12 6 23 7 12 8 15 9 12 11 23 12 17 13 16 14 21
11 0 23 1 12 2 15 4 14 5 16 6 24 8 23 9 22 10 23 12 13 13 14
9 0 17 1 17 2 19 3 12 4 18 5 22 7 13 10 17 13 14
8 0 17 1 24 2 14 5 24 6 23 9 13 11 12 14 20
7 3 23 4 19 7 12 9 13 10 24 12 24 13 14
4
8 9 0.002
6 4 0.0019
2 5 0.002
10 5 0.0022
16
12 3 0.0023 0.11159573084347484
9 11 0.0018000000000000002 0.12200452799155963
11 1 0.0018000000000000002 0.1443227338219905
11 13 0.0013000000000000002 0.10073093653858117
0 7 0.0013000000000000002 0.13227278928047112
1 2 0.002 0.1296062942323841
6 9 0.0012000000000000001 0.13737692101272586
1 4 0.0017000000000000001 0.12118863408423394
10 3 0.0016 0.1371872249490527
14 4 0.0023 0.14387932286990815
8 3 0.0012000000000000001 0.1270322906736439
6 1 0.0021000000000000003 0.12708172972269113
6 9 0.0015 0.12647011736063105
13 2 0.0018000000000000002 0.13809682272628643
0 5 0.0023 0.13089873949955189
6 4 0.0018000000000000002 0.12819665753900045
