15
8 1 22 3 14 4 15 5 24 6 13 8 12 9 17 12 23
12 0 15 2 24 3 16 4 23 5 13 6 18 8 14 9 21 10 16 11 23 12 16 14 16
9 3 13 4 24 5 13 7 16 8 16 9 14 11 20 12 22 13 17
7 0 22 1 17 2 19 4 16 5 17 9 24 14 15
4 3 23 6 24 7 21 12 13
5 2 12 3 23 4 15 9 22 12 22
1 12 15
1 13 18
9 0 23 2 14 4 22 5 20 6 18 7 14 9 13 11 24 12 24
9 0 19 1 19 4 12 5 24 6 17 7 22 10 22 11 15 12 16
1 4 18
3 0 22 6 14 13 14
12 0 14 1 24 2 20 3 21 4 15 5 20 6 22 8 13 9 12 10 24 11 21 14 15
1 3 24
11 0 20 1 16 2 24 4 18 5 21 7 20 8 13 9 17 10 16 11 17 12 18
4
13 3 0.0017000000000000001
6 12 0.0024000000000000002
13 5 0.0022
3 5 0.0018000000000000002
16
14 2 0.0014 0.14511508526744146
3 13 0.0012000000000000001 0.1189976352663507
14 11 0.0024000000000000002 0.12803964114399266
3 1 0.0019 0.113964413458913
1 5 0.0014 0.13213690448774615
11 14 0.0021000000000000003 0.14824646747066428
0 11 0.0018000000000000002 0.11976564326067118
5 0 0.0021000000000000003 0.10030714615032957
12 6 0.0012000000000000001 0.13698130093505756
14 8 0.0018000000000000002 0.12848794011601772
0 10 0.0023 0.12123968852565799
9 3 0.0014 0.10745294919826485
10 4 0.0017000000000000001 0.10917720307426268
13 5 0.0017000000000000001 0.11920686760980748
7 2 0.0022 0.14292056064887967
6 10 0.0017000000000000001 0.11520928198976921
