15
4 2 20 5 17 6 22 10 17
5 3 16 6 18 11 20 12 16 14 24
4 0 15 6 24 9 15 14 16
5 1 16 2 15 7 14 8 15 10 16
13 0 17 1 21 2 17 3 13 5 16 6 17 7 14 9 21 10 14 11 24 12 20 13 19 14 15
5 4 15 10 12 11 16 13 18 14 18
6 0 19 1 23 5 22 7 18 10 18 14 17
13 0 21 1 19 2 16 3 23 4 17 5 13 6 24 8 19 9 13 10 19 11 24 13 17 14 14
13 0 15 1 20 2 23 4 18 5 19 6 24 7 12 9 22 10 16 11 17 12 16 13 20 14 13
13 0 19 1 17 2 24 3 19 4 18 5 20 6 13 8 16 10 24 11 21 12 13 13 15 14 18
4 2 22 6 12 9 16 14 20
2 13 17 14 18
3 5 24 7 20 14 15
3 3 15 5 14 9 21
5 2 20 9 16 10 24 11 13 12 17
4
5 4 0.0017000000000000001
1 10 0.0013000000000000002
14 11 0.0013000000000000002
10 7 0.0017000000000000001
16
9 1 0.0017000000000000001 0.13679733425395502
11 8 0.0012000000000000001 0.1251800519453614
1 13 0.0022 0.10558399083650286
9 5 0.0021000000000000003 0.1061712249386589
13 4 0.0014 0.13130570337467012
6 1 0.0012000000000000001 0.10451631190816187
12 5 0.0023 0.14853242210527534
4 1 0.0019 0.14168761044171785
1 10 0.0013000000000000002 0.10796320104344004
2 9 0.0015 0.14566872631646996
0 4 0.0013000000000000002 0.10447003482332047
0 1 0.002 0.1336493679116033
14 7 0.0012000000000000001 0.12476855076613605
7 1 0.0015 0.10236335892171802
6 10 0.0016 0.10373554405390152
6 1 0.0015 0.11139751333886422
