15
11 1 24 2 17 4 12 5 12 6 17 8 15 10 22 11 20 12 19 13 14 14 16
3 0 16 9 23 12 21
4 1 18 7 22 12 13 13 20
9 0 21 1 22 5 12 6 21 8 14 10 16 11 13 13 16 14 22
5 2 17 5 24 8 21 9 12 10 13
10 0 13 1 13 2 21 4 23 7 23 8 17 9 15 10 13 11 12 12 16
2 3 16 7 13
4 1 21 5 14 8 14 13 15
2 0 21 5 14
3 2 15 12 16 14 23
10 0 17 3 14 6 23 7 22 8 24 9 18 11 14 12 23 13 22 14 18
9 0 24 3 24 4 15 6 19 7 22 9 23 12 21 13 19 14 12
2 4 19 10 14
13 0 12 1 13 2 23 3 12 5 24 6 16 7 20 8 15 9 20 10 21 11 21 12 15 14 12
5 1 16 2 14 6 20 8 22 12 21
4
3 6 0.0016
6 14 0.0024000000000000002
10 14 0.0013000000000000002
9 13 0.002
16
9 0 0.0013000000000000002 0.13341985867066986
7 6 0.0022 0.1260867086306555
12 6 0.0023 0.123822244124705
0 7 0.0024000000000000002 0.13466744079786386
1 8 0.0021000000000000003 0.13010617787391568
5 7 0.0012000000000000001 0.11237519194023449
13 5 0.0022 0.14154581974867697
6 14 0.0016 0.12494641681545363
1 3 0.0019 0.1201712932907155
0 2 0.0014 0.12442284169117886
10 8 0.0018000000000000002 0.14627481501649348
11 7 0.0021000000000000003 0.11318213245823856
2 3 0.0023 0.14692125834775854
6 7 0.0015 0.14313609877030498
4 7 0.0021000000000000003 0.13743294504423156
6 7 0.0016 0.12863249914267874
