15
10 1 24 2 20 4 16 6 18 7 14 9 14 10 17 12 20 13 16 14 24
3 6 16 10 18 14 20
2 5 13 12 13
2 7 24 11 23
1 11 17
3 0 17 12 19 14 21
11 0 13 1 15 2 22 3 23 5 16 7 12 8 23 9 24 10 17 11 17 14 17
13 0 13 2 13 3 14 4 13 5 18 6 13 8 13 9 19 10 20 11 19 12 17 13 20 14 24
6 1 17 3 14 5 18 7 13 11 19 12 17
10 0 21 1 18 2 16 4 21 5 20 8 18 10 15 11 13 12 19 13 14
7 0 22 1 20 6 14 9 14 11 15 13 19 14 23
12 0 20 1 14 2 15 3 16 4 12 6 13 7 19 8 15 9 20 10 17 12 15 13 23
2 1 15 14 14
13 1 22 2 13 3 16 4 21 5 21 6 12 7 14 8 17 9 18 10 19 11 22 12 18 14 23
4 0 20 1 16 7 16 11 22
4
1 10 0.0017000000000000001
2 8 0.0024000000000000002
3 9 0.002
14 12 0.0014
16
0 1 0.0023 0.11872049493595505
11 1 0.0017000000000000001 0.11192313336478595
12 14 0.0023 0.13099926699468953
7 6 0.0012000000000000001 0.11247598925037648
4 10 0.0022 0.11165559505978599
4 6 0.0018000000000000002 0.13470283623144624
5 8 0.0022 0.13936562066198194
12 0 0.0021000000000000003 0.13575429239413433
0 2 0.0017000000000000001 0.12492724046478776
11 10 0.0024000000000000002 0.12600508092179344
3 5 0.0013000000000000002 0.12416152462069233
13 0 0.0024000000000000002 0.11616081997165774
11 0 0.0014 0.1444754710453801
3 8 0.0022 0.14628524446818186
6 2 0.0016 0.11796165939648617
14 2 0.0016 0.146383744708854
