15
5 1 15 3 21 8 15 9 21 14 22
2 7 18 14 24
5 4 14 6 20 7 16 10 17 13 12
4 5 12 6 12 9 13 14 15
10 0 20 1 15 2 15 5 23 6 12 7 13 8 17 11 14 13 15 14 12
7 0 18 4 19 6 23 8 15 10 12 11 21 13 15
11 0 18 1 18 2 14 3 16 4 15 7 14 8 16 9 13 11 21 12 21 14 19
9 0 14 1 12 2 20 3 16 6 21 9 24 10 15 11 23 13 24
6 0 16 6 20 7 18 9 17 12 20 14 23
7 2 21 3 22 6 22 8 24 12 18 13 13 14 12
11 0 17 1 23 2 14 3 24 4 15 6 20 8 24 9 17 11 16 13 13 14 24
8 2 20 3 18 5 24 6 23 9 24 10 21 13 16 14 20
12 0 17 1 21 2 18 3 19 4 23 6 14 7 19 9 22 10 19 11 19 13 19 14 22
5 0 17 1 13 7 17 9 15 14 19
12 0 15 1 20 2 23 3 17 4 16 5 14 6 23 7 13 9 23 10 18 11 17 13 18
4
1 14 0.0019
0 11 0.002
11 9 0.0023
3 11 0.0022
16
5 14 0.0019 0.12956558078669583
10 0 0.0015 0.143742055133105
10 3 0.0015 0.1377586280001978
12 0 0.002 0.10391255902066596
3 11 0.0017000000000000001 0.131005903085918
1 8 0.0014 0.11330621676732215
9 0 0.0017000000000000001 0.10525840432139251
1 6 0.0014 0.10813789444688562
9 10 0.0022 0.11671811606218278
8 9 0.0023 0.10634851108200058
5 8 0.0012000000000000001 0.10410025914840593
14 0 0.0022 0.11706089422620232
8 2 0.0017000000000000001 0.1395838132284621
4 9 0.0014 0.1321098729652695
11 8 0.002 0.10966683091819857
6 11 0.0021000000000000003 0.10034335032359307
