15
6 2 21 3 20 6 13 10 24 13 19 14 17
7 2 16 3 23 4 16 5 17 7 16 9 19 10 13
2 0 21 14 17
3 5 24 6 24 8 19
7 2 12 3 12 6 21 7 16 12 13 13 13 14 18
12 0 16 1 14 2 16 4 22 6 18 7 17 8 14 9 16 11 22 12 13 13 21 14 13
10 0 18 1 23 3 14 4 12 7 19 9 18 10 23 11 16 12 22 14 24
6 0 21 2 20 3 15 5 19 11 13 14 22
7 0 16 1 20 5 18 6 16 7 24 10 17 11 20
11 1 16 2 24 3 19 4 21 5 17 6 12 7 20 11 18 12 20 13 24 14 16
7 2 24 5 15 6 19 11 21 12 24 13 12 14 17
12 1 23 3 24 4 19 5 21 6 12 7 22 8 20 9 13 10 23 12 14 13 13 14 18
7 2 19 3 14 5 12 6 15 8 12 10 12 13 15
7 5 12 6 21 8 13 9 20 11 23 12 21 14 17
3 1 12 4 20 7 17
4
12 3 0.002
0 10 0.002
0 11 0.0012000000000000001
9 12 0.0022
16
8 6 0.0019 0.1201137181983638
7 4 0.0018000000000000002 0.14119850500776035
13 1 0.0021000000000000003 0.14369709131824943
10 3 0.0023 0.14948101404677172
6 1 0.0023 0.10279662394543491
14 11 0.0013000000000000002 0.11106519690484006
3 7 0.0014 0.11098532336089507
1 5 0.0018000000000000002 0.14247615790579185
10 13 0.002 0.12874729583789532
7 6 0.0024000000000000002 0.11146009384711028
1 12 0.002 0.14417756124389414
2 0 0.002 0.12606487177809567
0 11 0.0018000000000000002 0.13374584269968956
13 7 0.0021000000000000003 0.13797119802319102
14 5 0.0015 0.13078977644612988
4 11 0.0014 0.12995596151664912
