15
6 2 24 5 13 8 16 11 15 13 12 14 21
7 2 14 4 24 5 24 8 13 9 15 11 15 13 22
13 0 22 1 24 3 20 4 16 5 16 6 15 7 16 8 18 10 24 11 23 12 16 13 14 14 16
13 0 15 1 17 4 18 5 20 6 20 7 15 8 20 9 22 10 19 11 14 12 21 13 20 14 22
7 0 16 2 15 5 22 6 19 7 22 8 14 11 18
8 0 15 1 20 2 18 8 21 11 12 12 15 13 18 14 13
3 2 23 5 24 13 16
4 1 14 8 19 11 20 14 21
7 1 17 3 16 9 12 11 13 12 13 13 13 14 18
13 0 16 1 20 2 15 3 22 5 19 6 15 7 23 8 21 10 20 11 13 12 17 13 13 14 12
4 4 17 5 13 13 14 14 14
4 2 20 6 22 7 17 13 16
7 1 13 2 13 4 15 6 13 10 13 11 16 13 24
4 1 17 9 17 10 20 14 22
5 0 22 1 20 2 15 5 17 9 21
4
4 0 0.0018000000000000002
6 9 0.0014
7 13 0.0015
14 8 0.0012000000000000001
16
9 13 0.0021000000000000003 0.10382867441600796
8 3 0.0012000000000000001 0.10235243262678334
9 14 0.0018000000000000002 0.1488377142489409
8 5 0.0012000000000000001 0.14730812617687816
4 2 0.002 0.12482499298790578
2 5 0.0015 0.1403803602277316
3 1 0.0019 0.13877475754667898
12 6 0.0018000000000000002 0.11744633079919853
3 1 0.0012000000000000001 0.13496776757374293
13 11 0.0013000000000000002 0.11156475025813675
7 10 0.0015 0.12992675751481347
4 13 0.0013000000000000002 0.11729197453323195
2 4 0.0018000000000000002 0.1085338830737419
11 7 0.0019 0.11368140312633199
1 11 0.0015 0.10821423045318328
12 6 0.0019 0.14974720718251816
