15
9 1 21 2 22 3 16 5 20 7 17 8 13 11 21 13 17 14 22
5 0 22 2 19 5 13 12 20 13 20
2 11 14 14 23
5 1 22 6 22 9 14 11 20 14 20
3 8 12 11 12 14 21
10 1 14 2 15 3 21 4 17 8 22 9 24 10 15 12 14 13 19 14 24
10 1 23 2 15 3 16 4 24 5 18 7 13 8 14 12 16 13 18 14 19
1 5 12
1 9 20
11 1 20 2 24 4 20 5 15 7 20 8 13 10 21 11 18 12 15 13 23 14 19
4 3 20 5 15 9 17 12 21
12 0 13 1 14 2 22 3 12 4 17 5 14 6 24 7 19 8 16 9 20 10 24 13 22
8 0 16 2 21 3 22 5 24 8 14 9 13 10 19 13 12
11 0 20 1 24 2 19 3 12 4 19 6 16 8 24 9 21 10 17 12 19 14 24
8 0 23 1 22 2 22 3 18 6 15 7 23 9 20 13 12
4
0 5 0.0017000000000000001
13 10 0.0016
12 9 0.0012000000000000001
8 11 0.0018000000000000002
16
9 0 0.0018000000000000002 0.13907189256500982
5 2 0.0017000000000000001 0.13030101944766298
4 13 0.0021000000000000003 0.10769258473173189
10 13 0.0021000000000000003 0.14267822475488734
11 13 0.0019 0.14934016645185816
13 7 0.0019 0.13548800229159652
1 9 0.0019 0.14196790440447335
11 12 0.0018000000000000002 0.13051435301126593
14 12 0.0024000000000000002 0.14165307025359436
2 13 0.0013000000000000002 0.10977960821989932
1 5 0.0012000000000000001 0.13723807060384755
9 4 0.0016 0.14333150235485154
6 4 0.0013000000000000002 0.12461521150789467
12 1 0.0015 0.12065106743488216
14 3 0.0019 0.1377022918432452
13 0 0.0012000000000000001 0.12433336847764133
