15
7 1 23 4 18 8 12 9 20 11 18 12 12 13 19
3 2 17 7 17 10 18
3 0 19 8 18 12 22
2 2 13 9 20
13 0 17 2 13 3 12 5 15 6 16 7 15 8 15 9 23 10 15 11 17 12 12 13 12 14 20
11 0 13 1 16 2 23 3 20 6 17 7 19 8 19 11 18 12 12 13 13 14 17
3 0 20 2 12 7 12
10 0 18 1 18 3 24 4 20 5 12 8 15 10 24 11 21 12 21 14 14
3 1 15 4 16 13 22
12 0 23 1 24 2 21 3 23 4 23 7 18 8 12 10 12 11 19 12 24 13 16 14 22
4 1 16 5 19 8 15 9 17
5 2 13 3 12 4 13 6 23 13 23
12 0 18 1 13 2 17 3 18 4 15 5 15 6 21 7 14 8 23 11 14 13 22 14 15
12 0 17 2 16 3 19 5 19 6 12 7 17 8 18 9 24 10 20 11 23 12 15 14 21
11 0 15 3 21 4 17 6 13 7 20 8 12 9 23 10 21 11 13 12 17 13 14
4
7 12 0.0015
2 11 0.0015
2 10 0.0013000000000000002
6 13 0.002
16
1 9 0.0023 0.11616757730875346
14 2 0.0012000000000000001 0.14274956223783272
12 11 0.0023 0.1255001818781711
0 9 0.0022 0.13669631395379767
8 4 0.0022 0.12354122607346793
11 9 0.0015 0.11356285815284158
0 1 0.0016 0.11275196793662016
12 3 0.0013000000000000002 0.1222279502918283
1 7 0.0012000000000000001 0.11961531514566898
6 11 0.0024000000000000002 0.1419623944293467
4 14 0.0017000000000000001 0.14113386958216723
14 7 0.0021000000000000003 0.13529690429320554
6 2 0.0015 0.10375191849127445
6 5 0.0013000000000000002 0.11496678908414684
2 8 0.0022 0.10090913371346082
5 13 0.0022 0.1161367362673317
