15
6 1 23 3 23 6 14 9 23 12 23 13 22
3 0 12 5 23 14 18
3 5 24 9 12 14 18
3 10 20 13 16 14 21
5 3 15 5 17 6 20 13 20 14 19
8 0 14 2 24 4 18 8 20 9 15 10 19 11 21 14 15
13 1 23 2 23 3 13 4 23 5 22 7 20 8 20 9 15 10 17 11 13 12 24 13 23 14 22
12 0 21 2 24 3 12 4 19 5 22 6 21 8 12 10 21 11 18 12 24 13 23 14 15
8 0 15 2 23 4 16 7 23 9 14 11 14 12 12 14 18
11 0 20 2 19 3 16 4 20 5 24 6 12 7 19 8 14 10 13 12 21 14 23
4 3 17 4 21 7 18 14 16
2 0 22 2 22
2 6 23 14 12
12 0 15 1 17 2 12 5 19 6 13 7 16 8 14 9 23 10 22 11 13 12 19 14 14
2 1 16 13 18
5
8 9 0.002
9 0 0.0022
12 3 0.0014
9 6 0.0012000000000000001
5 0 0.0012000000000000001
20
1 14 0.0024000000000000002 0.10862393679305161
6 12 0.0015 0.11487660858631557
8 4 0.0022 0.13711288863323112
6 10 0.0014 0.12898754022029318
2 11 0.0016 0.12363525486980984
5 0 0.0012000000000000001 0.14983739367369048
0 8 0.0015 0.1363660985691995
4 2 0.0021000000000000003 0.13115125793393165
1 9 0.0024000000000000002 0.1030724528521705
2 3 0.0017000000000000001 0.13670089366725233
3 4 0.0015 0.14272680558636386
0 2 0.0017000000000000001 0.1043324923123515
11 3 0.0023 0.1026302883078235
3 10 0.0022 0.11313460721681087
0 12 0.0017000000000000001 0.11168003817861027
14 13 0.0023 0.1178006214246852
3 0 0.0015 0.11055245342017299
4 5 0.0022 0.14693152057137826
10 0 0.0014 0.1010712776939333
13 6 0.0017000000000000001 0.14637622974131054
