15
8 1 19 2 20 3 13 4 16 5 16 7 13 8 20 14 18
1 13 22
3 4 19 9 13 14 21
13 0 14 1 12 2 13 4 12 5 21 6 23 7 21 8 23 9 24 11 20 12 20 13 19 14 23
10 0 17 1 21 2 22 3 19 5 16 9 21 10 12 11 15 12 23 13 18
4 8 17 10 15 12 21 14 12
3 4 22 12 12 14 18
10 0 21 1 21 3 22 4 15 5 16 8 12 9 18 10 22 11 18 12 13
1 7 18
2 3 18 12 24
13 0 13 1 19 2 15 3 19 4 12 5 21 6 14 7 17 8 24 9 13 11 18 13 14 14 19
8 1 22 2 23 3 22 4 13 5 19 7 18 9 16 12 22
7 0 18 2 18 3 21 5 15 7 23 10 18 11 23
13 0 15 1 22 2 18 3 13 4 19 5 21 6 21 7 21 9 22 10 15 11 13 12 20 14 19
2 3 18 12 24
5
1 6 0.0022
6 0 0.0016
0 7 0.0018000000000000002
3 11 0.0016
9 11 0.0015
20
0 7 0.0017000000000000001 0.14634951426440646
13 5 0.0012000000000000001 0.10877450215268583
4 11 0.002 0.10559704723180498
11 7 0.0018000000000000002 0.10797975197462333
8 9 0.0014 0.14197933704362065
10 2 0.0018000000000000002 0.13385434761416537
6 10 0.0018000000000000002 0.13302219194526826
1 8 0.0014 0.1470163634313424
14 13 0.0021000000000000003 0.11811147619548666
13 9 0.0016 0.13672857120750692
14 1 0.002 0.10464058924476068
0 6 0.0023 0.14563967378307244
12 13 0.002 0.12005031960569773
2 10 0.0012000000000000001 0.1445208814739546
8 10 0.0022 0.1001893964148567
7 14 0.0015 0.11436796714147392
0 7 0.0013000000000000002 0.12566862516105018
14 0 0.0019 0.11458069634662048
14 1 0.0023 0.13549939745355766
9 12 0.0012000000000000001 0.10255870999695957
