15
11 1 24 2 22 3 20 4 20 5 23 6 17 8 21 9 18 12 24 13 23 14 18
13 0 18 2 23 3 19 5 24 6 14 7 17 8 24 9 18 10 17 11 24 12 16 13 16 14 14
4 4 20 10 19 12 16 13 12
4 2 18 8 15 11 17 13 24
10 0 22 1 16 5 12 6 18 8 12 9 24 10 12 11 12 13 17 14 17
10 0 19 1 15 4 24 6 15 7 12 8 13 10 15 12 12 13 16 14 15
12 0 14 2 19 4 14 5 23 7 15 8 22 9 13 10 17 11 22 12 19 13 15 14 13
12 0 18 1 20 2 15 4 20 5 22 6 21 9 15 10 21 11 22 12 14 13 15 14 15
2 3 17 6 23
2 8 21 12 18
11 0 13 1 24 3 12 4 24 5 16 6 21 7 21 8 24 11 18 12 15 14 22
1 10 14
13 0 24 1 17 2 14 3 14 5 14 6 12 7 16 8 22 9 22 10 14 11 24 13 24 14 20
1 0 15
11 0 15 1 22 2 22 3 13 4 14 5 23 8 21 9 19 11 16 12 19 13 22
5
14 6 0.0017000000000000001
12 3 0.0022
9 6 0.0012000000000000001
5 4 0.0019
1 12 0.0015
20
7 14 0.0022 0.11173833240552328
1 13 0.0012000000000000001 0.14368845947526
10 2 0.0017000000000000001 0.13193791149695183
9 13 0.0015 0.12646428940070242
0 7 0.002 0.11681964540964918
6 7 0.0018000000000000002 0.11851079664143921
13 1 0.0017000000000000001 0.14915424943600608
10 0 0.0023 0.14835609317258963
7 13 0.0015 0.1491937971389184
10 13 0.0013000000000000002 0.14404563840414827
1 8 0.0022 0.13215487906295098
5 9 0.0013000000000000002 0.11940398515149664
3 9 0.0022 0.14795247381099208
3 10 0.0012000000000000001 0.10926139424102657
8 4 0.0021000000000000003 0.13068640743881824
8 5 0.0024000000000000002 0.1373635972088481
5 0 0.0016 0.10222764172629221
4 9 0.0012000000000000001 0.14835987478569262
12 11 0.0013000000000000002 0.11708699223194866
5 9 0.0015 0.1018491944825687
