15
12 1 21 3 24 4 12 5 13 6 13 7 22 8 14 9 20 10 16 12 12 13 20 14 21
3 4 22 5 20 14 17
8 0 22 4 17 6 18 7 21 10 24 11 16 12 19 13 22
8 0 20 2 14 5 12 6 24 7 23 10 14 11 13 12 17
4 2 18 6 23 7 15 14 21
5 6 14 7 13 9 14 12 18 13 21
10 1 16 3 12 4 17 5 21 8 19 9 24 11 18 12 16 13 15 14 14
13 0 19 2 18 3 13 4 17 5 20 6 19 8 16 9 16 10 16 11 13 12 22 13 23 14 20
5 1 18 2 19 5 24 6 15 10 15
13 0 13 1 23 2 23 3 15 4 20 5 12 6 13 7 20 8 21 11 17 12 24 13 22 14 17
9 0 21 1 15 3 14 5 16 7 24 8 22 9 12 12 18 14 19
12 0 22 1 17 2 24 4 16 5 12 6 22 7 16 8 14 9 22 12 13 13 18 14 22
6 0 22 2 22 3 14 6 23 8 22 11 15
4 6 24 7 18 9 20 12 16
10 0 14 2 24 3 20 4 24 5 14 6 13 7 14 8 17 10 13 12 12
5
2 13 0.0012000000000000001
7 11 0.0024000000000000002
8 10 0.0021000000000000003
9 7 0.002
10 12 0.002
20
2 7 0.0016 0.14346019561218062
4 13 0.0024000000000000002 0.11562863702261017
6 9 0.0022 0.12083917429526381
12 8 0.0019 0.11640311589582202
9 4 0.0013000000000000002 0.12197827288221905
2 8 0.0016 0.10359453894103829
2 13 0.002 0.11245997330358759
10 13 0.0014 0.12283440174360533
11 6 0.0019 0.11192215411376506
2 4 0.0022 0.13006033206382467
9 0 0.0016 0.1470069498754726
1 2 0.0021000000000000003 0.10650747333065168
9 6 0.0021000000000000003 0.10662575406150529
6 9 0.0017000000000000001 0.1468574669623603
5 2 0.0023 0.13028025599785287
9 1 0.0021000000000000003 0.13981489630967042
6 0 0.0016 0.13420048408892166
5 6 0.0019 0.11378185274321669
11 9 0.0014 0.14649848220821932
2 8 0.0016 0.12254751311183903
