15
13 1 12 2 15 3 12 4 24 5 17 7 23 8 24 9 23 10 17 11 19 12 14 13 12 14 21
13 0 19 2 14 3 22 4 17 5 16 6 21 7 19 8 21 9 18 10 22 11 12 13 13 14 15
3 5 21 6 13 10 13
3 4 16 9 23 10 18
2 1 21 10 22
11 0 21 1 21 2 23 3 13 6 21 7 21 8 24 9 20 10 18 12 20 14 20
10 1 23 3 22 5 17 7 14 8 22 9 19 10 21 11 19 13 19 14 24
13 0 20 1 21 2 17 3 12 4 24 5 16 6 16 8 21 9 12 10 13 11 16 12 16 14 22
12 0 20 2 14 3 16 4 18 5 17 6 21 7 18 9 24 10 12 11 17 12 18 13 15
6 1 15 2 13 5 13 6 18 7 14 13 16
11 0 19 2 24 3 16 4 19 6 13 7 18 8 16 9 24 11 13 13 13 14 24
3 2 21 3 20 5 17
11 0 22 1 21 2 21 4 22 6 21 7 18 8 14 9 20 10 17 11 17 13 14
11 0 18 2 22 3 20 5 17 6 23 7 22 8 12 9 24 10 17 11 22 12 17
8 0 21 1 13 3 13 4 16 6 21 8 24 11 23 12 13
5
11 6 0.0018000000000000002
6 11 0.0018000000000000002
4 5 0.0015
8 13 0.0014
14 1 0.0024000000000000002
20
9 4 0.0021000000000000003 0.14757108856324458
11 3 0.0023 0.14161362772679947
13 1 0.0022 0.12104476290860665
12 8 0.0023 0.14574773423277898
9 4 0.0019 0.12345707376772849
4 8 0.0024000000000000002 0.13552904696896442
6 8 0.0014 0.1488928992905567
9 7 0.0019 0.11392423232669847
11 1 0.0022 0.13402886565267746
7 4 0.0019 0.13706018212814053
9 2 0.0023 0.11613428699570252
6 2 0.0024000000000000002 0.11907488553284173
8 2 0.0023 0.13347653261255804
2 13 0.0016 0.1418699374057703
7 5 0.0017000000000000001 0.11799628603110261
4 6 0.0017000000000000001 0.14156285855307882
13 5 0.0017000000000000001 0.14305238572086248
0 14 0.0014 0.11209439196151624
14 6 0.0014 0.1051905917434327
12 1 0.0012000000000000001 0.11438649568948792
