15
9 1 23 2 12 3 23 4 22 5 21 9 21 10 21 11 19 13 21
12 0 19 2 19 3 16 5 20 6 15 8 15 9 23 10 12 11 17 12 20 13 20 14 15
4 5 21 7 21 9 16 11 20
5 4 20 6 15 9 15 10 13 11 21
12 0 16 1 12 2 21 3 17 5 23 6 20 7 15 8 22 9 13 11 17 12 21 13 21
7 3 16 4 17 8 18 9 14 10 20 11 17 12 19
3 0 20 5 15 8 18
12 0 21 1 20 2 17 3 24 5 12 6 21 8 15 9 23 10 20 11 15 12 13 14 14
10 0 13 1 21 2 21 4 19 6 16 9 21 10 18 11 18 12 14 14 18
8 3 20 5 21 6 19 7 13 8 13 12 12 13 14 14 13
7 3 20 5 19 6 14 7 14 8 23 9 16 13 16
7 1 22 3 15 4 19 9 18 10 22 13 17 14 18
8 3 17 5 18 6 16 7 18 8 22 10 17 11 18 14 12
12 0 20 1 20 2 14 3 12 5 13 6 16 7 20 8 15 9 22 10 17 12 23 14 13
1 0 22
5
9 8 0.0016
0 12 0.0012000000000000001
13 6 0.0014
10 2 0.0012000000000000001
8 7 0.0018000000000000002
20
2 4 0.0024000000000000002 0.12340215629402985
2 14 0.0023 0.13484750991933245
5 3 0.002 0.13321899225481112
2 13 0.002 0.11925626489438833
9 0 0.0023 0.11998578067992549
11 14 0.0019 0.14100298793554017
8 11 0.0016 0.12641226221311525
10 4 0.0017000000000000001 0.12304342150503408
10 0 0.0014 0.1306975405429673
4 11 0.002 0.12202855374802118
0 4 0.0016 0.11344378636338963
10 7 0.002 0.13161506236314063
1 14 0.0017000000000000001 0.13147020645278612
9 10 0.0012000000000000001 0.12401098629113994
2 13 0.0018000000000000002 0.10645224935705981
0 3 0.0022 0.111322736253732
8 5 0.002 0.12172003163556631
3 5 0.002 0.12024689233021903
6 0 0.0013000000000000002 0.1314320678728858
5 11 0.0021000000000000003 0.11979977563595659
