15
7 3 20 4 22 5 17 7 19 8 16 9 20 10 16
8 3 19 4 20 5 17 7 20 8 12 10 24 11 17 14 24
10 0 16 3 16 4 12 5 12 6 24 7 24 8 13 10 14 13 13 14 17
10 1 16 2 20 4 13 5 20 8 13 9 24 10 12 11 15 12 17 14 13
8 0 17 2 22 3 15 6 14 7 24 9 12 12 17 13 12
8 0 18 2 18 8 19 9 22 10 23 11 16 13 19 14 18
10 0 17 1 12 2 17 3 13 4 14 5 22 8 16 9 15 11 22 14 13
5 0 14 2 21 5 18 8 23 14 16
4 0 19 5 19 7 13 13 17
12 0 16 1 14 2 23 3 16 4 18 6 12 7 17 8 22 11 22 12 20 13 12 14 22
7 3 17 6 23 9 16 11 21 12 21 13 19 14 21
13 0 15 2 23 3 17 4 12 5 21 6 19 7 21 8 20 9 16 10 21 12 21 13 17 14 13
9 1 21 2 18 3 12 4 23 5 20 8 14 9 24 11 19 14 17
9 1 15 2 12 6 16 7 16 8 12 10 22 11 19 12 22 14 13
3 2 23 3 18 11 24
5
9 14 0.0012000000000000001
4 8 0.0015
1 12 0.002
10 4 0.0014
10 2 0.0015
20
3 8 0.0024000000000000002 0.13218834180388803
14 2 0.002 0.12258192729066689
7 9 0.0016 0.10952098567699588
11 13 0.0015 0.12031377292314949
12 13 0.0021000000000000003 0.1446794855429889
9 5 0.0015 0.14755993713858273
2 9 0.0015 0.10498632029229042
13 2 0.0021000000000000003 0.11579878382807739
2 12 0.0014 0.14960084520310968
2 1 0.0018000000000000002 0.11517674794448761
8 12 0.0022 0.1220645346032716
7 11 0.0022 0.10371076355288694
12 3 0.0014 0.1225022853546909
8 7 0.0014 0.14415721963063335
4 10 0.0019 0.13075019844437002
14 12 0.0023 0.10937628158345394
0 11 0.0017000000000000001 0.14887638208325488
3 5 0.0016 0.11340812989944486
8 5 0.0017000000000000001 0.10449580390432478
4 5 0.0018000000000000002 0.10051582806290753
