15
12 1 21 2 12 4 14 5 23 6 14 8 17 9 20 10 23 11 21 12 16 13 15 14 18
10 0 21 2 24 3 17 4 15 5 23 6 23 7 24 9 20 11 24 12 20
7 0 19 4 16 6 23 9 12 11 21 12 18 14 22
4 1 13 4 20 5 19 9 12
1 6 12
4 0 13 3 18 7 15 10 23
3 10 20 11 20 13 18
11 0 23 1 24 2 14 3 24 4 13 5 19 6 21 8 16 11 19 12 13 14 15
1 10 21
10 1 18 2 21 3 19 4 20 5 19 6 12 8 21 10 19 11 19 14 22
10 0 23 1 18 2 24 3 13 4 21 8 21 9 19 11 17 12 15 14 23
7 0 23 3 23 4 14 5 23 7 19 8 16 10 12
11 0 18 1 16 2 15 3 12 4 13 6 15 9 18 10 14 11 22 13 13 14 20
2 5 24 12 20
4 1 13 5 17 6 12 8 13
5
11 7 0.0015
8 12 0.0016
14 2 0.0015
0 8 0.0012000000000000001
3 9 0.0015
20
4 10 0.0024000000000000002 0.14471012122958524
12 11 0.0021000000000000003 0.10036139974425462
11 1 0.0023 0.14616564482922603
6 10 0.0023 0.10351912866849923
0 4 0.0022 0.13760746852542907
4 10 0.0024000000000000002 0.10352948373882621
4 5 0.0024000000000000002 0.1309970767106347
4 0 0.0016 0.12958721300657164
12 13 0.002 0.12588360935354764
11 5 0.0018000000000000002 0.12288643086737547
6 2 0.0016 0.1437681247509776
5 10 0.0023 0.1347098247232052
14 13 0.0018000000000000002 0.13165594225852284
5 14 0.0012000000000000001 0.10110471392430048
9 12 0.0018000000000000002 0.1473093652249347
12 7 0.0013000000000000002 0.1020983449350666
3 14 0.0022 0.10847454230741502
0 2 0.0016 0.1074825383160865
7 10 0.0013000000000000002 0.13220839003712154
8 1 0.0013000000000000002 0.11766010319170024
