15
2 6 18 10 13
3 3 16 11 22 12 24
2 9 17 13 16
9 0 16 1 23 4 24 5 21 8 16 10 23 12 16 13 12 14 15
7 0 13 2 13 6 16 7 21 11 15 12 15 13 12
8 0 13 1 13 4 24 7 14 8 12 10 24 13 20 14 23
4 1 14 5 21 9 24 11 15
2 4 15 12 23
13 0 22 1 23 2 12 3 16 4 19 5 18 6 17 7 18 9 15 10 24 11 16 12 23 14 24
9 1 12 2 20 4 16 5 22 6 12 7 22 8 15 12 22 14 15
3 2 18 6 17 14 14
13 0 24 1 23 2 19 3 13 4 17 5 20 6 23 7 13 8 24 9 12 10 17 13 18 14 12
10 0 23 1 20 5 12 6 15 7 24 9 23 10 22 11 22 13 13 14 23
8 0 20 2 14 3 23 6 13 7 21 8 18 11 12 14 19
3 0 24 9 17 10 18
5
11 7 0.0018000000000000002
10 12 0.0017000000000000001
3 7 0.0017000000000000001
11 2 0.0012000000000000001
13 1 0.0019
20
6 14 0.0019 0.11888825002276765
13 2 0.0012000000000000001 0.12439149091059318
6 10 0.0024000000000000002 0.1496142989903182
6 5 0.0012000000000000001 0.1426874739043711
11 3 0.0017000000000000001 0.14287442766160435
9 8 0.002 0.14684952177025412
12 2 0.0015 0.117779024105153
7 4 0.0014 0.1312726397135891
5 2 0.0023 0.13704308918773106
5 13 0.002 0.1393094472112593
6 10 0.0022 0.1274622670272946
7 6 0.0017000000000000001 0.145431644591411
14 1 0.0023 0.12021544598797082
6 12 0.0016 0.10825017094588654
7 13 0.0019 0.110686080243456
5 6 0.0017000000000000001 0.11719350672486244
3 2 0.0015 0.12323283660563905
8 6 0.0023 0.1263124079655284
4 11 0.0017000000000000001 0.11224956021426684
2 5 0.0023 0.1455280353106835
