15
4 4 15 7 15 9 20 10 14
7 0 22 4 20 6 17 8 15 10 12 12 17 14 14
8 0 16 4 22 7 13 8 20 10 21 12 13 13 14 14 19
11 0 15 1 13 2 17 4 17 5 14 6 17 7 18 8 23 11 15 12 15 14 17
9 0 19 2 20 5 23 7 15 8 20 11 21 12 12 13 18 14 12
12 0 13 1 15 2 23 4 13 6 21 7 14 8 12 9 14 10 20 11 12 13 14 14 24
3 9 22 11 15 12 18
3 6 19 8 18 12 15
9 0 15 3 16 4 16 5 13 9 20 10 24 11 19 12 15 13 17
4 4 15 10 16 11 21 13 19
6 2 12 3 23 6 16 7 14 9 12 13 22
7 1 20 3 19 5 12 9 16 10 23 12 15 14 19
1 13 16
6 2 21 4 22 6 16 7 16 8 19 11 17
5 1 20 4 22 9 19 12 18 13 19
5
1 7 0.0024000000000000002
5 4 0.0016
2 14 0.0023
13 6 0.0018000000000000002
13 2 0.0021000000000000003
20
1 12 0.0017000000000000001 0.13692270515182933
7 12 0.0015 0.13809687854168368
9 12 0.0019 0.1341101289170902
2 6 0.0014 0.1323909290157622
9 7 0.0014 0.14470484723711904
3 4 0.0023 0.1334056679150476
7 8 0.0022 0.12410494146931701
1 9 0.0021000000000000003 0.14091088044480696
14 9 0.0014 0.10941876370775303
12 0 0.0014 0.1445119983227974
5 11 0.0017000000000000001 0.11674328751034688
3 4 0.002 0.14191580891348268
0 7 0.0012000000000000001 0.12068665452974689
4 8 0.0016 0.10942600420765647
1 3 0.0016 0.10812853842445988
10 1 0.002 0.14127443256087258
2 4 0.0022 0.14628657339529466
10 9 0.0015 0.1457032755180588
4 3 0.0012000000000000001 0.1199922824163095
1 7 0.0024000000000000002 0.14070136803175132
