15
6 2 13 6 16 10 19 11 21 12 16 13 17
9 0 15 2 14 4 19 5 16 7 14 8 12 9 18 11 16 12 18
9 0 20 1 20 6 19 7 22 8 16 10 23 11 15 12 16 13 16
7 1 14 4 14 5 14 7 16 9 17 10 19 13 12
6 3 17 5 15 6 17 8 24 13 14 14 21
11 0 20 1 23 2 17 3 15 6 13 7 18 10 13 11 19 12 17 13 23 14 21
2 3 15 7 21
13 0 17 1 24 2 14 3 22 5 22 6 22 8 20 9 13 10 22 11 14 12 19 13 21 14 15
12 0 17 1 23 2 12 4 22 5 22 6 19 9 12 10 23 11 17 12 20 13 13 14 21
6 0 14 2 18 3 20 4 24 8 21 11 16
13 1 21 2 15 3 17 4 22 5 19 6 21 7 13 8 14 9 22 11 17 12 19 13 17 14 19
12 1 18 2 14 3 19 4 18 5 13 7 13 8 17 9 24 10 13 12 17 13 19 14 20
13 0 24 1 23 2 22 3 19 4 24 5 19 6 19 7 18 8 15 9 15 10 20 13 22 14 23
9 0 18 2 19 3 18 4 23 5 20 8 18 9 23 11 14 12 16
1 10 20
5
4 6 0.0019
8 6 0.0024000000000000002
11 6 0.0016
12 4 0.0018000000000000002
6 2 0.0022
20
9 3 0.0019 0.10247924198777256
1 11 0.0012000000000000001 0.11778278122707037
0 12 0.0017000000000000001 0.1070614362428765
9 13 0.0023 0.1423452842242321
13 2 0.0023 0.1212537627331854
12 0 0.0018000000000000002 0.13176994492679406
9 6 0.0018000000000000002 0.13679637167138478
7 13 0.0012000000000000001 0.11544561064882217
7 4 0.002 0.1355523618538895
0 11 0.0014 0.12538124994432134
5 4 0.0012000000000000001 0.1352092825758999
3 11 0.0015 0.11780797673591019
8 4 0.0014 0.10989929136309148
13 3 0.0012000000000000001 0.11152170332509018
8 12 0.0023 0.14806284683659549
14 11 0.0021000000000000003 0.1218960067951339
7 14 0.0021000000000000003 0.1189253399548509
2 8 0.0017000000000000001 0.13349374352740084
11 3 0.0022 0.12812011330418796
11 4 0.0019 0.1315157648758325
