15
11 1 24 2 24 3 22 4 23 6 23 7 12 8 14 10 16 12 22 13 16 14 18
11 0 19 2 23 3 19 4 19 5 21 6 22 9 24 10 17 11 14 13 15 14 24
9 0 15 1 18 3 16 4 12 5 15 6 15 9 18 11 14 14 21
9 0 24 4 15 5 20 8 24 9 19 10 21 11 24 13 20 14 23
9 0 17 2 14 5 20 6 21 7 12 8 14 10 18 12 20 13 23
8 3 17 4 18 6 14 7 24 8 15 10 18 11 19 12 23
3 0 15 8 16 12 24
5 1 18 2 12 5 13 10 19 13 16
13 0 21 1 17 2 24 3 20 4 20 5 17 6 23 7 15 9 14 11 14 12 19 13 20 14 19
12 0 22 1 24 2 24 3 12 4 16 7 21 8 24 10 19 11 15 12 23 13 21 14 16
1 1 16
10 0 13 2 18 3 19 4 13 6 20 7 21 8 15 12 19 13 19 14 16
7 0 13 5 21 6 16 7 13 11 19 13 20 14 19
11 1 19 2 21 3 18 4 20 5 13 6 19 7 23 8 14 9 15 12 20 14 17
7 2 22 7 17 9 12 10 23 11 18 12 19 13 17
5
3 10 0.0022
10 11 0.002
14 0 0.0018000000000000002
1 7 0.0019
4 12 0.0015
20
4 12 0.0024000000000000002 0.1010045472271486
0 7 0.0021000000000000003 0.12471563937778261
1 11 0.0019 0.13824175840746825
5 10 0.0014 0.11366936960460447
6 2 0.0021000000000000003 0.1440238219999994
1 13 0.0024000000000000002 0.13761969192276782
12 3 0.0014 0.14923379306657839
6 11 0.0024000000000000002 0.10190946139254187
13 10 0.0018000000000000002 0.11818392585596496
1 7 0.0024000000000000002 0.12895185545707316
11 10 0.0014 0.11719562799021985
11 4 0.0015 0.11675948017796586
6 3 0.0023 0.11741362605424817
1 4 0.0014 0.12915140784808554
2 13 0.0023 0.11287210738302514
12 14 0.0014 0.1146316951841217
6 5 0.0016 0.13426170478580968
0 10 0.0019 0.13483214284783235
8 0 0.002 0.10992356632926567
1 12 0.0016 0.10577367682812137
