15
6 1 23 2 13 5 15 7 18 13 14 14 20
1 10 23
13 1 17 3 20 4 14 5 15 6 17 7 19 8 21 9 23 10 14 11 18 12 14 13 22 14 17
1 5 22
3 3 22 11 18 12 18
9 0 18 1 21 2 23 4 23 7 16 10 18 12 18 13 14 14 17
4 3 13 10 23 11 12 14 16
7 0 18 1 15 2 13 8 13 10 13 12 16 14 21
6 2 17 3 20 7 18 10 21 12 17 13 20
4 3 13 4 17 5 17 7 17
11 2 23 3 19 5 13 6 18 7 14 8 19 9 23 11 22 12 13 13 21 14 13
2 1 14 4 22
13 0 15 1 15 2 15 3 24 4 16 5 22 6 12 7 19 8 17 10 17 11 12 13 24 14 15
8 0 16 2 16 4 19 6 21 8 18 9 17 11 16 12 14
10 1 13 4 15 5 24 7 16 8 13 9 24 10 23 11 24 12 12 13 13
5
13 3 0.0021000000000000003
10 6 0.0012000000000000001
11 3 0.0022
0 3 0.0024000000000000002
2 14 0.0021000000000000003
20
13 1 0.0012000000000000001 0.10097178784707811
8 2 0.0022 0.13221804655353664
0 14 0.0023 0.14470558310678547
7 8 0.0015 0.1187816631520511
1 0 0.0024000000000000002 0.10383771343182609
12 3 0.0023 0.129223588265816
6 3 0.0018000000000000002 0.1016036227854442
0 6 0.002 0.11183219325496037
6 2 0.0017000000000000001 0.12587078151865153
12 10 0.0019 0.11616130754117998
6 3 0.0022 0.11774234664173244
3 1 0.0017000000000000001 0.10406290570007333
12 0 0.0022 0.10800005862084362
13 7 0.0014 0.1442675010294226
14 4 0.0017000000000000001 0.14150464972343327
3 10 0.0022 0.12223125228845627
14 13 0.0015 0.12668852464466737
8 11 0.0016 0.13219442385934504
0 7 0.002 0.14804176571986352
8 13 0.0022 0.10418815360147304
