15
4 6 18 7 14 11 20 13 16
9 0 19 2 16 3 21 6 24 8 12 10 22 11 17 12 17 13 22
11 0 19 1 21 3 22 4 12 6 12 8 21 9 20 10 19 11 17 12 16 14 19
8 0 13 1 18 5 19 8 21 10 21 11 19 12 23 14 21
13 0 17 1 21 2 22 3 14 5 12 6 23 8 23 9 19 10 20 11 20 12 14 13 13 14 19
11 0 12 1 12 3 17 6 24 7 22 8 12 9 21 10 15 11 13 12 15 14 13
13 0 23 1 16 2 23 3 22 4 17 5 14 7 19 8 15 9 19 11 20 12 15 13 17 14 22
10 2 22 3 24 4 13 5 15 6 23 8 23 9 23 10 19 12 24 13 23
2 0 15 14 15
7 0 13 1 23 5 16 7 12 8 21 11 22 12 18
6 2 12 3 15 6 24 7 22 9 13 12 20
13 0 16 1 22 3 24 4 13 5 20 6 15 7 20 8 17 9 15 10 14 12 17 13 23 14 14
2 6 21 9 15
2 4 15 7 19
3 1 18 5 20 7 21
5
1 0 0.0013000000000000002
13 10 0.0013000000000000002
5 12 0.0013000000000000002
2 7 0.0014
2 12 0.0019
20
2 1 0.0016 0.14505245920562254
14 6 0.0013000000000000002 0.11733389472813423
10 5 0.0015 0.13392817533439327
6 14 0.0022 0.12121031387941272
9 2 0.0018000000000000002 0.13037630950736956
1 7 0.0019 0.10969923636083685
2 10 0.0013000000000000002 0.14966442503820906
11 0 0.0013000000000000002 0.13466418605669517
3 12 0.0021000000000000003 0.11306787443640702
3 7 0.0019 0.114226184779978
9 4 0.0023 0.14714695265284516
3 6 0.0013000000000000002 0.10986775729718558
12 6 0.0022 0.1314189598275244
5 7 0.0017000000000000001 0.11638003946636662
1 7 0.002 0.1087428583523722
3 9 0.0023 0.14903408669014617
13 12 0.0022 0.10025123829539954
10 11 0.0013000000000000002 0.1293158246846678
12 10 0.0017000000000000001 0.14735520517428968
1 11 0.0021000000000000003 0.10994738138785658
