15
13 1 23 2 14 3 14 4 15 5 24 6 16 7 19 9 12 10 19 11 20 12 21 13 19 14 18
1 9 22
6 6 19 7 12 8 24 9 17 10 13 11 16
6 2 15 5 17 6 12 7 22 9 20 10 15
5 2 12 5 17 7 16 8 16 12 15
7 0 13 4 12 7 17 8 13 11 20 12 24 13 17
1 12 12
13 1 17 2 23 3 14 4 19 5 24 6 21 8 21 9 21 10 14 11 15 12 21 13 12 14 23
8 1 22 2 18 3 20 4 16 6 15 9 19 11 21 12 17
2 3 13 11 20
3 0 20 11 13 13 23
13 1 19 2 16 3 24 4 18 5 13 6 12 7 21 8 19 9 14 10 17 12 24 13 21 14 22
8 0 22 1 20 5 16 7 18 8 14 10 17 11 20 13 15
12 0 14 1 18 2 19 3 13 4 19 5 12 6 21 7 19 8 17 9 13 10 16 14 15
7 2 20 3 19 5 17 7 18 8 12 11 20 13 17
5
2 12 0.0021000000000000003
2 5 0.0023
8 13 0.0017000000000000001
11 4 0.0012000000000000001
3 0 0.0014
20
5 9 0.0013000000000000002 0.13404493787084507
12 3 0.0014 0.131434137742294
5 1 0.0021000000000000003 0.13749516026808012
4 14 0.002 0.13695478726694812
3 6 0.0018000000000000002 0.1097089536085705
3 11 0.0019 0.1430198942294144
14 9 0.0015 0.1098568152783561
14 7 0.0021000000000000003 0.11669733597355622
0 13 0.0022 0.1415703232984219
4 10 0.0023 0.14618705652208416
7 5 0.0017000000000000001 0.10101122963755803
2 4 0.0018000000000000002 0.12402492485121225
1 10 0.0023 0.10871814765088879
5 12 0.0017000000000000001 0.128972271247014
1 12 0.0021000000000000003 0.1124082424220241
4 9 0.0012000000000000001 0.13402433749510784
4 2 0.0024000000000000002 0.1116490927595376
11 3 0.0018000000000000002 0.1338527328096981
11 8 0.0019 0.14639099068225642
8 3 0.0019 0.1323384240096049
