15
5 4 24 5 20 9 24 10 21 14 23
12 0 22 2 14 3 12 5 19 7 19 8 23 9 15 10 19 11 14 12 20 13 13 14 19
6 0 20 4 17 6 20 7 19 9 13 14 21
5 0 21 8 13 10 19 11 19 12 13
6 0 13 2 21 6 24 9 18 10 19 11 19
5 4 12 8 16 9 21 13 18 14 14
5 3 15 7 24 8 16 10 21 12 15
5 0 22 2 13 4 23 6 24 12 24
10 0 23 2 16 3 12 4 24 5 17 7 21 9 19 11 14 12 16 14 19
2 4 22 10 23
6 4 15 8 19 9 14 11 21 13 17 14 13
10 1 20 2 22 3 16 4 22 5 19 7 22 8 17 9 19 12 24 14 14
8 0 16 1 18 5 14 6 17 7 13 8 22 9 20 14 22
8 0 24 1 17 2 21 3 14 4 19 5 24 6 16 11 21
5 2 15 9 24 11 19 12 17 13 12
5
12 3 0.0021000000000000003
3 13 0.0014
11 5 0.0018000000000000002
3 13 0.002
11 12 0.0023
20
8 1 0.0015 0.11834411868596123
2 5 0.0024000000000000002 0.11594658359485116
5 0 0.0023 0.11893156799118174
13 11 0.002 0.14754908340930145
7 4 0.0016 0.1267555425214182
11 14 0.002 0.11941523664347402
10 1 0.0021000000000000003 0.1410661628094243
7 2 0.0016 0.11181421793380854
10 9 0.0015 0.14218772362283222
13 5 0.0013000000000000002 0.10208046410042633
9 6 0.0022 0.1003897134960739
1 9 0.002 0.127324157622319
5 3 0.0024000000000000002 0.10479446281735443
4 14 0.0024000000000000002 0.13515069820112008
8 3 0.0021000000000000003 0.1288720694824469
10 1 0.0016 0.12569749769206276
3 4 0.0012000000000000001 0.14881363495011005
9 13 0.0022 0.10535858709556559
1 2 0.002 0.1252360208232654
8 7 0.0012000000000000001 0.11458843152947973
