15
8 1 23 2 15 4 23 5 23 6 13 8 12 9 19 14 12
9 0 19 2 15 4 22 7 22 8 23 9 12 11 23 12 15 14 14
11 0 15 3 20 5 14 6 17 7 19 8 12 10 20 11 13 12 15 13 13 14 20
6 2 13 4 19 7 13 10 15 12 14 13 20
7 1 23 3 14 6 14 7 14 8 13 9 24 13 21
5 0 20 3 16 7 13 11 18 13 14
5 1 14 2 24 3 22 5 22 9 14
13 0 23 1 14 2 18 3 23 4 22 5 16 6 17 8 23 9 15 10 19 11 18 13 21 14 12
9 0 18 1 19 3 20 4 15 5 16 7 24 9 14 10 19 14 23
1 2 20
4 3 19 12 16 13 15 14 19
9 1 17 2 18 4 23 5 14 7 16 9 14 12 12 13 13 14 12
2 2 19 13 16
4 1 15 2 22 4 18 9 24
2 8 20 9 22
6
4 14 0.0015
6 4 0.0012000000000000001
6 12 0.0021000000000000003
9 2 0.0023
7 2 0.0019
4 11 0.0019
18
6 3 0.0015 0.1023815925491344
11 3 0.0014 0.13955998007768838
6 3 0.0012000000000000001 0.10761371771424581
2 13 0.0015 0.1468959175615696
13 0 0.0017000000000000001 0.1366275713126182
0 6 0.0019 0.13701165584686217
8 5 0.0016 0.10795818347718117
6 0 0.0017000000000000001 0.10631523763176792
14 0 0.002 0.1381858674226043
6 9 0.0021000000000000003 0.12508558347638102
8 3 0.0022 0.129501223878075
4 0 0.0023 0.13536422058532174
11 8 0.0018000000000000002 0.14704085758970892
3 10 0.0023 0.12059392746304895
4 6 0.0017000000000000001 0.1318701150546081
6 7 0.0018000000000000002 0.13566505501528858
6 3 0.0013000000000000002 0.1293493036799042
3 0 0.0018000000000000002 0.13187686212980285
