15
10 2 18 3 17 4 18 5 24 8 21 9 23 11 24 12 20 13 17 14 18
2 5 15 14 18
3 1 14 11 18 12 16
11 0 21 1 19 5 17 6 12 7 19 9 15 10 14 11 21 12 24 13 16 14 18
6 2 18 5 16 6 16 9 18 10 23 12 20
11 0 16 1 15 4 22 6 23 7 12 8 15 9 18 10 12 12 19 13 18 14 12
3 0 18 7 21 9 22
4 1 21 5 12 6 23 13 22
10 2 12 3 14 4 16 6 16 7 23 9 23 10 20 11 12 13 12 14 19
11 0 18 1 18 3 12 4 16 5 24 7 23 8 20 10 13 11 13 13 24 14 13
9 1 21 2 16 3 13 4 21 5 12 7 23 12 12 13 17 14 23
12 1 18 2 23 3 20 4 17 5 20 6 23 7 21 8 16 9 14 10 14 13 16 14 15
2 0 21 10 22
4 2 24 3 22 10 13 12 12
2 0 24 6 13
6
1 7 0.0022
6 7 0.0022
4 14 0.002
6 9 0.002
9 4 0.0019
8 11 0.0023
18
12 13 0.0018000000000000002 0.1307737881895234
9 8 0.0015 0.12667101021030364
14 11 0.0013000000000000002 0.14016960241837811
1 6 0.0014 0.10298141449686521
8 13 0.0024000000000000002 0.1487633597973708
13 8 0.0024000000000000002 0.14948188176873684
3 0 0.0021000000000000003 0.1364898790574796
10 4 0.0012000000000000001 0.1126162542783562
1 10 0.0019 0.13430341493334735
6 13 0.0014 0.11107864233470498
10 9 0.0022 0.14293585458466612
1 6 0.0013000000000000002 0.14564177574318848
1 6 0.0016 0.1476806314827378
13 1 0.0012000000000000001 0.14918771317887278
9 13 0.0015 0.11796249039102749
4 3 0.0013000000000000002 0.14084946190458744
6 2 0.0019 0.11175405278190402
9 3 0.0018000000000000002 0.10568931583130099
