15
13 1 12 2 13 3 12 4 21 5 17 6 13 7 24 8 15 9 19 10 17 11 24 12 13 14 19
5 3 17 10 24 11 13 12 16 13 13
1 7 15
7 0 12 1 24 2 24 7 16 8 21 10 19 13 18
5 2 20 7 14 11 16 12 21 13 19
2 3 19 7 15
5 0 24 5 21 7 19 8 23 12 12
10 1 17 3 18 4 23 5 13 6 19 9 19 10 12 11 15 12 16 13 23
2 2 15 7 13
12 0 19 1 22 2 19 4 19 5 17 6 12 8 14 10 20 11 18 12 12 13 22 14 20
2 1 19 14 12
10 3 15 4 22 6 19 7 20 8 17 9 23 10 24 12 15 13 15 14 21
7 1 13 2 20 4 15 5 20 6 19 11 14 14 23
8 3 21 4 14 7 12 8 12 9 23 10 23 11 23 14 23
10 1 17 2 18 3 13 6 20 7 21 9 17 10 17 11 17 12 13 13 14
6
13 0 0.002
14 5 0.0024000000000000002
11 3 0.0016
2 6 0.0015
5 2 0.0021000000000000003
14 0 0.0023
18
1 6 0.0013000000000000002 0.10738438154606136
6 8 0.0014 0.10940829194502491
7 14 0.0015 0.1381115912448352
2 14 0.0023 0.10538370105279812
10 13 0.0019 0.10868343909481222
13 14 0.0021000000000000003 0.10973549553036142
7 10 0.0016 0.10220469569408423
9 8 0.0017000000000000001 0.12748268052071052
8 6 0.0019 0.10627170149122762
12 11 0.0015 0.14962283725931538
3 6 0.0014 0.14294857590943258
5 0 0.0014 0.10588690157671252
9 1 0.0015 0.1433087056225928
14 12 0.002 0.14679226907242465
4 2 0.0014 0.10949311698957548
0 6 0.0017000000000000001 0.13343950184489833
2 9 0.0023 0.11298175717424162
5 12 0.0019 0.11239654043710047
