15
4 7 15 9 22 12 24 14 24
3 0 19 3 24 12 13
9 0 19 1 23 3 23 5 20 6 17 8 18 10 19 12 22 13 17
7 1 23 2 19 4 13 5 13 9 16 10 13 13 14
1 13 21
2 6 19 9 21
10 0 24 2 17 4 18 5 18 7 19 9 24 11 14 12 20 13 19 14 24
6 0 24 1 17 4 12 5 17 9 16 11 13
4 2 19 3 21 4 14 5 21
13 0 16 1 17 2 21 3 19 4 23 5 16 6 13 7 15 8 16 10 12 12 24 13 18 14 14
2 0 18 13 16
10 0 23 1 17 3 16 5 13 6 14 8 16 10 15 12 20 13 14 14 22
5 1 19 4 18 8 19 9 13 14 21
9 1 21 2 24 4 20 5 16 6 16 7 19 8 15 10 20 14 21
7 1 21 2 18 4 24 5 16 10 24 12 12 13 16
6
8 2 0.0018000000000000002
4 7 0.0021000000000000003
5 0 0.0023
10 12 0.002
14 12 0.0022
10 3 0.0016
18
10 12 0.0022 0.13647331461122003
8 9 0.0019 0.12792752743161398
0 11 0.002 0.1387445854416937
1 2 0.0014 0.11838298316511481
0 8 0.0023 0.14313135740158042
12 11 0.0013000000000000002 0.13900355615266377
8 3 0.0017000000000000001 0.13557384397851843
3 8 0.0024000000000000002 0.13627185202291792
12 9 0.0019 0.1427886531566386
1 4 0.0019 0.13117039487580742
11 7 0.0018000000000000002 0.14520864281396248
2 7 0.0018000000000000002 0.14029773962676484
5 0 0.0021000000000000003 0.10024586722449114
12 7 0.0019 0.13189124270728234
1 8 0.0015 0.11709804185210212
2 11 0.0023 0.11754109536432641
3 12 0.0022 0.13529975872069805
1 10 0.0015 0.14586713778706611
