15
8 1 13 2 12 4 12 6 17 8 13 10 14 12 14 13 22
3 6 18 13 13 14 14
11 0 15 1 17 3 17 4 21 5 22 6 17 8 15 9 20 11 15 12 23 14 16
13 0 20 1 15 2 15 4 14 5 18 6 13 7 19 9 23 10 18 11 12 12 21 13 24 14 18
8 0 23 1 17 6 18 7 12 8 16 10 14 11 21 12 23
5 1 15 8 12 10 18 11 22 13 14
7 0 20 1 17 5 17 8 23 10 22 12 12 13 19
3 1 16 9 13 12 16
11 0 21 1 24 2 21 3 20 5 14 6 19 7 21 9 17 10 16 12 13 14 17
13 0 22 1 16 3 21 4 14 5 20 6 17 7 13 8 24 10 21 11 15 12 18 13 21 14 22
4 2 12 5 23 11 18 12 20
9 0 24 1 19 2 16 4 15 5 12 6 12 9 15 13 20 14 20
2 9 23 14 19
8 1 18 3 13 4 15 5 18 6 21 8 18 12 19 14 16
1 12 24
6
12 1 0.0015
2 12 0.0023
11 3 0.0018000000000000002
9 7 0.0014
9 14 0.0024000000000000002
7 0 0.002
18
6 14 0.0023 0.13609121664240006
2 14 0.0014 0.10561516132411264
1 4 0.0017000000000000001 0.13366099983727478
10 0 0.0019 0.13139887887020701
8 0 0.0019 0.14306405651593926
7 2 0.0014 0.10745947911767015
6 0 0.0019 0.1029112732841731
13 6 0.0017000000000000001 0.11583402439779414
3 13 0.0018000000000000002 0.13854679840126174
1 11 0.0014 0.14174120657449274
6 10 0.0015 0.1063052306669664
4 6 0.0018000000000000002 0.1377746132354728
9 1 0.0015 0.11924314441437028
0 10 0.0021000000000000003 0.13779112426987533
2 4 0.0023 0.145387533616749
0 12 0.0021000000000000003 0.11488403886654298
7 11 0.0014 0.10193237966065549
14 7 0.0013000000000000002 0.14167879069347858
