15
6 1 19 2 18 3 14 4 21 10 19 12 17
11 0 21 2 14 3 22 5 17 6 21 7 20 9 13 11 12 12 20 13 22 14 19
2 10 22 11 22
1 9 14
1 1 24
10 1 18 2 18 3 18 4 19 8 17 9 13 10 18 11 17 12 24 13 12
11 0 23 1 14 2 24 4 12 5 17 8 18 9 15 10 13 12 17 13 23 14 20
8 0 24 3 22 5 21 6 12 8 12 9 14 10 12 11 24
13 0 22 1 15 2 12 3 19 5 20 6 22 7 23 9 12 10 16 11 16 12 20 13 20 14 16
5 0 15 4 24 11 22 12 18 13 15
3 4 24 12 23 14 22
3 0 17 5 17 8 18
5 3 19 6 20 7 22 13 22 14 23
5 0 18 1 23 8 13 10 13 14 19
6 0 24 2 22 3 21 4 13 6 13 7 24
6
3 8 0.0016
0 11 0.0023
12 13 0.0015
9 0 0.0018000000000000002
11 8 0.0019
4 9 0.0017000000000000001
18
12 7 0.0021000000000000003 0.10894928447484917
13 1 0.0016 0.10049092631923986
3 1 0.0021000000000000003 0.12342414797069971
7 10 0.0017000000000000001 0.14341755058905334
5 3 0.0021000000000000003 0.12724303106963183
8 12 0.0021000000000000003 0.12709567917472062
12 8 0.0016 0.1455104072468134
8 7 0.0014 0.11459709886296153
12 11 0.0019 0.1275063482832365
8 10 0.0024000000000000002 0.142810940638465
3 8 0.0012000000000000001 0.13154443745888333
8 9 0.0019 0.13538395321874566
7 12 0.0024000000000000002 0.11142036761748947
4 13 0.0015 0.14053834029095047
2 13 0.0017000000000000001 0.14774291339666099
1 2 0.0016 0.12890798880763935
2 1 0.0018000000000000002 0.11310752992814138
12 3 0.002 0.1336395273152341
