15
12 2 16 3 12 5 15 6 23 7 14 8 13 9 18 10 13 11 17 12 19 13 13 14 13
12 0 15 2 24 3 14 4 18 5 18 7 23 8 19 9 14 10 19 11 22 13 23 14 15
9 0 12 4 16 6 12 7 24 8 16 9 24 10 24 12 18 13 14
9 4 20 5 19 6 15 7 22 8 14 9 18 10 19 12 22 13 23
10 0 17 2 14 5 20 7 18 8 24 9 16 10 22 11 17 13 18 14 24
4 3 23 4 17 6 24 13 23
7 1 12 7 23 8 21 9 24 11 21 13 21 14 21
11 0 21 1 17 3 15 4 14 5 22 9 19 10 15 11 19 12 12 13 18 14 23
11 0 23 1 22 2 24 3 12 4 15 5 16 6 20 11 20 12 14 13 19 14 17
10 0 20 1 17 2 20 3 17 4 24 5 21 6 17 8 19 10 20 11 22
13 0 22 1 21 2 18 3 14 4 19 5 21 6 20 7 23 8 18 9 17 11 14 12 24 13 19
8 1 16 3 20 4 22 5 14 10 12 12 22 13 19 14 13
6 2 21 3 13 7 13 8 21 9 16 11 24
4 0 20 4 12 9 24 12 16
5 0 22 2 21 6 16 11 18 12 24
6
6 8 0.0012000000000000001
0 2 0.0013000000000000002
14 5 0.0018000000000000002
10 14 0.0017000000000000001
2 10 0.0022
8 12 0.0023
18
2 6 0.0015 0.1273128143033925
14 6 0.0013000000000000002 0.10182996798776511
13 11 0.0019 0.12650723061969227
4 8 0.0022 0.14791343121218992
2 10 0.002 0.13815842035767045
8 4 0.0023 0.13505072082164443
9 3 0.0024000000000000002 0.13026558007525324
11 4 0.0013000000000000002 0.14181110646164397
2 14 0.0021000000000000003 0.10380579670064936
8 2 0.0015 0.14203096172146124
6 13 0.0023 0.11126476132707673
8 2 0.0024000000000000002 0.12255334801357343
6 4 0.0016 0.11375548228901212
0 5 0.0014 0.1123578957744747
13 10 0.0021000000000000003 0.14459333595087248
10 8 0.0013000000000000002 0.13095002055271074
13 12 0.0013000000000000002 0.1033034912649328
4 2 0.0022 0.10656179439759186
