15
11 2 24 3 12 4 19 5 23 6 15 7 14 8 24 10 20 11 24 13 24 14 12
1 5 19
4 0 24 4 21 8 12 11 13
13 0 19 1 17 2 17 4 24 5 15 6 20 8 13 9 15 10 14 11 14 12 23 13 23 14 20
10 0 20 2 20 3 19 5 13 6 12 7 21 10 15 11 22 13 18 14 20
3 6 15 10 14 12 16
9 3 22 4 21 5 16 7 14 10 14 11 13 12 15 13 15 14 20
5 1 23 3 17 5 18 12 14 14 18
8 0 23 1 22 2 14 6 20 7 14 9 22 12 19 13 16
3 3 24 7 24 10 16
1 8 23
8 1 16 2 23 4 17 5 23 6 18 8 22 9 19 13 15
3 3 12 10 17 11 23
11 0 24 1 13 2 24 3 19 5 17 6 19 7 15 8 17 9 13 12 14 14 22
12 0 22 1 16 2 17 3 19 4 19 5 24 6 16 7 22 8 23 9 12 11 23 13 19
6
12 1 0.0024000000000000002
5 9 0.0014
4 6 0.0018000000000000002
10 14 0.0024000000000000002
0 3 0.0014
0 13 0.0016
18
14 11 0.0018000000000000002 0.11307008567741574
8 13 0.0019 0.12183940343329958
0 2 0.0018000000000000002 0.13132581628176793
13 11 0.0014 0.12402995634424305
1 6 0.0018000000000000002 0.1469701345371624
5 14 0.0015 0.13135103458273445
6 14 0.0016 0.13514872036566467
6 11 0.0019 0.10815826320561706
0 8 0.0015 0.14869083178502718
1 12 0.0013000000000000002 0.11030854567246091
12 9 0.0012000000000000001 0.11142847675178702
8 14 0.0017000000000000001 0.1289643343152944
11 14 0.0022 0.13052911036138837
5 8 0.0023 0.13616922826327812
10 3 0.0022 0.1289908179774774
5 11 0.0022 0.14120648832709873
14 1 0.0012000000000000001 0.10730320987049025
7 6 0.0021000000000000003 0.11932949866863658
