15
5 5 14 10 19 11 18 13 18 14 14
12 0 13 2 18 4 18 5 13 6 15 7 13 8 21 9 23 11 12 12 19 13 17 14 24
6 0 22 5 24 6 22 11 22 12 12 14 18
6 1 21 4 12 6 24 8 16 10 23 11 19
11 1 18 2 14 3 15 5 15 6 13 7 18 10 18 11 12 12 12 13 19 14 24
9 0 20 1 15 2 20 4 23 6 17 7 15 8 20 13 12 14 20
8 0 23 1 17 2 15 5 22 8 16 10 19 12 23 13 19
13 0 15 1 17 2 12 4 21 5 23 6 21 8 16 9 24 10 23 11 20 12 21 13 20 14 20
10 0 15 1 14 2 14 4 20 6 12 7 23 9 19 10 16 12 13 14 16
2 10 14 13 18
3 4 12 5 15 7 22
11 1 19 2 21 3 24 4 23 5 20 7 20 9 20 10 24 12 13 13 13 14 17
11 1 21 2 18 3 16 4 12 5 18 6 12 7 20 9 12 10 14 11 17 13 18
11 1 15 3 15 4 18 5 21 6 15 7 19 9 21 10 17 11 17 12 18 14 16
7 0 23 1 20 2 19 4 23 7 17 9 13 13 21
6
0 5 0.0019
8 6 0.0021000000000000003
6 8 0.0014
5 4 0.0021000000000000003
14 0 0.0017000000000000001
11 8 0.0019
18
6 12 0.0016 0.1394276205308691
2 14 0.0019 0.1403381995841041
5 9 0.0014 0.12322113966693166
10 3 0.0014 0.1044294789311132
0 7 0.002 0.1497038594991114
9 8 0.002 0.13124492172560068
12 7 0.0024000000000000002 0.10952007896292092
0 4 0.002 0.11558660958359866
0 2 0.0016 0.1409336329485992
10 7 0.0024000000000000002 0.11918453774776032
7 3 0.0021000000000000003 0.14679982388998333
14 5 0.0021000000000000003 0.13949647814032812
5 3 0.0014 0.12504254970282325
14 6 0.0015 0.12449745573952105
14 9 0.0024000000000000002 0.14738377892933024
1 6 0.0018000000000000002 0.1374536434968855
3 10 0.0015 0.10125663722231856
8 6 0.0013000000000000002 0.1237941089775273
