15
6 1 21 2 19 3 21 7 20 8 20 12 16
4 2 14 3 15 6 23 13 16
6 1 18 4 19 5 22 7 12 11 15 13 23
5 0 14 4 14 9 23 11 23 12 19
10 0 15 1 16 2 24 3 20 6 17 7 17 8 23 9 19 10 12 11 20
8 0 15 2 13 3 18 4 17 8 12 11 19 13 24 14 13
9 0 17 1 22 3 22 4 13 5 24 8 23 12 18 13 14 14 20
10 0 14 1 17 2 22 3 17 6 21 9 13 10 22 11 15 13 24 14 21
2 6 13 10 14
10 0 14 2 22 3 14 4 18 7 12 8 21 10 13 11 12 13 20 14 22
9 0 23 1 12 2 20 3 21 5 24 8 15 9 13 13 21 14 14
5 1 17 3 20 5 14 12 16 13 18
1 11 24
10 3 13 4 23 5 23 6 24 7 20 8 13 9 20 10 16 11 22 14 20
1 8 20
6
4 7 0.0014
14 8 0.0013000000000000002
10 6 0.0015
14 5 0.0013000000000000002
9 8 0.0015
7 2 0.0024000000000000002
18
0 11 0.0015 0.14977788985316737
4 5 0.0022 0.11293136083370611
1 8 0.0018000000000000002 0.10550600378809526
14 5 0.0014 0.12452730485273271
7 3 0.0021000000000000003 0.11707977461552388
5 12 0.0012000000000000001 0.11645484616874106
10 4 0.0015 0.14628698049277092
2 10 0.0018000000000000002 0.12267811519890376
13 0 0.0015 0.10419046607713173
3 9 0.0012000000000000001 0.14182080554825724
0 12 0.0017000000000000001 0.11299908757946166
4 10 0.0023 0.1306856949865024
7 14 0.0014 0.11240110059894338
9 13 0.0012000000000000001 0.11949174460361149
13 1 0.0017000000000000001 0.1363539385405799
5 13 0.0017000000000000001 0.10904678364148396
11 4 0.0015 0.11278236165537947
0 1 0.0019 0.13223318123253744
