15
10 3 16 4 23 5 16 6 17 7 20 8 24 10 14 11 16 12 17 14 21
4 4 13 5 15 6 12 13 19
6 3 16 4 23 5 12 7 23 9 20 10 13
12 0 13 1 18 4 19 5 24 6 21 7 14 8 23 10 22 11 14 12 20 13 24 14 20
9 1 14 2 15 3 12 5 17 6 24 7 12 9 15 10 18 11 21
5 2 23 4 14 8 21 9 23 13 18
13 0 15 1 23 2 16 3 23 4 16 5 14 7 14 8 23 9 23 10 23 11 14 12 21 13 22
4 4 17 5 18 9 15 11 21
12 0 21 2 18 3 20 4 12 5 17 6 16 7 17 9 17 11 15 12 12 13 18 14 13
7 0 14 5 17 6 23 7 13 12 16 13 18 14 23
6 1 22 4 16 9 13 12 18 13 17 14 22
13 0 23 1 13 2 21 3 19 4 17 5 12 6 13 7 18 8 21 9 12 10 23 12 19 13 18
12 0 19 1 13 2 24 4 22 5 16 6 18 7 19 8 23 9 24 10 16 11 21 13 21
9 0 15 5 19 6 19 7 18 9 14 10 19 11 20 12 19 14 22
4 1 24 8 22 10 17 13 12
6
11 5 0.0015
14 12 0.0021000000000000003
8 6 0.0023
2 11 0.002
12 11 0.0012000000000000001
7 3 0.0024000000000000002
18
0 1 0.0015 0.12297646624701368
3 14 0.0018000000000000002 0.10850648301172952
5 0 0.0014 0.13257695017630916
6 9 0.0014 0.14941101578773075
13 11 0.0022 0.1010964014600953
4 9 0.0018000000000000002 0.11968641146909298
6 4 0.0024000000000000002 0.12424936526271624
3 6 0.0012000000000000001 0.1339136158295472
6 4 0.0015 0.10560166515551328
11 9 0.0014 0.10888653105978112
4 12 0.0022 0.1133960453051114
4 13 0.0016 0.12893278120133975
5 14 0.0023 0.1181026926505065
4 11 0.0014 0.14875743166077096
14 6 0.0023 0.11257282725519176
6 4 0.0021000000000000003 0.13858167455228226
4 12 0.0018000000000000002 0.10789742727776824
13 12 0.0018000000000000002 0.1307700506885351
