15
1 3 22
8 3 15 6 19 7 18 8 21 9 13 10 14 11 14 14 18
11 0 12 3 16 4 16 6 14 7 24 8 21 10 18 11 12 12 19 13 13 14 19
6 0 14 2 21 9 17 10 21 13 24 14 15
4 1 20 3 12 8 15 9 12
10 0 19 1 20 2 15 4 20 6 23 7 19 8 21 9 23 12 14 14 24
6 4 14 7 21 9 18 10 15 12 16 13 20
6 1 20 2 22 3 21 4 12 8 21 11 14
11 0 22 1 17 2 15 3 17 4 18 5 20 6 15 9 23 11 21 13 23 14 17
1 10 19
13 1 13 2 17 3 22 4 23 5 24 6 23 7 19 8 18 9 15 11 21 12 17 13 15 14 23
5 1 17 6 23 10 17 12 19 14 21
1 13 20
7 0 13 2 16 3 18 6 24 7 14 9 20 11 15
5 1 17 5 12 7 18 10 13 12 15
6
7 6 0.0017000000000000001
8 2 0.0015
8 4 0.0019
5 11 0.0021000000000000003
3 5 0.0012000000000000001
12 4 0.0017000000000000001
18
12 4 0.0017000000000000001 0.1127498054902921
5 6 0.0016 0.13302993192860568
9 6 0.0024000000000000002 0.14172094232424548
7 10 0.0022 0.10402492674022408
10 13 0.002 0.11790584531745006
8 9 0.0021000000000000003 0.10262116080063473
11 14 0.0014 0.1006525886553611
11 2 0.0012000000000000001 0.13712569688665496
8 9 0.0013000000000000002 0.13954766347713704
5 0 0.0017000000000000001 0.1335970281259553
3 9 0.0014 0.11073693756369538
14 4 0.0016 0.11210543461033257
10 11 0.0018000000000000002 0.13904858152069696
13 8 0.0017000000000000001 0.14132345890830567
8 12 0.0012000000000000001 0.10700674171560777
1 12 0.0024000000000000002 0.11662463647025963
1 9 0.0019 0.1010394000736291
10 12 0.0013000000000000002 0.11513574938177569
