15
11 1 21 2 20 4 20 5 16 6 23 7 19 9 22 11 14 12 24 13 23 14 15
6 0 17 7 15 10 22 11 14 12 18 14 12
12 0 15 1 16 3 16 4 13 5 18 7 24 8 19 9 14 11 13 12 20 13 13 14 17
12 0 18 1 17 2 17 4 18 6 18 7 19 8 23 9 21 11 12 12 20 13 20 14 20
6 0 23 1 19 5 17 12 15 13 21 14 24
9 1 18 2 23 4 17 6 17 8 16 10 19 11 12 12 17 13 21
13 0 16 1 16 2 14 3 13 4 16 5 17 7 24 8 14 9 17 10 20 11 19 12 23 13 17
11 0 23 1 12 2 13 3 13 5 24 6 17 8 22 9 12 10 20 12 12 13 19
9 0 15 1 23 3 21 4 14 6 16 7 17 9 17 10 19 11 21
5 1 13 2 16 3 17 12 18 14 14
10 0 17 1 24 3 18 4 21 5 24 8 18 9 17 12 17 13 23 14 15
13 0 22 1 17 2 24 3 15 4 24 5 22 6 19 8 12 9 20 10 13 12 15 13 13 14 12
10 2 16 3 19 4 13 5 15 6 23 8 12 10 23 11 12 13 22 14 22
6 1 22 4 16 7 12 8 15 10 12 12 16
13 0 21 1 23 2 23 3 20 4 22 5 15 7 12 8 23 9 22 10 13 11 12 12 24 13 19
6
2 11 0.0015
3 14 0.0023
14 4 0.0015
8 5 0.0016
9 0 0.0021000000000000003
1 4 0.0019
18
6 13 0.0012000000000000001 0.11500855565710054
1 11 0.0013000000000000002 0.13397372256326046
14 1 0.0013000000000000002 0.10655251502069629
11 10 0.0023 0.13320625276488618
11 13 0.0022 0.12543456339139722
13 5 0.0016 0.14628360964907478
10 9 0.0022 0.120945345803324
12 13 0.0019 0.11494665004087226
12 5 0.0019 0.13820842569808744
6 5 0.0023 0.14092703009369761
14 7 0.0021000000000000003 0.14264434122218095
13 3 0.0017000000000000001 0.10821700291130254
7 4 0.0014 0.12588170320108164
10 12 0.0012000000000000001 0.110692376153365
2 11 0.0013000000000000002 0.14697179901026433
0 11 0.0023 0.14356155961768532
13 6 0.0017000000000000001 0.13774403218788236
10 5 0.0014 0.14032046354412675
