15
4 2 24 3 21 4 23 14 20
8 2 13 3 17 4 22 6 12 7 20 8 24 10 12 12 17
8 0 22 3 12 4 18 5 23 7 15 10 22 11 14 13 12
12 0 17 2 13 4 14 5 23 6 24 7 19 8 14 9 18 10 20 11 16 12 22 13 17
7 0 24 2 20 3 12 6 18 8 13 9 23 14 14
3 1 23 7 18 8 12
8 1 18 3 12 5 18 7 12 9 19 10 23 12 12 13 22
11 0 18 2 16 4 12 5 17 6 23 8 19 9 17 11 12 12 24 13 19 14 15
13 0 22 1 24 2 23 3 13 4 19 5 19 6 18 7 23 9 15 11 12 12 12 13 14 14 24
10 0 23 1 18 3 24 6 18 7 12 8 16 10 12 11 23 12 24 14 24
13 0 23 2 20 3 21 4 20 5 18 6 15 7 17 8 15 9 23 11 14 12 16 13 21 14 18
7 0 16 2 24 5 20 6 19 7 24 13 23 14 12
6 0 18 1 22 3 16 5 17 7 23 11 19
6 0 20 2 14 4 18 6 17 7 15 10 23
8 0 17 1 23 2 12 5 13 6 15 8 21 10 12 12 12
6
13 3 0.0013000000000000002
4 6 0.0024000000000000002
0 11 0.0012000000000000001
13 7 0.0021000000000000003
0 6 0.0021000000000000003
11 5 0.0012000000000000001
18
11 8 0.0018000000000000002 0.1323413002695819
13 14 0.0014 0.10061239673786318
5 1 0.0023 0.10466728576021984
0 11 0.0017000000000000001 0.11896449574004853
12 14 0.0016 0.11838307654640633
1 7 0.0022 0.10741697579252106
3 9 0.0014 0.13767621582115244
13 1 0.0019 0.14627841944626202
12 13 0.0022 0.10778661009104301
3 4 0.0019 0.10577495605612863
7 4 0.0019 0.14217692073185753
0 14 0.0024000000000000002 0.11649968136486179
1 5 0.0019 0.1399119758687146
2 11 0.0015 0.12243348529560948
3 4 0.0013000000000000002 0.14366681563948366
14 5 0.0013000000000000002 0.11787768611703375
0 12 0.0023 0.1451184832463338
3 8 0.0019 0.10863748667274103
