15
3 3 13 7 18 13 22
4 5 15 9 20 11 12 12 21
2 4 23 7 15
10 0 13 1 21 2 18 4 24 5 20 7 20 8 15 10 19 11 16 14 15
11 2 16 3 15 5 21 6 16 7 23 8 22 9 22 10 18 11 15 13 23 14 13
7 1 21 4 23 7 14 8 21 9 19 11 21 14 13
12 0 19 1 20 2 21 3 12 4 19 8 24 9 16 10 17 11 23 12 22 13 23 14 16
12 0 18 1 12 2 23 4 18 5 24 6 20 8 19 9 22 10 24 12 15 13 17 14 14
13 1 12 2 17 3 15 4 20 5 23 6 12 7 13 9 21 10 23 11 19 12 18 13 18 14 13
7 0 20 1 21 2 17 3 20 7 20 10 13 14 15
12 0 17 1 23 3 18 4 16 5 24 6 22 7 20 8 16 9 13 11 20 12 20 14 23
8 0 14 1 16 3 22 4 19 5 19 7 23 10 14 13 19
1 7 19
4 0 20 3 18 10 22 12 15
1 9 20
6
9 5 0.0022
10 3 0.002
3 14 0.0017000000000000001
5 12 0.0024000000000000002
8 14 0.0015
0 10 0.0018000000000000002
18
14 8 0.0024000000000000002 0.14725693390530475
12 3 0.002 0.12812568411782174
14 10 0.0016 0.1455495990240342
7 11 0.0016 0.11927886453219702
5 2 0.0017000000000000001 0.12187499130725149
7 12 0.0023 0.12529104961438148
8 5 0.0013000000000000002 0.13268208399522496
11 4 0.0017000000000000001 0.10253071030206631
7 11 0.0018000000000000002 0.11064682268802864
7 2 0.0024000000000000002 0.13453958530742127
5 3 0.0014 0.11415862847825105
9 0 0.0015 0.11177406974296313
11 4 0.0021000000000000003 0.11130775430350157
3 14 0.0016 0.14085816768198403
0 5 0.0018000000000000002 0.13065935225735192
13 1 0.0017000000000000001 0.11223462082512008
12 2 0.0021000000000000003 0.13430670118585974
3 14 0.0016 0.13261329282385748
