10
4 1 12 3 16 5 23 9 14
7 0 17 2 17 3 19 4 21 5 13 8 20 9 24
4 3 23 5 24 8 24 9 21
4 1 22 5 13 6 23 7 15
4 1 18 5 14 7 20 8 13
4 0 21 1 21 3 14 7 24
7 1 12 2 22 3 23 5 21 7 21 8 22 9 13
3 1 24 5 19 9 18
6 1 15 4 17 5 18 6 23 7 12 9 14
3 0 17 6 17 8 14
4
3 7 0.0016
0 6 0.0019
0 9 0.0022
1 2 0.0022
12
1 8 0.0023 0.1375526003384844
7 8 0.0016 0.1196689879298517
3 6 0.0024000000000000002 0.10161223011736477
9 0 0.0017000000000000001 0.1251278753446417
0 9 0.0017000000000000001 0.12016907051775094
7 0 0.0022 0.10280282291071807
7 0 0.0022 0.14441885910260335
6 1 0.0017000000000000001 0.1217300949957336
0 9 0.0014 0.10953120960511231
1 6 0.0014 0.11044760184056548
4 5 0.0023 0.10783068633683729
0 3 0.0012000000000000001 0.10550668056948954
