10
8 1 22 2 15 3 14 5 24 6 17 7 22 8 24 9 23
2 2 20 5 20
2 0 16 9 20
1 0 23
3 1 24 6 22 7 14
2 3 23 7 15
2 3 24 8 12
8 0 21 1 23 2 16 3 19 4 23 5 13 6 17 9 23
6 0 17 1 14 3 17 4 14 6 24 9 16
4 0 22 1 12 4 18 7 19
4
3 6 0.0022
6 4 0.0023
3 4 0.0013000000000000002
9 4 0.0019
12
5 2 0.002 0.12996012004659363
4 1 0.0017000000000000001 0.12875972171390293
7 9 0.0013000000000000002 0.13132723674741412
4 2 0.0017000000000000001 0.11865936694642565
0 3 0.0019 0.12273030080630382
0 4 0.0015 0.14624255019246474
1 8 0.0022 0.11248736874784811
9 7 0.0017000000000000001 0.13554825712799143
5 6 0.0017000000000000001 0.14891912037151897
3 5 0.0016 0.1286796201300092
6 7 0.0014 0.12329787569544115
8 9 0.0015 0.10618001015835454
