10
3 2 21 4 23 6 14
6 0 14 2 19 3 16 5 21 7 19 9 24
2 6 14 8 24
4 1 14 6 22 7 20 9 16
8 0 18 1 21 2 23 3 19 5 12 6 22 8 15 9 17
6 0 16 2 24 3 17 4 20 8 17 9 23
4 2 17 4 18 7 12 8 18
3 0 15 3 14 9 21
7 1 17 3 18 4 19 5 24 6 12 7 17 9 22
3 4 20 6 23 7 13
4
5 6 0.0016
7 4 0.0019
8 6 0.0017000000000000001
6 4 0.0013000000000000002
12
3 6 0.0015 0.10122598585910507
9 1 0.0015 0.13148700855989812
5 6 0.0017000000000000001 0.1468952986925277
7 4 0.0013000000000000002 0.10804112000021951
7 1 0.0016 0.11982535864681743
6 1 0.002 0.12171723317117615
0 4 0.0016 0.12181689762396723
1 9 0.0016 0.1403199362117915
0 4 0.0017000000000000001 0.13441941883920464
4 1 0.0013000000000000002 0.13029521649523754
1 0 0.0022 0.10879780159125359
6 4 0.0018000000000000002 0.13906788236316062
