10
7 1 15 2 24 4 13 5 12 7 19 8 17 9 18
8 0 22 2 17 3 17 4 13 6 16 7 13 8 17 9 16
8 0 22 1 22 3 16 4 20 5 24 6 22 8 15 9 17
1 6 12
8 0 16 1 19 2 24 3 17 5 24 6 24 7 24 8 24
6 0 13 2 12 3 15 4 24 6 22 9 21
4 1 24 2 18 4 17 8 17
5 0 12 1 18 6 12 8 21 9 15
2 0 17 5 18
4 3 22 5 17 6 12 8 12
4
8 1 0.0024000000000000002
3 7 0.0014
3 5 0.0024000000000000002
1 4 0.0013000000000000002
12
0 5 0.0012000000000000001 0.1419317087624599
9 6 0.0013000000000000002 0.11333561327412706
4 7 0.002 0.1397781499123834
4 3 0.0018000000000000002 0.13092120631304474
1 2 0.0012000000000000001 0.11937533989174531
1 4 0.0023 0.11301086182322384
6 1 0.0022 0.1037575756598361
0 1 0.0012000000000000001 0.13109604527140106
5 4 0.0023 0.14238646490417253
9 0 0.002 0.13844288352945505
9 1 0.0016 0.14079600939063283
0 4 0.0016 0.11072759442729681
