10
8 1 23 3 20 4 21 5 18 6 15 7 13 8 24 9 21
1 8 16
4 0 20 1 20 6 16 9 14
5 0 18 2 16 5 17 7 14 9 23
8 0 12 1 20 2 17 3 15 5 16 6 15 7 15 9 17
7 0 18 1 23 2 23 3 17 6 14 7 14 9 16
4 0 21 1 14 2 16 7 13
6 0 19 2 19 3 22 4 20 5 15 9 16
5 2 19 3 22 5 21 7 18 9 20
2 0 16 6 13
4
0 8 0.0024000000000000002
1 0 0.0023
3 2 0.0024000000000000002
8 9 0.002
12
3 1 0.0019 0.12450332107702598
8 7 0.0014 0.13211216419510768
8 5 0.002 0.13320533120465977
5 4 0.0023 0.13866712779127083
0 6 0.0018000000000000002 0.11470336054211236
0 7 0.0021000000000000003 0.14324394873827562
3 4 0.0021000000000000003 0.12512557744648864
5 3 0.0019 0.14549095159409253
2 5 0.0023 0.12112210959196167
2 4 0.0019 0.10184511700077814
3 9 0.0016 0.12494793252475354
4 5 0.0023 0.13124227760522758
