10
2 3 12 5 19
6 4 17 5 19 6 14 7 21 8 24 9 19
8 0 14 1 13 3 13 4 17 5 24 6 18 7 19 8 13
6 0 14 1 18 2 23 5 18 6 16 8 19
3 3 22 5 13 6 23
6 0 21 1 15 2 14 6 17 8 23 9 23
7 0 14 1 22 2 16 5 20 7 17 8 19 9 22
1 6 23
8 0 20 1 16 2 15 3 21 4 17 5 14 7 23 9 18
2 1 23 8 21
4
0 5 0.0021000000000000003
9 2 0.0017000000000000001
7 0 0.0012000000000000001
1 5 0.0022
12
9 1 0.0015 0.11456144949133139
2 3 0.0017000000000000001 0.10068591565180231
0 2 0.0013000000000000002 0.13423806327170734
4 3 0.0024000000000000002 0.10916569279253244
4 6 0.0021000000000000003 0.11968534521926068
1 2 0.0024000000000000002 0.13716228718805634
9 4 0.0014 0.11300560960173378
5 4 0.0022 0.11589743400782049
9 6 0.0024000000000000002 0.13406301980663596
1 5 0.0013000000000000002 0.10987162695047242
0 4 0.0017000000000000001 0.11042570206415993
6 5 0.0013000000000000002 0.12814442485306632
