10
4 2 20 3 24 4 17 9 20
3 3 16 4 15 7 15
7 0 22 1 20 5 16 6 17 7 15 8 20 9 17
3 0 13 5 19 7 14
5 0 13 3 21 5 16 6 21 8 23
5 1 12 3 20 6 17 7 16 9 22
3 1 21 2 14 7 19
4 2 23 3 14 4 12 6 15
1 4 24
7 1 14 3 21 4 15 5 21 6 17 7 19 8 14
4
7 9 0.0021000000000000003
4 6 0.0016
3 8 0.002
5 9 0.0014
12
8 7 0.0023 0.13794999548665016
1 2 0.0021000000000000003 0.1335467661526044
1 4 0.0013000000000000002 0.10923387439526502
8 3 0.0024000000000000002 0.11430842837768514
2 8 0.002 0.1103628416424273
1 5 0.0015 0.11560366563100088
8 3 0.0018000000000000002 0.10779041996652025
7 2 0.0013000000000000002 0.11269699265155253
1 5 0.002 0.1037932122257241
9 8 0.0022 0.11381810399099763
1 8 0.0023 0.11298555390789644
1 7 0.002 0.12046493778411534
