10
7 1 21 2 16 3 23 5 17 7 17 8 14 9 13
1 9 15
4 1 16 7 17 8 22 9 13
4 1 13 2 23 8 13 9 24
3 0 19 1 13 9 16
7 0 14 1 18 2 16 3 21 4 20 7 22 9 22
6 1 15 3 12 4 13 5 24 8 19 9 24
5 1 17 3 15 5 15 8 23 9 13
8 0 16 1 12 3 24 4 22 5 13 6 13 7 14 9 23
5 0 16 3 17 4 15 5 13 7 13
4
3 8 0.0018000000000000002
4 1 0.0012000000000000001
1 9 0.0014
4 2 0.0024000000000000002
12
8 4 0.0017000000000000001 0.11575345263781206
7 6 0.002 0.1094112537710475
7 6 0.0022 0.13554869873235137
7 5 0.0013000000000000002 0.1300374047233443
3 1 0.0022 0.1443541072313781
9 3 0.0019 0.10897475791675472
4 3 0.0021000000000000003 0.11995500392586479
6 4 0.0021000000000000003 0.14938322706798757
2 1 0.0021000000000000003 0.12806105287659303
4 5 0.0018000000000000002 0.13391854794784486
4 5 0.0024000000000000002 0.1271104321126838
7 4 0.0013000000000000002 0.1379723155056946
