10
6 1 13 2 21 3 16 6 14 8 13 9 18
2 4 21 9 12
6 1 16 3 15 4 18 5 13 6 12 7 17
2 1 21 4 23
2 5 22 7 21
8 0 19 1 13 2 12 3 22 4 24 6 13 8 24 9 14
4 1 14 3 23 5 21 8 15
8 0 18 1 22 2 20 3 20 4 18 5 19 6 21 9 21
5 0 19 1 22 2 12 5 23 9 17
3 2 12 3 22 8 24
4
9 1 0.0021000000000000003
6 3 0.0019
9 3 0.0021000000000000003
9 5 0.002
12
8 7 0.0013000000000000002 0.14409520648250132
5 4 0.002 0.12735974385880275
5 0 0.0023 0.11875004015217291
1 5 0.0014 0.12052329173415673
3 7 0.0024000000000000002 0.14382477815352637
3 2 0.0024000000000000002 0.11770827425742465
5 0 0.0022 0.10701789314748114
7 8 0.0014 0.12761128954350942
7 3 0.0023 0.12754878939235656
0 2 0.0014 0.1459079545502213
4 5 0.0016 0.13286379628416894
5 9 0.0023 0.11873596722134447
