10
1 5 19
4 5 24 6 21 7 12 9 16
7 0 13 1 18 3 22 5 20 6 17 8 20 9 15
5 0 17 4 24 7 22 8 12 9 15
5 0 14 2 22 3 14 7 21 9 20
3 2 13 4 16 7 23
6 0 19 3 24 5 22 7 13 8 23 9 18
2 2 21 8 21
6 0 18 1 24 3 15 4 14 5 17 6 22
5 0 19 1 23 3 14 4 20 5 20
4
1 4 0.0016
6 1 0.0021000000000000003
9 3 0.0016
2 9 0.002
12
7 9 0.0018000000000000002 0.14411871292902417
1 0 0.0014 0.14622635404875245
8 2 0.0015 0.1330843319123295
1 6 0.0022 0.1396853409511019
1 0 0.0018000000000000002 0.10030958990762961
3 9 0.0014 0.12839492966166913
3 2 0.0015 0.12247894433198228
6 7 0.0022 0.12528636462467535
7 1 0.0016 0.14964565580574418
4 7 0.0013000000000000002 0.1377468915141438
1 9 0.0019 0.10385138986708992
5 9 0.0016 0.11734018143801961
