10
8 1 16 2 15 3 20 5 23 6 21 7 21 8 12 9 18
3 2 21 6 12 8 24
7 1 12 3 21 4 13 5 15 7 21 8 19 9 15
5 1 23 4 20 6 15 7 14 9 21
1 5 16
1 7 15
2 0 18 1 20
7 1 14 2 17 4 16 5 13 6 23 8 13 9 23
7 0 20 2 21 3 19 5 13 6 24 7 18 9 12
5 1 22 4 19 5 19 6 23 8 20
4
1 6 0.0024000000000000002
8 5 0.0018000000000000002
6 8 0.0019
2 9 0.0023
12
7 1 0.0022 0.10666172878225114
4 2 0.0016 0.13159567113980306
4 2 0.0017000000000000001 0.14787931406842397
4 5 0.0018000000000000002 0.11327781491953283
2 4 0.0021000000000000003 0.10094521999474991
2 5 0.0014 0.10477514703416833
8 5 0.0018000000000000002 0.11271981427170445
6 2 0.0023 0.13937878185101993
4 3 0.0015 0.14597347267666172
1 0 0.002 0.11429779549059023
1 0 0.0021000000000000003 0.13466087329443008
9 0 0.0015 0.13528505994871776
