10
7 1 20 2 22 3 17 5 16 6 15 7 20 8 18
3 0 14 4 19 5 23
5 0 21 3 15 6 17 8 23 9 17
1 6 22
5 0 12 2 17 5 22 8 16 9 14
8 1 13 2 17 3 13 4 21 6 12 7 12 8 15 9 15
7 0 14 1 19 2 23 3 12 4 23 7 18 9 12
2 0 12 9 14
8 0 19 1 20 2 17 3 23 5 17 6 17 7 15 9 19
6 0 12 1 24 4 23 6 21 7 13 8 16
4
6 1 0.0021000000000000003
1 2 0.0014
1 4 0.0017000000000000001
0 4 0.0023
12
5 6 0.0014 0.11676268539836039
5 4 0.0022 0.12609712224904748
4 8 0.0017000000000000001 0.1463423099637436
8 6 0.0023 0.14265199305906548
2 3 0.0021000000000000003 0.11676194717384294
2 0 0.0018000000000000002 0.11803031071450655
3 8 0.0019 0.12811176654797662
9 0 0.0014 0.10727913712683085
5 3 0.0012000000000000001 0.14254767345600372
0 9 0.0013000000000000002 0.1262203485545515
9 0 0.0017000000000000001 0.13805800943550608
9 7 0.0017000000000000001 0.11857674205468557
