10
4 2 21 3 15 5 14 7 22
2 5 17 6 19
1 5 23
2 7 22 9 19
2 0 17 8 13
5 0 22 1 16 2 16 8 21 9 19
6 1 24 2 16 3 12 5 20 8 23 9 22
5 2 23 4 24 5 15 6 18 9 15
1 6 15
7 0 21 1 14 2 24 4 24 5 16 7 17 8 16
4
8 0 0.0013000000000000002
8 4 0.0014
4 6 0.0021000000000000003
3 1 0.0014
12
6 2 0.002 0.1118006412481315
5 4 0.002 0.11837040987978997
6 1 0.0012000000000000001 0.13660430051412484
2 5 0.0013000000000000002 0.14282754968745434
5 7 0.002 0.14896407686792504
0 2 0.0023 0.14840524194674892
4 2 0.0022 0.11139920562190445
8 6 0.0015 0.11730514961870106
7 2 0.0024000000000000002 0.1208030558456525
0 7 0.0017000000000000001 0.1148228135553193
1 4 0.0017000000000000001 0.14330375300501969
0 4 0.0021000000000000003 0.13936018176230644
