10
7 2 12 3 13 5 19 6 24 7 17 8 21 9 22
6 0 22 2 22 4 21 7 16 8 21 9 19
8 0 24 1 14 3 21 4 21 6 18 7 15 8 24 9 20
5 1 23 2 16 4 20 7 21 8 20
6 0 23 1 14 3 22 6 21 7 21 8 24
1 0 17
6 0 22 3 19 4 15 5 18 7 16 9 18
6 0 20 3 15 5 22 6 22 8 17 9 18
8 0 15 1 18 2 13 3 24 4 18 5 12 6 17 9 16
7 0 15 1 20 2 17 3 17 5 20 6 16 7 24
4
7 4 0.0021000000000000003
2 6 0.0021000000000000003
6 5 0.0024000000000000002
2 6 0.0024000000000000002
12
8 3 0.0014 0.11515425676968555
2 4 0.0019 0.13114664320010155
0 8 0.0016 0.11205514447316976
5 7 0.0013000000000000002 0.13542070532290046
9 3 0.002 0.1278727897550588
5 2 0.0023 0.13389378153935733
9 8 0.0023 0.14102019332524843
8 2 0.0013000000000000002 0.12269903233174555
2 0 0.0016 0.11207054559655784
3 6 0.0024000000000000002 0.125137485871903
5 2 0.0015 0.11328053128495415
4 2 0.0019 0.12070704541739531
