13
5 6 16 19 3 7 4 15 0 1 2 9 11 18 
0 1 2 9 11 3 
18 3 7 4 15 0 1 2 9 11 5 
11 3 6 16 19 18 14 7 4 15 0 1 2 8 
2 9 11 3 7 4 15 0 
17 6 16 19 18 3 7 
4 15 0 1 2 9 11 3 7 
16 19 18 3 7 4 15 0 1 2 9 11 14 
9 2 18 3 
2 9 11 
17 6 16 19 18 3 7 4 
7 4 15 0 1 10 
15 0 
26
14 7 9 8 15 12 13 11 10 
14 17 0 5 6 3 
16 4 13 11 5 14 
8 15 12 13 11 10 7 9 
1 2 3 6 16 4 13 11 5 14 
10 7 9 8 
11 5 14 7 9 8 15 18 19 
11 5 14 7 9 8 15 18 19 1 2 3 6 16 4 
11 5 14 7 9 8 15 18 19 1 2 3 6 16 
6 16 4 13 11 5 
16 4 13 11 5 14 7 9 8 15 18 19 1 2 
12 13 11 10 7 
17 0 5 6 3 2 
12 13 14 17 0 
5 6 
0 5 6 3 2 7 9 
9 11 13 14 
1 2 3 6 16 4 13 11 10 
11 5 14 7 9 8 15 18 19 1 2 3 6 16 
15 18 19 1 2 3 6 16 4 13 11 5 14 
17 0 
14 7 9 8 15 18 19 
6 16 4 13 11 5 14 7 9 8 15 18 19 
0 5 6 3 2 7 9 11 10 
7 9 
10 7 9 8 15 18 
