1 0 3 51.9922 12 3 2 16
1 1 1 16.9982 5 8
1 2 2 27.997 13 0 10
1 3 1 19.9976 18 1
1 4 3 60.9946 4 19 0 9
1 5 2 34.9939 3 2 1
1 6 1 13.998 17 14
1 7 1 19.9985 15 7
1 8 2 34.9968 13 3 14
1 9 2 36.997 18 0 6
2 0 1 13 5 4
2 1 2 27 12 10 17
2 2 1 23 15 2
2 3 1 14 18 2
2 4 2 44 0 1 14
2 5 1 20.996 3 2
2 6 2 32 16 13 18
2 7 2 33.9981 12 3 4
2 8 2 37.9941 12 3 2
2 9 2 35.9985 18 0 3
2 10 2 45 7 0 2
2 11 2 32.9985 16 13 0
2 12 2 34.9968 13 3 14
2 13 2 28 17 0 18
2 14 1 17 1 6
2 15 1 18 11 16
2 16 2 32 11 3 5
2 17 2 40 5 6 0
2 18 1 14 5 16
2 19 1 12 5 10
