15
10 1 20 3 24 4 17 6 18 7 21 8 13 9 19 10 17 11 23 12 13
2 6 15 9 19
3 0 12 7 16 13 20
13 0 17 1 16 2 17 4 17 6 14 7 15 8 15 9 21 10 19 11 22 12 17 13 14 14 22
13 0 17 2 21 3 19 5 19 6 20 7 23 8 24 9 15 10 23 11 23 12 24 13 20 14 24
13 0 20 1 14 2 22 3 15 4 18 6 12 7 16 8 13 9 21 10 20 11 18 12 21 13 18
11 0 20 2 13 3 22 5 16 7 23 8 19 9 13 10 15 11 19 13 23 14 20
6 1 22 2 14 5 20 6 14 8 23 12 21
2 0 17 14 20
2 3 17 11 14
12 0 14 1 23 2 19 3 24 4 22 5 18 6 16 8 24 9 14 11 17 12 22 14 12
1 8 20
12 0 21 1 23 2 13 3 14 4 12 6 23 7 18 8 15 9 13 10 21 11 12 13 15
10 0 20 2 17 3 17 4 14 5 14 7 23 8 21 10 17 11 21 14 18
11 0 20 1 12 2 15 4 22 5 12 6 24 7 20 8 15 9 20 12 23 13 21
5
10 6 0.0015
2 13 0.002
0 11 0.0012000000000000001
6 5 0.0022
7 5 0.0021000000000000003
15
10 6 0.0024000000000000002 0.101904513120855
4 8 0.0019 0.14926294829744224
13 12 0.0014 0.10928071930925431
1 7 0.002 0.11538089261331386
1 8 0.002 0.14505057736766017
9 14 0.0019 0.1282587448971768
14 13 0.0013000000000000002 0.14030323918077484
0 6 0.0017000000000000001 0.1366270600268689
11 4 0.0017000000000000001 0.14243705340983298
8 11 0.0014 0.1404985246151058
6 7 0.0017000000000000001 0.10433931700839964
11 12 0.0015 0.1214330621909928
10 1 0.002 0.10782942541098062
12 5 0.0024000000000000002 0.14513998968566155
13 3 0.0024000000000000002 0.1028921624850354
