15
4 1 14 6 23 8 19 13 23
7 0 19 3 12 4 19 8 23 12 24 13 20 14 20
12 0 20 1 23 5 19 6 15 7 15 8 23 9 18 10 19 11 17 12 17 13 15 14 12
6 1 12 2 23 5 16 6 23 8 15 14 18
12 0 17 1 18 2 19 3 19 5 16 6 23 8 13 9 22 10 13 11 17 12 14 14 19
13 0 17 1 13 3 12 4 17 6 17 7 21 8 19 9 15 10 16 11 19 12 15 13 23 14 12
11 0 18 1 23 2 24 4 23 5 20 7 13 8 13 10 19 11 17 12 21 14 24
11 0 24 2 24 3 21 5 14 6 23 8 16 9 19 11 15 12 19 13 20 14 24
9 0 19 1 14 2 17 3 15 4 22 5 17 6 12 12 23 14 13
2 0 18 10 16
4 6 14 7 18 12 13 13 24
10 0 13 1 21 2 16 4 23 7 14 8 18 9 24 10 17 13 17 14 14
4 0 21 1 24 4 18 9 18
12 0 12 2 15 3 23 4 14 5 15 6 18 8 13 9 23 10 13 11 13 12 21 14 21
1 11 21
5
4 2 0.0012000000000000001
11 3 0.0012000000000000001
1 0 0.0021000000000000003
8 0 0.0018000000000000002
13 2 0.0021000000000000003
15
7 5 0.0021000000000000003 0.12433067252487531
13 7 0.0022 0.12188961727957619
14 5 0.0016 0.14487005974073114
14 6 0.002 0.12962176875574158
5 0 0.0023 0.11809624548661547
9 10 0.0013000000000000002 0.11106514267505035
14 12 0.002 0.14627422960542458
9 1 0.0013000000000000002 0.14958665391676107
6 1 0.0012000000000000001 0.1268900117876381
5 9 0.0021000000000000003 0.14252670180560567
4 11 0.0022 0.14767474271283204
9 7 0.0024000000000000002 0.10329119392519276
14 9 0.0013000000000000002 0.14553160387504754
14 11 0.0019 0.1468156159104332
12 3 0.0018000000000000002 0.14966242249428058
