15
11 2 17 3 20 4 20 5 16 6 21 8 21 9 13 10 17 11 21 12 18 14 24
9 0 22 3 14 4 20 5 14 8 24 9 15 10 15 12 18 14 24
7 3 24 5 17 7 12 9 22 10 12 13 17 14 17
7 2 18 5 21 7 20 10 15 12 14 13 21 14 23
6 0 23 8 15 10 15 11 17 13 17 14 19
2 2 24 7 24
10 1 24 4 12 5 23 7 18 8 20 9 14 10 20 11 18 13 12 14 17
11 0 12 1 13 2 14 3 19 4 19 5 23 6 14 8 21 12 22 13 14 14 17
12 0 24 1 17 2 20 3 19 4 20 5 15 6 20 7 17 11 22 12 15 13 23 14 14
10 0 22 2 20 3 15 5 18 7 13 8 21 10 21 11 16 13 13 14 14
13 0 17 1 16 2 15 3 18 4 14 5 24 6 13 7 15 8 24 9 12 12 16 13 15 14 22
3 5 24 7 18 8 12
2 9 12 13 17
8 0 23 1 18 3 24 5 24 7 21 8 21 10 19 12 22
6 0 12 5 24 6 19 7 18 11 23 13 13
5
9 14 0.0012000000000000001
6 1 0.0016
9 5 0.002
1 7 0.0013000000000000002
6 10 0.0013000000000000002
15
7 4 0.0023 0.10189426135171897
0 8 0.0014 0.11989690561861024
14 13 0.0023 0.13795459013566289
6 11 0.0017000000000000001 0.10518281290419945
1 2 0.0016 0.1469173185954339
10 1 0.0017000000000000001 0.14624478569600827
11 14 0.0015 0.12384241946960439
6 9 0.0022 0.12969218010169176
2 9 0.0024000000000000002 0.11163445193643891
0 9 0.002 0.11368125535451046
1 4 0.002 0.12152409963789587
12 13 0.0014 0.14924228250221994
13 4 0.0024000000000000002 0.12371822428203968
3 10 0.0012000000000000001 0.13310164543389597
1 5 0.0014 0.12496137182832694
