15
11 1 19 2 21 3 18 4 12 6 21 8 14 9 14 10 12 12 16 13 24 14 19
13 0 15 2 19 3 18 4 23 5 19 7 12 8 23 9 18 10 20 11 21 12 20 13 21 14 15
11 0 21 1 16 3 14 4 12 5 21 6 23 7 19 8 16 10 16 11 14 13 17
13 0 15 1 19 2 18 4 20 5 12 6 24 7 15 8 15 9 19 11 14 12 21 13 20 14 22
7 0 16 3 20 5 24 7 21 8 17 9 21 10 16
6 0 24 2 17 4 16 6 22 9 18 11 22
5 2 20 3 16 5 15 7 12 11 14
13 0 18 1 17 2 18 3 12 4 18 6 21 8 15 9 24 10 14 11 23 12 20 13 19 14 22
6 1 14 3 21 4 20 5 18 7 16 13 19
9 0 16 2 24 3 21 4 12 6 17 7 18 8 19 12 19 14 19
6 0 18 1 24 3 17 6 17 8 22 11 12
5 3 18 7 16 9 23 10 23 14 24
5 2 14 3 21 7 17 8 21 14 19
8 0 21 5 24 6 17 7 18 9 23 10 20 11 21 14 24
5 1 22 2 18 3 17 6 17 10 20
5
1 5 0.0019
9 14 0.0013000000000000002
8 14 0.0017000000000000001
10 0 0.0021000000000000003
4 8 0.0018000000000000002
15
12 1 0.0024000000000000002 0.14537602112078574
8 11 0.0018000000000000002 0.14015107812943786
0 9 0.0024000000000000002 0.10586479596351213
3 11 0.002 0.11026591968945974
13 7 0.0014 0.13992175472264656
4 0 0.0018000000000000002 0.10076777285867707
11 5 0.0024000000000000002 0.12135240255138907
9 0 0.002 0.11848680360359082
10 3 0.0016 0.1388988978392553
11 0 0.0012000000000000001 0.11580825813674432
13 0 0.0023 0.1418629426837411
6 11 0.0021000000000000003 0.13677308019215806
7 10 0.0017000000000000001 0.1401555932941011
8 12 0.0018000000000000002 0.14953702678191555
4 3 0.0012000000000000001 0.1205521206793381
