15
10 1 16 2 23 4 14 6 20 7 18 8 16 9 21 10 20 13 16 14 24
5 2 15 6 20 8 18 9 15 11 15
1 6 22
9 1 19 4 24 6 23 7 24 8 20 9 20 10 16 11 23 12 23
4 0 21 9 14 10 17 13 17
1 13 20
3 4 15 5 21 13 15
5 4 15 5 24 6 13 8 17 12 16
4 0 21 5 18 11 20 12 19
11 0 21 2 13 3 18 4 20 5 14 6 22 8 20 10 21 11 22 12 18 14 16
2 9 17 11 17
9 0 24 2 18 3 21 7 16 8 22 9 12 10 20 12 19 14 13
2 3 23 10 19
3 3 22 11 22 14 18
5 1 20 3 16 7 23 10 24 12 22
5
10 13 0.0016
4 1 0.0022
11 9 0.0021000000000000003
4 12 0.0021000000000000003
14 3 0.0022
15
6 2 0.0013000000000000002 0.11795562291672237
6 4 0.0012000000000000001 0.10540462265465876
6 8 0.0016 0.1408411681586436
12 6 0.002 0.13895244056662115
13 14 0.0018000000000000002 0.14867198983869007
12 0 0.0017000000000000001 0.14833610341150583
4 9 0.0016 0.11492387643179505
2 11 0.0017000000000000001 0.10684000382655154
6 13 0.0014 0.1448049040542914
1 0 0.0024000000000000002 0.10376527954904603
5 11 0.0016 0.10837222516561154
3 12 0.0024000000000000002 0.10181360785026973
7 13 0.0021000000000000003 0.12001562820501274
9 5 0.0021000000000000003 0.11854952975178878
11 1 0.0017000000000000001 0.1329103903370863
