15
13 1 13 2 21 3 21 4 20 5 20 6 20 7 22 9 23 10 18 11 14 12 12 13 20 14 20
4 4 21 8 20 10 15 12 21
8 0 17 4 16 5 21 7 14 8 19 10 18 11 23 14 13
7 0 16 1 22 8 18 9 24 10 24 11 18 12 20
7 1 15 2 21 3 23 5 22 6 20 8 14 12 14
5 1 21 4 15 6 19 9 16 11 15
13 0 15 1 24 2 15 4 21 5 13 7 17 8 22 9 18 10 12 11 24 12 13 13 17 14 14
3 0 12 9 16 11 16
1 11 19
10 1 12 3 17 4 14 5 17 6 14 7 21 8 13 11 20 12 22 13 15
1 13 17
13 0 20 1 22 2 13 3 18 4 22 5 24 6 16 7 21 8 19 9 22 10 15 12 14 14 22
6 0 22 1 16 3 17 6 21 7 20 11 20
8 1 15 2 18 7 22 8 18 9 21 10 14 12 22 14 19
13 0 23 1 15 2 22 3 21 4 15 5 14 6 21 7 18 8 14 9 15 10 20 12 20 13 24
5
6 12 0.0024000000000000002
0 7 0.0012000000000000001
9 12 0.0013000000000000002
7 2 0.0017000000000000001
6 5 0.0018000000000000002
15
6 8 0.0024000000000000002 0.1449950383920693
6 14 0.002 0.1407663988212697
3 11 0.002 0.1019004240061667
14 5 0.0013000000000000002 0.11268784457062257
5 7 0.0019 0.13739938548393285
8 4 0.0023 0.11715132191535452
0 1 0.002 0.12168482345890899
2 12 0.0012000000000000001 0.12274323719294941
12 10 0.0021000000000000003 0.10198922915146735
0 12 0.0024000000000000002 0.1218700379172336
2 1 0.0023 0.13292795044272354
6 13 0.0019 0.11606986234275432
12 9 0.0021000000000000003 0.12763525000459347
11 5 0.0013000000000000002 0.14349183804822577
5 11 0.0018000000000000002 0.13467888926692784
