15
11 2 17 3 19 5 16 6 16 7 19 8 14 9 21 10 20 11 20 12 16 13 21
10 2 13 3 12 4 13 5 20 6 17 7 22 8 16 9 14 12 19 14 18
11 1 22 3 14 4 20 5 24 6 13 7 23 8 12 10 12 11 18 12 18 13 17
6 0 12 2 21 4 12 5 21 6 23 13 14
13 0 20 1 23 3 21 5 22 6 12 7 22 8 23 9 24 10 20 11 23 12 13 13 18 14 14
11 0 14 1 19 2 18 3 20 6 20 7 20 8 17 10 19 12 24 13 16 14 13
5 3 12 4 24 5 15 10 16 13 13
2 5 17 14 22
1 7 20
3 1 13 4 15 10 23
8 1 15 3 19 6 24 7 21 8 15 11 20 12 24 13 23
13 0 23 1 17 2 17 3 14 4 23 5 16 6 18 7 14 8 19 10 17 12 16 13 12 14 21
3 9 18 11 19 14 14
8 0 15 1 14 2 15 3 12 4 19 5 21 8 23 11 21
13 0 20 1 20 2 20 3 18 4 16 5 16 6 22 7 22 8 22 9 20 10 16 11 20 13 12
5
13 6 0.0016
13 0 0.0022
7 11 0.0022
13 9 0.0024000000000000002
11 0 0.0016
15
6 4 0.002 0.1422293459135224
9 6 0.0022 0.13290184947875472
6 14 0.002 0.10252753227424236
13 11 0.0014 0.14720191391773307
7 4 0.0016 0.10883596025778697
11 6 0.0024000000000000002 0.12395791059822447
1 13 0.002 0.10899428452755218
4 5 0.0017000000000000001 0.14324272141734362
7 6 0.0016 0.14474293886774842
6 3 0.0012000000000000001 0.11339350182896005
10 1 0.0013000000000000002 0.11480677903580122
2 0 0.0023 0.11093710347704246
5 13 0.0017000000000000001 0.10991664841236017
9 10 0.0022 0.10070185630897183
3 8 0.0022 0.10241656241588724
