15
11 2 22 4 22 5 22 6 18 7 20 8 21 9 14 11 20 12 15 13 19 14 14
6 4 12 5 22 6 20 10 24 11 16 14 16
4 7 15 9 20 10 16 13 16
11 0 20 1 23 2 12 5 21 7 24 8 15 9 22 10 13 12 18 13 24 14 21
6 0 23 2 18 6 12 8 12 12 12 13 24
1 6 15
8 1 23 2 19 4 17 8 22 10 24 11 17 12 17 14 21
11 0 19 1 12 2 12 4 23 6 16 9 23 10 20 11 17 12 19 13 24 14 20
12 0 15 2 16 3 21 4 23 5 20 6 17 9 14 10 19 11 21 12 21 13 12 14 17
13 0 17 1 14 2 17 4 12 5 18 6 19 7 17 8 19 10 22 11 12 12 22 13 22 14 23
5 1 15 4 19 8 15 11 18 13 13
5 3 19 6 14 10 15 13 22 14 20
11 0 16 1 17 2 20 3 19 4 17 5 20 6 20 7 20 9 15 11 13 13 16
7 0 16 2 24 4 23 5 12 7 19 9 20 10 17
6 3 19 4 15 5 13 8 17 9 12 12 17
5
10 4 0.0018000000000000002
7 3 0.0012000000000000001
5 12 0.0019
2 0 0.0024000000000000002
6 8 0.0012000000000000001
15
7 5 0.002 0.10437979939329829
12 10 0.0016 0.14193080508052416
8 13 0.0012000000000000001 0.11750080709487666
7 6 0.0019 0.13168816011640033
7 3 0.0024000000000000002 0.14860799230934024
10 1 0.0019 0.13013974065699008
8 5 0.0012000000000000001 0.12168507642035517
5 14 0.0014 0.12092664091290331
2 5 0.0018000000000000002 0.11161041637129923
4 2 0.0013000000000000002 0.14201467276548493
0 9 0.0016 0.10039989997373513
10 5 0.0013000000000000002 0.14564037738948166
2 12 0.002 0.11440844272130016
8 2 0.002 0.10739675065973872
12 3 0.0019 0.13378951384255905
