15
3 2 16 5 24 14 17
2 6 23 11 22
13 0 21 1 22 3 21 4 15 5 18 6 13 7 23 8 15 9 20 11 13 12 16 13 18 14 18
6 0 12 1 23 2 13 9 12 11 15 14 17
7 0 18 1 23 2 22 3 22 5 15 12 21 13 20
9 0 16 1 20 2 24 3 16 4 12 6 21 7 13 13 15 14 21
5 4 13 5 15 11 16 12 19 13 20
9 0 12 1 15 2 16 4 12 5 23 9 24 10 17 12 14 14 16
12 0 12 1 13 2 18 3 17 5 17 6 12 7 12 9 24 10 19 11 19 12 16 13 14
4 1 18 2 21 3 21 11 17
13 0 18 1 16 2 18 3 17 4 22 6 24 7 14 8 19 9 19 11 13 12 12 13 19 14 14
2 3 24 4 13
6 0 22 1 16 2 21 5 23 6 13 9 23
3 2 13 5 14 10 17
5 0 20 2 16 3 18 9 21 13 19
5
9 11 0.0024000000000000002
7 12 0.0015
5 9 0.0016
14 7 0.0015
7 5 0.0016
15
1 14 0.0014 0.12098141919286365
2 7 0.0015 0.14676450754359
4 14 0.0021000000000000003 0.12778841131394092
10 9 0.0019 0.11486810288230237
1 7 0.0024000000000000002 0.13010907126046597
3 14 0.0022 0.13321577677367888
3 8 0.0021000000000000003 0.13952125072879476
11 14 0.0018000000000000002 0.10511016232013069
13 6 0.0018000000000000002 0.14519061141569176
11 12 0.0022 0.12954905977204814
11 7 0.0022 0.11023514268357826
9 12 0.0015 0.10704484585535012
10 9 0.0021000000000000003 0.12338804980541015
0 12 0.0017000000000000001 0.12371274626945089
8 5 0.0012000000000000001 0.11558686774296888
