15
6 1 15 2 23 5 16 10 22 11 20 13 19
10 0 15 2 20 3 17 4 24 5 12 7 18 8 23 9 12 12 12 14 16
9 3 15 4 18 5 24 6 16 7 22 8 14 10 14 13 16 14 12
4 1 18 2 21 5 13 9 23
10 0 23 2 14 5 17 6 13 7 14 8 20 9 23 10 19 11 19 13 17
12 0 17 1 19 2 13 3 17 7 16 8 24 9 12 10 16 11 18 12 15 13 20 14 22
2 12 17 13 19
3 3 16 8 12 11 22
7 0 16 1 16 2 24 7 17 10 24 12 23 13 16
11 0 12 1 12 2 20 3 17 4 21 6 13 7 20 8 14 10 19 11 19 14 13
10 1 21 2 22 3 17 4 16 7 20 8 15 9 23 11 19 13 13 14 16
12 0 20 1 15 2 21 5 20 6 23 7 24 8 15 9 14 10 23 12 14 13 19 14 15
8 1 18 3 22 4 24 6 14 7 18 8 13 11 18 14 17
6 2 17 6 14 8 18 10 18 12 19 14 24
7 0 12 1 17 4 15 7 16 8 12 9 22 11 12
5
13 4 0.0021000000000000003
4 8 0.0015
8 3 0.0022
11 5 0.0015
0 8 0.0015
15
3 5 0.0019 0.12042713271099022
12 13 0.0019 0.12889900424864395
9 6 0.0012000000000000001 0.1276954737569118
4 2 0.0012000000000000001 0.14424906443275293
2 14 0.0013000000000000002 0.14738638899485845
4 13 0.0013000000000000002 0.1171866398821851
13 10 0.0019 0.12907353317922637
11 9 0.0012000000000000001 0.10294414791291853
14 6 0.0013000000000000002 0.1177913633651092
10 1 0.0017000000000000001 0.12335126188316545
1 9 0.0012000000000000001 0.13884776751204853
4 9 0.0014 0.11835712133753713
2 1 0.002 0.11649220276297056
14 0 0.0015 0.13814733181446312
11 4 0.0012000000000000001 0.13430755885737108
