15
13 1 22 2 17 3 23 4 20 5 18 6 12 7 16 8 15 9 12 10 22 11 14 13 23 14 19
9 3 19 4 22 6 19 8 13 9 21 11 17 12 15 13 19 14 16
1 8 19
13 0 23 1 16 2 21 4 15 5 12 6 13 8 22 9 13 10 19 11 20 12 17 13 13 14 21
9 0 24 1 14 3 13 5 15 6 16 7 17 9 17 10 23 12 18
12 1 23 2 21 3 23 4 20 7 16 8 12 9 24 10 12 11 12 12 24 13 17 14 13
3 0 12 8 12 14 21
4 0 16 1 21 6 17 14 13
6 2 12 4 18 9 22 11 14 12 18 14 24
10 0 18 1 22 2 20 4 14 6 21 7 24 8 19 10 12 12 24 13 16
9 0 22 2 14 4 14 5 21 7 14 8 14 9 13 12 22 13 12
12 0 24 1 14 3 21 5 23 6 22 7 23 8 19 9 23 10 16 12 24 13 22 14 17
8 0 17 2 20 3 23 5 24 7 23 9 12 11 13 13 19
12 0 23 1 14 3 15 4 14 5 19 7 18 8 14 9 18 10 16 11 15 12 22 14 24
2 7 12 10 18
5
10 9 0.0012000000000000001
1 6 0.0017000000000000001
8 13 0.0014
8 5 0.0017000000000000001
9 0 0.0022
15
13 10 0.0024000000000000002 0.10188458389151467
3 12 0.0012000000000000001 0.11576260479416714
4 6 0.0015 0.10801495865634118
0 2 0.0021000000000000003 0.10828665914308921
0 14 0.0023 0.13240184764017235
11 0 0.0017000000000000001 0.13115905373655187
4 2 0.0015 0.13719334278186274
0 14 0.0018000000000000002 0.13173482218454644
11 0 0.0015 0.1491749552017173
10 12 0.002 0.1005157404696202
13 4 0.0024000000000000002 0.14118475786372647
3 1 0.0023 0.1423416956837317
10 11 0.0023 0.1382263027090635
1 5 0.0019 0.13631353050305986
11 1 0.0023 0.10235614609613446
