15
2 9 13 14 20
10 2 16 4 21 5 21 6 14 7 19 9 20 10 16 11 24 13 16 14 19
8 1 12 3 20 5 12 6 14 7 16 9 17 13 20 14 20
7 0 13 2 17 4 20 5 12 9 21 11 15 13 17
13 1 21 2 18 3 16 5 14 6 13 7 19 8 14 9 15 10 24 11 20 12 18 13 13 14 21
7 7 12 8 15 9 23 10 20 11 14 12 17 13 18
8 1 14 3 12 4 13 7 24 8 24 9 24 11 16 14 15
5 1 23 2 13 8 16 11 14 12 21
5 2 13 3 20 4 22 9 20 11 16
8 2 13 4 22 6 18 7 19 8 23 10 17 13 23 14 21
1 4 19
9 0 13 1 18 2 13 4 15 6 17 7 20 8 18 12 17 14 16
4 4 16 6 12 13 17 14 23
5 3 14 4 24 9 12 11 14 14 16
1 9 24
5
10 6 0.0013000000000000002
4 6 0.0013000000000000002
4 12 0.002
12 5 0.0022
4 3 0.0018000000000000002
15
10 2 0.002 0.11671369413552732
10 6 0.0019 0.10760653063625988
10 6 0.0024000000000000002 0.11346757232044255
13 1 0.0019 0.14076835914517924
14 8 0.0021000000000000003 0.13118084175743389
2 3 0.0013000000000000002 0.12195432438801133
4 11 0.0021000000000000003 0.12772836509802976
7 14 0.0017000000000000001 0.115594508596776
8 2 0.002 0.13098030538866362
13 4 0.0023 0.10812574516111863
3 11 0.0019 0.1187398877772988
13 10 0.002 0.14178647876848782
9 12 0.0021000000000000003 0.13647845831627853
8 5 0.0015 0.13099815348353291
0 3 0.0012000000000000001 0.14110299832465545
