15
11 1 13 2 20 3 14 4 22 5 13 6 18 8 19 9 19 12 19 13 18 14 12
9 0 17 2 20 3 14 5 19 6 23 10 17 11 14 12 15 14 16
8 1 17 3 22 4 14 7 18 8 18 9 16 11 12 13 16
7 4 15 5 15 6 17 9 21 11 13 13 21 14 22
2 2 21 5 19
1 2 19
2 2 20 13 13
5 0 19 2 18 8 19 9 15 14 18
6 3 24 4 17 7 20 11 17 12 15 13 21
13 0 19 1 17 2 22 3 21 4 22 5 16 6 16 7 16 10 14 11 20 12 22 13 22 14 23
3 0 19 4 14 12 23
8 1 16 5 18 6 16 7 18 8 20 9 13 12 23 13 19
9 0 22 4 18 7 13 8 22 9 18 10 13 11 24 13 13 14 24
6 2 14 5 22 8 16 9 20 11 19 12 20
9 0 22 2 19 3 23 6 23 7 12 8 14 9 19 12 19 13 19
5
13 3 0.0017000000000000001
0 3 0.0014
7 1 0.0014
2 1 0.0021000000000000003
5 7 0.0024000000000000002
15
2 8 0.0018000000000000002 0.12078794305455841
4 9 0.0022 0.12468998120508623
13 12 0.0012000000000000001 0.12176394390615608
14 9 0.0014 0.11534241095407764
8 3 0.002 0.12497312244151812
1 13 0.0024000000000000002 0.11142877602138088
2 9 0.002 0.1486508398945256
9 8 0.0022 0.13845378040391654
2 5 0.0023 0.1476562805586138
10 12 0.0023 0.10551554061002759
11 13 0.0017000000000000001 0.10743991144308589
3 10 0.0017000000000000001 0.10132868888715076
6 3 0.0012000000000000001 0.14831941494297313
13 14 0.0023 0.14354992457759774
12 4 0.0021000000000000003 0.125765837863778
