15
13 2 13 3 12 4 22 5 20 6 18 7 22 8 13 9 20 10 12 11 13 12 18 13 24 14 16
3 0 18 8 15 11 12
1 3 14
2 6 23 10 24
7 5 12 6 14 7 23 8 20 10 20 11 20 14 18
10 0 18 2 17 4 16 7 20 8 24 9 13 10 14 11 16 12 23 13 19
3 0 19 13 23 14 12
10 1 19 2 19 3 17 4 12 5 14 6 13 9 19 10 24 11 17 14 18
10 0 18 1 13 2 19 5 21 6 24 10 18 11 23 12 15 13 18 14 15
10 0 21 1 19 2 15 5 23 6 18 7 21 8 18 12 17 13 24 14 14
1 1 13
13 0 23 1 22 2 19 3 24 4 21 5 22 6 20 7 14 8 18 10 22 12 22 13 14 14 22
6 0 19 1 20 2 23 8 22 10 24 14 21
12 0 20 2 14 3 12 4 15 5 20 6 19 7 20 9 15 10 15 11 24 12 18 14 16
3 1 18 6 13 10 12
5
9 11 0.0018000000000000002
1 13 0.0012000000000000001
13 7 0.0023
4 0 0.0023
11 8 0.0022
15
5 14 0.0021000000000000003 0.11474812167010358
9 12 0.0014 0.10433803395735215
2 12 0.0021000000000000003 0.10959596052030604
6 10 0.0015 0.13810654322642918
5 1 0.0015 0.1350037422951904
4 13 0.0022 0.11617434326117324
10 12 0.0019 0.11186090321714244
5 4 0.0012000000000000001 0.10607610415889127
5 7 0.0024000000000000002 0.1314368309838323
3 6 0.002 0.12392295679481807
1 2 0.0024000000000000002 0.11889946624072992
8 3 0.0018000000000000002 0.12396499238298535
10 12 0.0013000000000000002 0.13254164767838472
14 10 0.0019 0.12282371017969344
11 8 0.0015 0.10293380591743626
