15
4 2 22 4 18 6 16 9 15
5 5 12 7 23 10 15 13 18 14 17
12 0 19 1 17 3 22 4 14 5 13 7 14 8 12 9 20 10 14 12 20 13 23 14 12
7 4 17 6 23 8 20 9 15 10 21 11 15 14 13
13 0 17 1 12 2 21 3 18 5 22 6 23 7 13 8 14 9 15 10 13 12 13 13 22 14 16
11 0 13 2 20 3 19 7 15 8 21 9 24 10 23 11 18 12 24 13 18 14 15
11 0 13 1 16 2 13 3 14 4 14 7 17 8 22 9 13 12 24 13 23 14 19
5 3 18 8 24 10 16 11 24 12 23
11 1 15 2 15 3 23 4 23 5 13 6 24 7 21 10 22 12 12 13 18 14 15
6 1 18 2 15 3 15 5 22 12 15 13 22
4 0 16 3 17 9 18 14 17
6 1 19 5 19 10 12 12 21 13 16 14 13
11 0 16 1 12 3 15 4 21 5 20 7 17 8 16 9 17 11 19 13 12 14 23
10 1 14 4 15 6 20 7 18 8 12 9 22 10 21 11 21 12 24 14 18
5 0 17 3 14 7 24 9 17 11 19
5
10 4 0.002
9 6 0.0023
10 11 0.002
11 4 0.0013000000000000002
2 14 0.0021000000000000003
15
2 5 0.0022 0.10651083995899775
4 10 0.0022 0.14795269515020193
0 11 0.0019 0.1407569250907997
5 11 0.0013000000000000002 0.10935342949969776
11 8 0.0014 0.13858392063498842
6 4 0.0012000000000000001 0.13388887881172093
10 14 0.0024000000000000002 0.1086219497451806
5 13 0.0021000000000000003 0.13541746191023799
10 13 0.002 0.12296319069783541
0 1 0.0014 0.13007207669717927
3 9 0.0018000000000000002 0.13900828961739262
1 12 0.0017000000000000001 0.1316049099123877
7 11 0.002 0.12005382713044578
5 0 0.0015 0.14983396697969104
10 13 0.0014 0.11563342737461285
