15
3 2 23 3 23 11 14
8 0 20 2 20 3 19 4 17 7 15 9 12 12 17 13 16
11 1 16 3 17 4 21 5 19 6 19 8 17 9 23 10 19 11 21 12 14 13 18
4 2 15 8 19 12 15 13 16
10 0 20 1 22 2 14 3 21 6 16 8 17 9 13 10 20 12 13 13 24
3 6 24 12 20 13 18
7 0 15 3 22 4 21 7 24 8 22 11 16 13 24
7 0 15 1 22 2 23 3 12 6 21 11 24 14 16
2 4 22 7 17
10 1 16 2 19 3 18 4 22 5 17 6 20 7 20 8 24 10 21 14 21
10 0 17 1 16 2 21 3 20 4 17 5 17 6 23 7 24 8 14 9 20
10 0 23 1 24 2 12 3 14 5 15 7 12 8 20 9 12 12 18 13 13
12 0 23 1 12 2 15 3 23 6 21 7 17 8 19 9 13 10 17 11 12 13 15 14 14
11 2 24 3 19 4 20 5 23 7 17 8 21 9 21 10 20 11 23 12 19 14 14
9 0 23 1 12 2 22 4 22 5 23 6 23 7 15 8 22 9 20
5
9 0 0.0012000000000000001
1 14 0.0022
2 5 0.0023
2 10 0.0018000000000000002
5 0 0.0013000000000000002
15
13 12 0.0023 0.14508127366285953
13 9 0.002 0.1305799735727984
5 3 0.0017000000000000001 0.10875550452056212
1 10 0.0017000000000000001 0.14451547019478983
3 6 0.0014 0.14144243897852915
14 13 0.0016 0.11693509182071621
10 7 0.0023 0.1339113927136235
9 6 0.002 0.13373251895588492
6 12 0.0016 0.11889699747209112
1 12 0.0024000000000000002 0.1359044036902145
9 3 0.0015 0.14621151384293601
11 12 0.0014 0.1431889012909188
0 2 0.0016 0.13937869012785592
6 8 0.002 0.11943217880701944
11 0 0.0012000000000000001 0.12459865908111072
