15
5 2 24 3 13 4 16 5 15 7 22
13 0 20 3 20 4 24 5 19 6 13 7 23 8 23 9 15 10 13 11 24 12 22 13 14 14 15
10 0 12 1 12 3 13 5 14 6 24 7 12 10 14 12 23 13 15 14 22
2 10 15 13 20
10 1 18 2 21 3 21 6 17 7 15 9 18 10 16 11 15 12 19 14 22
11 0 23 1 14 2 20 4 21 7 22 8 20 9 12 10 14 11 14 12 23 14 24
10 1 19 2 13 3 16 4 19 8 12 9 22 10 17 11 21 12 13 13 14
4 2 12 4 22 5 15 9 20
4 4 14 9 24 10 21 11 12
13 0 12 1 20 2 13 3 16 4 23 5 23 6 12 7 16 10 18 11 23 12 21 13 13 14 17
12 0 12 1 20 2 20 4 18 5 14 6 14 8 15 9 24 11 20 12 20 13 20 14 15
7 2 24 3 22 4 16 6 23 8 23 9 20 12 23
12 0 24 1 19 2 17 3 21 4 24 5 22 8 12 9 19 10 16 11 18 13 15 14 17
5 2 24 5 20 6 24 8 13 10 24
10 0 21 1 13 3 17 4 17 7 15 8 18 9 20 11 24 12 12 13 24
5
13 9 0.0024000000000000002
4 5 0.0014
13 10 0.0023
1 4 0.0024000000000000002
8 3 0.0014
15
3 8 0.0012000000000000001 0.11187945839729253
10 8 0.0022 0.13838933379834245
9 6 0.0019 0.10582100803391846
13 1 0.0021000000000000003 0.12381823829307843
5 10 0.0018000000000000002 0.11021453145409273
7 0 0.0015 0.10498929124199295
13 6 0.0017000000000000001 0.1266272101013997
0 1 0.0021000000000000003 0.10999976731559012
1 9 0.0019 0.1039823821204458
12 4 0.0022 0.10183727842900742
5 9 0.0018000000000000002 0.11679804280158079
3 6 0.0012000000000000001 0.10497634902100077
8 5 0.0016 0.11580288295707927
0 7 0.0024000000000000002 0.12619406786358167
7 10 0.0017000000000000001 0.1495969104400376
