15
12 1 14 2 19 3 13 4 13 5 20 6 15 8 18 9 20 10 15 11 18 13 20 14 15
11 0 17 3 22 5 15 6 15 7 22 8 13 9 24 11 22 12 17 13 17 14 13
11 1 20 3 15 5 22 7 17 8 23 9 17 10 22 11 14 12 19 13 20 14 17
8 0 15 1 22 2 22 7 15 8 24 9 20 10 18 11 23
3 0 14 7 23 13 13
12 1 14 2 15 3 13 4 16 6 13 7 14 8 24 9 21 10 13 11 18 13 23 14 16
10 0 18 1 22 2 19 3 21 5 12 7 18 8 24 9 19 10 19 11 21
3 1 18 9 21 12 19
12 0 13 1 20 3 24 5 21 6 18 7 20 9 19 10 12 11 16 12 20 13 17 14 19
1 1 14
5 4 21 5 18 6 15 7 23 9 14
5 4 24 7 19 8 14 10 14 12 20
12 0 24 1 18 2 22 4 13 5 23 7 24 8 12 9 24 10 20 11 24 13 23 14 18
10 0 21 1 21 3 13 4 18 5 22 8 23 9 13 11 15 12 23 14 21
7 0 21 1 15 2 15 4 19 5 22 10 24 11 16
5
14 4 0.0022
5 6 0.0014
9 12 0.0017000000000000001
5 10 0.0023
8 14 0.0017000000000000001
15
3 6 0.0012000000000000001 0.13472619255916082
11 13 0.0021000000000000003 0.12276076538520982
8 10 0.0013000000000000002 0.10748780704769484
11 2 0.0012000000000000001 0.11932046310113709
2 5 0.002 0.11636372704008441
4 1 0.0018000000000000002 0.11132562984575511
6 14 0.0013000000000000002 0.10749651760767066
14 13 0.0024000000000000002 0.13476184276563158
13 8 0.0019 0.13516873217901157
0 1 0.0021000000000000003 0.138719746334888
11 10 0.0022 0.1256367571027753
14 10 0.0012000000000000001 0.14262449026763704
5 1 0.0018000000000000002 0.12550554843077516
1 12 0.0013000000000000002 0.12599993712529065
14 12 0.0018000000000000002 0.12865222742700524
