15
9 2 13 3 16 5 22 6 13 8 17 9 20 11 23 12 19 13 19
9 2 21 4 13 5 24 6 23 9 17 10 21 11 19 13 20 14 22
2 4 19 6 13
11 0 13 1 14 4 16 5 24 6 22 8 12 10 12 11 13 12 19 13 15 14 22
4 0 17 1 15 9 24 14 23
9 2 15 3 14 4 22 6 21 7 12 10 20 12 17 13 23 14 19
2 5 15 9 12
10 0 18 1 13 2 17 3 15 4 15 9 18 10 21 11 17 13 12 14 20
11 1 24 2 18 3 16 4 14 5 17 6 14 9 15 10 24 12 13 13 18 14 18
10 0 12 1 21 3 23 4 20 6 23 7 15 8 24 10 22 12 19 13 24
4 0 19 5 14 8 17 11 15
2 4 18 8 17
12 0 16 1 12 4 12 5 21 6 13 7 15 8 18 9 21 10 21 11 24 13 23 14 16
12 0 24 1 24 2 20 3 22 4 18 6 16 7 24 8 14 9 20 10 21 11 14 14 14
9 0 21 1 17 2 23 3 20 4 18 5 17 10 13 12 17 13 12
5
14 1 0.0012000000000000001
14 13 0.0015
3 12 0.0014
6 7 0.0023
12 6 0.0024000000000000002
15
4 8 0.0023 0.13244110880217677
0 1 0.0018000000000000002 0.1364715258346648
11 13 0.0015 0.13895327896841936
4 14 0.0016 0.13159908581273277
11 5 0.0012000000000000001 0.1414507988849022
10 2 0.0024000000000000002 0.12650578630981507
4 14 0.0024000000000000002 0.13786655827518593
2 13 0.0024000000000000002 0.1253089440714395
10 3 0.0019 0.14120172256612712
8 2 0.0017000000000000001 0.11577780692520005
5 13 0.0021000000000000003 0.14435520949210578
5 9 0.0021000000000000003 0.12715745980934812
12 13 0.0016 0.1440458875639634
8 10 0.0022 0.1444440733441682
12 5 0.002 0.1079251166294071
