15
6 3 15 5 16 7 20 8 22 10 22 14 22
12 0 15 2 13 3 16 4 14 5 14 6 19 7 14 8 21 9 23 10 19 13 13 14 20
8 3 15 4 14 5 21 6 12 9 12 10 16 11 23 12 16
11 1 12 2 13 4 16 5 22 6 14 7 15 8 14 10 24 11 14 13 13 14 13
12 0 19 1 24 2 19 3 22 6 24 7 24 9 13 10 22 11 19 12 15 13 17 14 21
9 0 18 2 18 4 14 7 12 8 20 9 24 11 12 12 17 13 19
3 11 14 12 14 14 14
4 0 22 5 22 10 18 12 22
9 2 12 3 20 5 14 7 22 9 12 11 19 12 23 13 22 14 16
1 7 23
13 1 13 2 24 3 20 4 17 5 13 6 16 7 17 8 18 9 20 11 22 12 22 13 15 14 23
1 9 18
4 0 21 1 19 6 20 9 19
6 1 20 2 24 3 14 4 21 11 20 12 12
3 1 14 7 12 10 21
5
5 0 0.002
8 13 0.0016
14 12 0.0016
7 5 0.0021000000000000003
3 1 0.0012000000000000001
15
13 14 0.0014 0.10761442010217677
1 5 0.0014 0.14194898669036474
8 7 0.0013000000000000002 0.11335982079505583
7 5 0.002 0.127352070511123
3 13 0.0012000000000000001 0.11567580384688317
8 2 0.0013000000000000002 0.11096042909735528
3 0 0.0018000000000000002 0.1184672424342688
12 10 0.0019 0.14682044869937394
3 14 0.0022 0.1151487989775772
10 4 0.0019 0.12322623065820332
8 10 0.002 0.12776279962109466
9 10 0.0013000000000000002 0.11656044512966336
5 1 0.0016 0.11591317948715366
7 4 0.0014 0.10938279457566011
1 2 0.0018000000000000002 0.1385558142108112
