10
7 2 12 4 15 5 22 6 18 7 15 8 19 9 19
2 5 21 6 12
5 0 15 1 22 3 13 4 12 7 24
3 4 13 6 22 9 21
3 0 17 3 17 5 23
6 0 14 4 17 6 12 7 13 8 15 9 17
3 2 13 4 19 8 18
4 0 21 4 15 6 13 9 12
3 0 14 2 21 3 14
6 0 22 2 14 3 19 4 16 6 13 7 17
6
0 4 0.0023
8 7 0.0016
9 7 0.0012000000000000001
3 8 0.0016
4 8 0.0014
0 8 0.0012000000000000001
12
3 6 0.0018000000000000002 0.13638370689396728
0 3 0.0015 0.14180374641790575
9 2 0.0019 0.14189451967219802
7 1 0.0013000000000000002 0.10245241680997441
1 5 0.0015 0.13970379239093028
2 0 0.0024000000000000002 0.11040046752173079
0 3 0.0023 0.13919126286561415
5 1 0.0012000000000000001 0.12644573270137505
0 4 0.0022 0.10397283666040162
1 8 0.0016 0.11436958402838561
9 4 0.0023 0.10438469212585777
7 5 0.002 0.1470040874342604
