10
6 1 12 3 22 4 19 7 17 8 18 9 13
1 6 24
3 6 22 8 19 9 12
1 8 23
7 0 15 1 23 2 13 3 22 7 23 8 23 9 24
1 9 24
1 2 15
8 0 17 1 24 2 14 3 18 4 21 5 17 8 19 9 19
5 1 23 2 14 3 16 5 14 9 13
2 3 21 4 15
6
4 0 0.0013000000000000002
2 1 0.0015
8 3 0.002
1 0 0.002
7 2 0.002
3 1 0.002
12
0 6 0.0021000000000000003 0.11486545548227722
4 6 0.0015 0.1396336058515637
9 1 0.0013000000000000002 0.1358539234018365
4 8 0.0017000000000000001 0.12347057871502382
2 5 0.0016 0.1035925292962306
7 5 0.0022 0.12648674790494918
6 1 0.0018000000000000002 0.10959543283031502
4 6 0.0016 0.12163623010090284
9 3 0.0014 0.11548650294699021
5 0 0.0015 0.11045456866449653
1 2 0.0013000000000000002 0.1346619397843727
9 7 0.0019 0.14375188318215557
