10
1 8 22
6 0 12 3 23 4 17 5 24 6 24 9 21
3 0 22 4 12 7 24
4 2 14 7 18 8 18 9 13
5 0 19 2 21 5 23 8 13 9 21
8 0 18 1 13 2 16 3 15 4 23 6 12 7 22 9 15
8 0 22 1 22 2 14 3 18 4 15 7 14 8 13 9 13
1 2 24
2 1 16 6 20
2 0 16 1 19
6
9 1 0.0015
8 0 0.0015
7 2 0.0017000000000000001
6 9 0.002
5 0 0.0019
8 6 0.0013000000000000002
12
8 2 0.0024000000000000002 0.1124993091792721
3 4 0.0023 0.13356524189713623
4 6 0.0018000000000000002 0.10147998780588041
0 1 0.0019 0.11060448453785372
3 8 0.0021000000000000003 0.12760043426577297
1 6 0.0015 0.1041995990713897
2 8 0.0015 0.13887406318861162
0 9 0.0018000000000000002 0.1313222621047764
8 5 0.0015 0.13205846451732142
1 7 0.0019 0.11217215620036365
8 4 0.0023 0.14243738028614888
6 4 0.0019 0.11881402948919602
