10
6 1 23 3 15 5 12 7 13 8 12 9 16
6 0 19 3 16 4 13 5 24 8 12 9 17
6 0 19 1 16 4 13 6 12 8 21 9 17
4 1 16 4 21 5 15 6 21
7 0 21 2 12 3 21 5 12 6 22 8 16 9 24
8 1 18 2 17 3 23 4 19 6 13 7 14 8 18 9 19
6 1 14 3 16 5 16 7 20 8 13 9 13
7 0 24 1 14 3 19 5 22 6 23 8 23 9 19
8 1 21 2 13 3 13 4 14 5 12 6 16 7 21 9 21
1 4 13
6
7 1 0.0024000000000000002
8 1 0.0013000000000000002
3 5 0.0012000000000000001
9 1 0.002
7 6 0.0015
4 9 0.0023
12
5 8 0.0024000000000000002 0.10162395059213998
6 1 0.0017000000000000001 0.10115784346030651
7 5 0.0017000000000000001 0.11445932278209549
3 4 0.0018000000000000002 0.14794616236622682
6 8 0.0019 0.13395270841652698
8 2 0.0022 0.14326067796400643
6 7 0.002 0.12305907785036507
3 7 0.0017000000000000001 0.14273836283149746
5 7 0.0014 0.1032795858241985
8 4 0.0012000000000000001 0.14805279385689757
4 3 0.0013000000000000002 0.14187594069107748
3 7 0.0024000000000000002 0.12006964118687204
