10
6 1 16 2 19 3 22 6 24 7 15 9 22
6 0 14 2 19 5 17 7 12 8 14 9 16
2 0 14 7 17
8 0 12 1 24 2 15 4 18 5 23 6 12 7 20 9 14
1 1 20
4 0 14 1 22 2 14 6 13
7 1 14 2 23 4 23 5 20 7 15 8 14 9 20
5 0 15 3 16 4 12 5 14 6 16
5 0 22 1 18 4 16 5 14 7 24
7 0 24 1 16 3 14 4 22 5 23 6 17 7 24
6
8 0 0.0021000000000000003
3 8 0.0024000000000000002
9 6 0.002
0 3 0.0019
0 3 0.0024000000000000002
9 5 0.0012000000000000001
12
5 7 0.0019 0.13166972730123472
5 9 0.0017000000000000001 0.1043362814062781
0 5 0.0023 0.10808990163239937
1 4 0.0014 0.11617879816849624
6 5 0.0012000000000000001 0.12494195700373048
9 0 0.0019 0.1069768887215462
8 6 0.002 0.1410405205235769
7 8 0.0014 0.13953353890741793
3 1 0.0023 0.10310740598634563
7 6 0.0024000000000000002 0.1446779331510443
4 9 0.0016 0.1327161643344824
7 5 0.0012000000000000001 0.12355228766263894
