10
1 2 18
8 2 21 3 19 4 14 5 13 6 16 7 22 8 12 9 15
8 0 13 1 14 4 21 5 23 6 21 7 20 8 14 9 12
3 5 16 7 23 8 23
1 2 19
6 0 17 2 24 4 15 7 17 8 23 9 14
5 0 20 1 24 2 12 7 20 8 12
1 1 20
8 1 16 2 21 3 18 4 23 5 12 6 19 7 19 9 13
6 1 19 2 19 4 17 5 18 6 17 8 19
6
8 9 0.0013000000000000002
7 8 0.0017000000000000001
2 0 0.0017000000000000001
0 9 0.0017000000000000001
1 2 0.0014
0 7 0.0016
12
4 9 0.0014 0.13945862188315059
8 1 0.0014 0.14325573765657884
1 9 0.0021000000000000003 0.124052744840489
1 8 0.0014 0.11853321460717768
9 2 0.0019 0.11676001914286724
3 1 0.0022 0.11250515669313774
9 3 0.0012000000000000001 0.14193609288681044
1 4 0.0015 0.12763248512445288
6 8 0.0023 0.1280880785363117
8 3 0.0016 0.1470550365430941
1 3 0.0023 0.11463138749757819
2 6 0.0017000000000000001 0.1338196546341999
