10
2 4 13 5 19
6 2 24 3 21 4 12 5 23 6 17 8 13
1 1 17
6 1 13 4 15 5 20 7 23 8 14 9 13
1 7 17
4 2 16 3 19 6 12 7 21
2 2 17 5 22
8 0 15 1 14 2 16 3 15 4 22 5 14 8 13 9 18
6 0 19 2 19 3 23 4 13 7 18 9 12
4 2 22 4 21 6 17 8 22
6
4 6 0.0018000000000000002
3 2 0.0022
1 9 0.0015
6 5 0.0024000000000000002
3 1 0.0018000000000000002
0 1 0.0023
12
4 3 0.0012000000000000001 0.1216015420046022
7 4 0.0018000000000000002 0.1275175117237857
9 7 0.0019 0.12278747367373558
0 8 0.002 0.14112135871255305
3 4 0.0023 0.10635323110531575
2 7 0.0023 0.10859129082002536
3 0 0.0016 0.1277201289673071
2 0 0.0021000000000000003 0.12861991593942762
5 6 0.0018000000000000002 0.1420614929978867
1 4 0.0013000000000000002 0.14112845334676705
6 9 0.0012000000000000001 0.14728368825702276
8 4 0.0016 0.12469349100509827
