10
8 1 22 2 15 3 14 4 18 5 23 6 15 7 12 8 18
6 0 24 2 23 4 13 5 19 7 20 9 19
1 6 17
5 1 20 2 21 5 13 7 21 8 24
5 1 17 3 15 6 22 7 13 8 21
3 1 22 2 19 9 18
7 1 21 2 12 3 13 4 22 5 16 8 23 9 19
6 1 22 2 23 3 21 4 16 5 21 6 16
3 1 14 4 17 5 21
4 1 20 3 18 7 14 8 23
6
4 2 0.0017000000000000001
8 6 0.0013000000000000002
5 9 0.0024000000000000002
6 5 0.0019
6 2 0.0023
4 3 0.0019
12
3 1 0.0014 0.10701992683226934
3 7 0.0022 0.11200331787487923
2 6 0.0017000000000000001 0.12364045600464091
0 7 0.0016 0.127717996358813
4 0 0.0016 0.13961664519804673
3 1 0.0016 0.11947094602345318
9 6 0.0012000000000000001 0.14440884240175947
2 7 0.002 0.12581776622325883
0 5 0.0015 0.10375989505574364
2 7 0.0014 0.13985056917353858
8 2 0.0012000000000000001 0.12597914966628815
5 3 0.0022 0.12377448434384122
