10
8 1 23 2 20 3 21 4 18 5 20 6 22 7 23 9 15
8 0 14 2 23 3 14 4 16 5 16 6 21 7 24 9 22
4 0 20 3 13 6 21 7 22
8 1 24 2 19 4 20 5 18 6 18 7 16 8 20 9 19
1 7 22
8 0 22 1 22 2 20 3 17 4 20 6 13 7 12 8 21
1 0 13
4 4 13 5 17 8 13 9 19
3 0 20 5 24 9 13
4 0 23 1 24 3 14 7 24
6
0 1 0.0024000000000000002
0 4 0.0012000000000000001
5 2 0.0023
6 0 0.0012000000000000001
3 6 0.0015
4 1 0.0013000000000000002
12
3 5 0.0015 0.1176250153961223
1 4 0.0013000000000000002 0.12612737680584868
3 4 0.002 0.12618829894766553
5 7 0.002 0.13004231402861527
6 9 0.0014 0.12278744757927033
3 8 0.0015 0.11794195337458487
7 8 0.0016 0.13644625205655472
5 9 0.002 0.12231112807105753
3 7 0.0021000000000000003 0.1435186715715566
1 6 0.0013000000000000002 0.1316943392896615
3 5 0.0023 0.1332459548214674
8 2 0.0015 0.13617664612646796
