10
8 1 13 3 21 4 22 5 13 6 13 7 22 8 17 9 21
4 0 21 4 18 5 24 9 17
8 0 24 1 12 3 13 4 21 5 15 7 13 8 13 9 12
3 0 20 6 17 9 22
8 0 12 1 16 2 19 3 24 5 13 6 12 8 15 9 17
8 0 18 2 23 3 17 4 16 6 22 7 21 8 13 9 13
5 0 23 4 17 7 17 8 22 9 19
2 3 20 5 13
1 1 20
7 0 20 1 15 3 16 5 16 6 18 7 13 8 14
6
5 1 0.0016
2 8 0.0018000000000000002
1 5 0.0017000000000000001
5 4 0.0013000000000000002
2 3 0.0016
0 1 0.0012000000000000001
12
8 4 0.0013000000000000002 0.1140827532241705
7 4 0.0018000000000000002 0.13002307275566527
8 5 0.0019 0.1298977906923869
5 1 0.0014 0.12325013589936915
4 6 0.0015 0.13929780956582888
3 1 0.0017000000000000001 0.1375858739993538
3 7 0.002 0.14976295922477476
2 0 0.0016 0.11727618756732992
9 3 0.0014 0.10769333896565501
6 7 0.0012000000000000001 0.11855177272742722
6 9 0.0013000000000000002 0.11840689686564068
2 6 0.0018000000000000002 0.14780258530956256
