10
1 6 22
7 0 18 2 12 3 24 4 14 7 24 8 15 9 22
7 0 24 1 22 3 13 4 18 5 21 6 13 9 17
8 0 19 1 16 2 12 4 19 5 15 7 13 8 18 9 19
5 3 14 5 13 6 14 8 13 9 15
7 1 22 2 19 3 15 4 12 6 23 7 19 8 13
5 0 14 2 15 5 20 7 19 9 21
4 3 12 4 14 6 17 9 15
4 3 12 4 19 6 12 7 16
1 1 23
6
2 3 0.0021000000000000003
1 0 0.0022
7 0 0.0021000000000000003
7 3 0.002
3 2 0.0014
8 2 0.0018000000000000002
12
3 4 0.0022 0.14982974206331456
3 9 0.0017000000000000001 0.13274890198446965
8 5 0.0017000000000000001 0.1293487680056259
2 5 0.0014 0.11422171191655038
8 9 0.002 0.12418196864801709
0 1 0.0019 0.1362819910479894
1 4 0.0023 0.14491692110441368
5 4 0.0015 0.12767363391975448
3 9 0.0021000000000000003 0.10527611187138579
2 0 0.0018000000000000002 0.10008761336004862
3 4 0.0024000000000000002 0.13005550437860264
0 3 0.0019 0.10682115983177352
