10
4 3 21 6 18 7 18 8 15
3 0 16 2 23 7 24
2 0 13 4 24
3 2 17 5 24 7 21
4 0 12 1 15 6 17 8 23
2 7 15 9 19
1 4 16
5 1 13 2 18 5 17 8 15 9 14
7 0 22 1 13 2 16 4 18 6 16 7 24 9 19
2 6 23 7 18
6
5 8 0.0018000000000000002
4 9 0.0023
6 4 0.0015
8 0 0.0014
0 9 0.0019
5 8 0.002
12
7 3 0.002 0.10306659385109253
8 4 0.0024000000000000002 0.10091352772923404
2 5 0.0016 0.1466257586418078
4 2 0.0023 0.12242578813999337
1 2 0.0022 0.13289228583494161
9 3 0.0016 0.1433983340291827
9 8 0.0014 0.14894105360220977
6 8 0.002 0.11376923393696599
2 0 0.0024000000000000002 0.1433694587463758
9 6 0.0017000000000000001 0.11589788795482547
0 4 0.0021000000000000003 0.11822968338726036
9 8 0.0021000000000000003 0.1274403156398878
