10
4 2 16 4 17 5 16 8 24
1 7 21
2 0 15 6 18
7 0 16 1 18 2 22 4 14 6 17 7 17 8 16
7 0 17 1 20 3 23 5 24 7 16 8 14 9 15
5 1 22 4 24 6 20 7 18 8 23
1 3 21
8 0 15 1 19 2 12 3 12 4 12 6 24 8 12 9 18
1 2 20
2 4 18 8 24
6
8 7 0.002
9 6 0.0023
3 2 0.0015
4 2 0.0017000000000000001
1 2 0.0024000000000000002
7 0 0.0021000000000000003
12
5 3 0.0015 0.13358706423149347
3 8 0.0013000000000000002 0.11347351846228636
4 8 0.0014 0.1336518102081256
5 6 0.0014 0.14060365741916386
7 9 0.0018000000000000002 0.13621145580205546
7 4 0.0021000000000000003 0.14618550593817478
7 4 0.0018000000000000002 0.11760104775740363
2 5 0.0019 0.11459607712203664
5 8 0.0019 0.11613084953857845
7 6 0.0012000000000000001 0.10901460437585325
7 8 0.0016 0.11263613291322365
8 9 0.0017000000000000001 0.12699154991731795
