10
5 3 12 4 13 5 17 6 15 7 20
7 2 14 3 14 4 15 5 14 6 15 8 19 9 19
1 5 21
4 0 15 2 24 4 13 9 16
5 0 13 1 20 5 19 7 23 9 17
8 0 21 1 23 2 20 3 19 4 18 6 19 7 18 9 20
5 0 18 3 15 4 13 8 13 9 19
3 2 24 6 12 8 23
4 0 22 1 21 7 17 9 14
4 0 15 4 18 5 23 7 16
6
5 6 0.0019
1 8 0.0018000000000000002
4 2 0.0022
9 5 0.0013000000000000002
2 3 0.0024000000000000002
7 0 0.002
12
3 2 0.0018000000000000002 0.14760806861497405
1 3 0.0018000000000000002 0.10741130291489266
8 2 0.0019 0.11236529888774924
8 7 0.0021000000000000003 0.10163016996357295
7 6 0.0015 0.13896915464748458
3 6 0.002 0.12419686480469158
2 1 0.0014 0.11166309397569156
6 4 0.0022 0.11968957390455556
3 1 0.0019 0.13798957325563163
8 6 0.0024000000000000002 0.14946164252983407
2 7 0.002 0.133147620814895
7 9 0.0022 0.1056671012259198
