10
7 1 23 2 19 3 13 5 19 6 16 7 18 8 17
3 2 21 4 21 7 15
6 0 16 1 13 4 22 6 12 7 14 9 17
2 2 19 9 23
4 0 14 5 24 7 13 9 17
1 0 21
1 3 14
1 8 17
1 4 12
3 4 15 5 22 6 13
6
4 7 0.0014
1 5 0.0013000000000000002
5 1 0.002
9 8 0.0018000000000000002
8 6 0.0016
1 6 0.0019
12
5 6 0.0016 0.1304908218109062
9 8 0.0017000000000000001 0.12300404776814136
2 6 0.0018000000000000002 0.13178393371003222
1 6 0.0021000000000000003 0.11856049473944827
2 5 0.0017000000000000001 0.14242393912022544
3 7 0.0012000000000000001 0.10279011197338997
0 4 0.0022 0.1301941532159417
2 6 0.0016 0.1391298108120503
5 0 0.0017000000000000001 0.1100746920773914
2 4 0.0012000000000000001 0.1006438135107725
3 6 0.0014 0.12756658578593225
2 4 0.0023 0.14298832471653689
