10
5 1 13 2 18 5 14 7 15 8 16
5 0 16 2 19 3 21 4 17 9 19
3 3 21 5 23 8 14
2 2 14 6 20
7 0 22 1 14 2 13 5 24 6 16 7 12 9 14
5 0 17 1 15 2 23 4 23 9 20
3 1 13 8 16 9 21
2 0 19 9 15
7 0 20 2 18 3 19 4 24 5 13 7 16 9 24
8 0 20 1 24 2 20 3 24 4 18 6 18 7 12 8 19
6
0 9 0.0022
3 6 0.0022
5 2 0.0017000000000000001
0 2 0.0022
2 6 0.0016
4 5 0.0013000000000000002
12
5 1 0.0016 0.13866521419276906
5 3 0.0012000000000000001 0.12150221715451916
9 6 0.0012000000000000001 0.14679555315168136
1 4 0.0012000000000000001 0.10830029122687543
4 6 0.002 0.12755554895388616
8 2 0.0013000000000000002 0.1464021219766493
5 4 0.0014 0.10199051634557865
2 0 0.0023 0.1402791749350244
5 9 0.0012000000000000001 0.11874573807732716
3 0 0.0022 0.11871267176955241
6 7 0.0016 0.10038318736398276
3 4 0.0022 0.13756186360344558
