10
3 2 12 5 21 9 19
6 0 13 3 20 4 18 5 15 6 17 8 15
2 3 16 7 22
1 1 20
2 3 13 5 20
6 1 23 3 23 4 24 6 21 7 20 9 24
8 0 19 1 20 3 12 4 16 5 16 7 13 8 23 9 13
1 9 21
6 0 14 2 12 3 16 4 15 6 12 9 23
6 0 15 1 16 4 15 6 17 7 22 8 17
6
1 2 0.0018000000000000002
8 9 0.0017000000000000001
9 8 0.0021000000000000003
9 4 0.002
7 0 0.0024000000000000002
2 5 0.0012000000000000001
12
5 4 0.0018000000000000002 0.11319248222715671
7 5 0.0024000000000000002 0.12629055437830303
5 7 0.0014 0.13042218971897196
6 1 0.002 0.13298065494083303
6 3 0.0012000000000000001 0.11699068106962797
5 0 0.0013000000000000002 0.10549984642686142
3 1 0.0017000000000000001 0.11842455373355479
6 7 0.0014 0.10447133739878786
1 2 0.0015 0.1064128922715201
5 4 0.002 0.14496121394985895
8 3 0.0013000000000000002 0.14485119605343544
6 8 0.002 0.12743710296204727
