10
5 1 17 3 20 4 17 5 12 7 16
2 2 17 7 19
5 0 12 4 23 6 21 7 24 8 22
2 6 12 8 12
2 6 24 8 19
6 0 21 3 17 4 13 6 15 8 19 9 21
4 0 19 2 21 3 23 8 12
3 3 19 4 17 5 18
5 0 22 4 22 5 12 6 12 7 23
5 3 13 4 14 5 24 7 24 8 18
6
0 9 0.0014
1 7 0.0022
7 4 0.0022
0 6 0.0015
2 4 0.0014
9 1 0.0018000000000000002
12
4 2 0.0017000000000000001 0.14565065999559904
7 1 0.0018000000000000002 0.1356805069534381
6 1 0.0012000000000000001 0.1021121235716001
2 1 0.0014 0.11483240650078996
5 2 0.0013000000000000002 0.12273843974312798
2 1 0.0022 0.11831170955962941
6 4 0.0015 0.12408261609888373
1 3 0.0023 0.12492361984609347
0 4 0.0014 0.10971079547796204
4 3 0.0014 0.13321287588775993
7 1 0.0013000000000000002 0.1333112134914433
4 7 0.0016 0.12868517589512654
