10
2 2 12 9 20
7 0 14 3 17 4 19 5 19 6 23 8 15 9 20
7 0 21 4 22 5 18 6 15 7 15 8 21 9 17
5 1 17 4 16 5 23 8 13 9 13
5 2 20 5 13 6 22 7 14 9 15
2 0 21 3 16
8 1 23 2 15 3 19 4 24 5 13 7 18 8 22 9 21
3 0 20 5 19 8 16
2 0 15 6 19
6 0 13 1 12 2 20 4 18 7 18 8 21
6
6 7 0.0012000000000000001
9 6 0.0013000000000000002
8 4 0.0019
1 9 0.0021000000000000003
7 0 0.0015
2 6 0.0021000000000000003
12
0 6 0.0012000000000000001 0.12273091389372742
7 2 0.0012000000000000001 0.1275049355610753
4 6 0.0018000000000000002 0.1136734300067545
6 3 0.0023 0.10239912240819485
2 7 0.0016 0.13817782200507403
4 7 0.0019 0.11324834780853298
7 0 0.0019 0.14946005784030333
9 2 0.0017000000000000001 0.13079666409024165
5 7 0.0016 0.12383738608267911
3 0 0.0019 0.12644238026053384
8 1 0.0023 0.13279094537666153
0 1 0.0012000000000000001 0.12174618224671112
