10
5 1 13 5 15 6 18 8 14 9 21
4 0 14 5 16 6 16 9 13
8 0 24 1 13 4 24 5 18 6 14 7 15 8 12 9 23
6 0 15 1 24 5 24 6 15 8 16 9 12
6 0 22 1 18 2 14 3 22 5 12 6 14
6 0 18 1 21 3 15 6 22 8 17 9 21
5 0 22 1 12 5 24 7 19 9 14
7 0 24 1 15 2 22 4 15 6 23 8 16 9 24
2 3 20 5 16
2 1 16 3 18
6
6 9 0.0018000000000000002
7 9 0.0017000000000000001
2 4 0.0023
2 4 0.0012000000000000001
1 7 0.0013000000000000002
8 9 0.0017000000000000001
12
2 1 0.0018000000000000002 0.1169094428444666
6 7 0.0018000000000000002 0.13191144618986808
5 6 0.0017000000000000001 0.14351964338897655
9 3 0.0022 0.14888318914307094
3 5 0.0013000000000000002 0.1301793406152561
4 1 0.0022 0.13181365415174856
8 6 0.0017000000000000001 0.13168205889899395
0 6 0.0015 0.11682785558703893
9 3 0.0014 0.147101320887439
2 4 0.0018000000000000002 0.11262802210110352
6 1 0.0015 0.1468959313379493
2 4 0.0023 0.14518141291208317
