10
4 1 17 3 13 6 20 7 19
7 0 17 2 12 3 20 4 23 5 12 7 20 9 21
7 0 19 1 24 3 19 4 14 6 21 8 13 9 14
2 6 17 9 22
5 0 21 2 13 6 17 7 22 9 16
6 0 21 1 14 3 21 7 16 8 19 9 19
8 0 20 1 15 2 12 3 18 4 12 5 19 7 17 8 21
7 0 21 2 14 3 15 4 16 5 21 6 12 9 13
2 3 16 5 17
1 4 13
6
0 5 0.0021000000000000003
3 8 0.0024000000000000002
3 6 0.0022
7 8 0.0015
8 7 0.0014
9 2 0.0023
12
5 9 0.0014 0.1018321853743
1 3 0.0013000000000000002 0.14964612624547194
1 8 0.0019 0.14052265920150553
1 8 0.002 0.10292955519010205
7 9 0.0016 0.11604789410869723
6 7 0.002 0.11093729977163078
6 9 0.0012000000000000001 0.11406833843395149
0 8 0.0022 0.14538782436057573
6 4 0.0017000000000000001 0.14848444773703398
3 7 0.002 0.1290938862220742
2 7 0.0012000000000000001 0.1380614562203045
5 2 0.0021000000000000003 0.1399933482717625
