10
4 1 15 2 22 4 18 5 15
1 8 15
7 0 23 1 22 3 23 4 24 5 22 6 24 8 24
2 1 21 4 15
4 2 20 5 15 7 14 8 17
6 0 22 1 15 4 24 6 22 8 14 9 12
5 0 20 1 13 2 18 5 12 8 21
5 1 21 3 12 4 23 5 19 6 14
7 0 12 1 16 3 13 4 20 6 16 7 19 9 15
7 0 14 2 17 3 21 5 18 6 24 7 12 8 14
6
2 1 0.0023
9 8 0.0019
2 8 0.0022
8 0 0.0015
7 5 0.0017000000000000001
7 8 0.0023
12
8 5 0.0013000000000000002 0.12577207046655176
3 1 0.0023 0.10509943907679148
5 6 0.0017000000000000001 0.14442503567365914
2 5 0.0022 0.1390172873792403
7 5 0.0018000000000000002 0.12688073684513027
0 4 0.0012000000000000001 0.1273454698243138
3 1 0.0022 0.13364016285594554
7 3 0.002 0.1430737068090875
5 6 0.0018000000000000002 0.12578746840694238
1 4 0.0018000000000000002 0.1437765956948061
8 4 0.0022 0.1339952645819481
7 0 0.0017000000000000001 0.10212727195925543
