10
4 3 18 5 17 7 17 8 21
8 0 13 2 18 3 18 4 21 6 13 7 21 8 14 9 15
1 9 16
7 0 12 4 14 5 16 6 17 7 16 8 12 9 13
4 1 24 6 13 8 14 9 19
1 8 24
1 9 23
5 2 20 3 14 4 22 8 22 9 18
8 0 12 1 19 3 12 4 19 5 21 6 15 7 19 9 19
8 0 15 1 23 2 24 3 21 4 16 5 21 6 22 7 14
6
6 9 0.0015
3 7 0.0018000000000000002
8 7 0.0021000000000000003
8 0 0.0024000000000000002
0 6 0.0018000000000000002
6 4 0.0022
12
5 4 0.0019 0.14248064426029194
1 4 0.0012000000000000001 0.12708932569887305
3 7 0.0012000000000000001 0.13495413351299412
2 6 0.0024000000000000002 0.1394484763407517
0 6 0.0021000000000000003 0.11812049076477132
5 6 0.002 0.11044780777613965
0 2 0.0019 0.11690973628064107
7 8 0.0016 0.12585881911387783
6 9 0.0019 0.11330167561774705
6 7 0.002 0.10471275465345202
0 5 0.002 0.13942379859945025
9 2 0.0013000000000000002 0.10375708125369276
