10
4 2 13 3 16 6 13 9 17
3 0 19 3 21 4 15
8 0 16 1 22 3 22 5 16 6 20 7 22 8 17 9 17
7 0 17 2 23 4 14 5 13 6 23 7 15 8 24
7 0 16 2 18 3 16 6 15 7 18 8 20 9 17
5 2 12 3 24 6 17 7 18 9 23
4 2 20 3 20 8 17 9 12
7 0 20 1 23 4 22 5 13 6 22 8 15 9 13
5 1 23 2 13 3 24 4 19 9 20
4 1 23 2 17 6 18 8 21
6
1 0 0.0022
8 0 0.0017000000000000001
4 7 0.002
4 9 0.0013000000000000002
6 8 0.0017000000000000001
5 7 0.0022
12
5 3 0.0022 0.11842878675935296
2 1 0.0015 0.12881137959390251
9 8 0.0016 0.140456498645073
6 3 0.002 0.11877156767717219
2 6 0.0015 0.1468313532982681
6 2 0.0024000000000000002 0.1046433305001208
0 7 0.0016 0.10858922422184264
4 2 0.0024000000000000002 0.1253703917069893
1 5 0.0014 0.1288888109688859
1 4 0.0014 0.11726497866312649
1 5 0.0018000000000000002 0.1370304410029886
7 4 0.0019 0.10684991322769902
