10
2 1 23 3 20
5 0 17 5 24 6 17 7 13 8 17
6 0 14 1 17 3 17 7 23 8 18 9 24
7 0 20 1 18 2 16 5 13 6 24 7 18 9 20
6 0 19 2 20 3 20 6 23 8 14 9 14
6 0 13 3 20 4 20 7 15 8 21 9 17
6 0 12 2 21 3 22 4 12 5 14 9 12
6 0 14 3 20 4 20 5 17 6 19 9 20
6 0 15 2 18 3 22 5 23 7 15 9 14
7 0 18 2 15 3 22 4 19 6 16 7 23 8 22
6
1 5 0.0016
8 6 0.0021000000000000003
6 9 0.0015
7 6 0.0017000000000000001
9 5 0.0017000000000000001
5 7 0.0014
12
1 6 0.0023 0.14925173962684338
2 8 0.0019 0.13815172995711072
1 5 0.0019 0.11335563774350334
7 0 0.0021000000000000003 0.1358910130272885
3 2 0.0016 0.1437716670468969
2 6 0.0024000000000000002 0.12643770626404677
9 0 0.0017000000000000001 0.13071496611086733
9 5 0.0015 0.13706367017319185
7 2 0.0017000000000000001 0.10046210176166911
9 5 0.0023 0.10043491313065818
2 4 0.0023 0.10158965006287068
7 9 0.002 0.11676504937400349
