25
10 5 14 7 15 8 15 12 18 13 17 16 18 17 13 20 15 21 19 22 16
6 3 12 6 13 8 22 14 15 18 23 23 19
16 0 24 1 13 3 16 4 16 5 20 8 13 9 17 10 16 11 22 13 17 16 24 17 15 19 13 20 14 23 19 24 15
9 0 19 1 12 4 17 10 14 13 20 14 15 16 18 20 19 24 15
13 0 24 1 16 2 15 3 21 5 23 6 23 8 23 9 21 11 13 12 22 17 14 18 22 23 20
16 0 16 6 19 7 16 8 21 9 14 11 16 12 16 13 13 14 20 16 19 18 13 20 18 21 15 22 12 23 23 24 15
6 2 12 3 13 8 14 9 24 17 17 22 19
7 4 21 6 16 9 12 10 18 18 15 20 22 23 14
8 4 21 6 17 10 22 12 16 14 23 16 17 23 16 24 14
15 0 13 1 12 2 24 4 23 5 22 6 14 12 19 13 17 15 12 16 15 17 12 19 19 20 16 21 20 22 16
2 16 13 17 23
21 0 20 1 14 2 24 3 13 4 21 5 23 6 23 9 18 10 23 12 17 13 20 14 22 15 12 16 13 17 22 18 13 19 16 20 19 22 12 23 20 24 21
19 1 17 2 22 3 20 4 21 5 12 6 13 7 24 8 12 9 19 11 12 13 22 15 23 16 15 17 22 19 23 20 15 21 14 23 24 24 17
2 7 24 16 23
14 0 24 2 18 3 14 4 16 5 17 7 14 8 17 10 17 11 24 15 24 19 19 21 17 22 14 24 17
17 0 24 1 12 2 13 3 12 4 21 6 15 7 17 8 12 9 18 13 13 18 17 19 24 20 16 21 16 22 20 23 18 24 17
13 1 16 2 22 5 16 9 16 10 18 12 20 13 22 19 21 20 24 21 23 22 20 23 23 24 22
8 2 21 10 16 14 22 15 18 18 21 19 14 21 13 24 14
8 0 14 1 17 2 14 8 20 13 21 15 14 20 12 22 22
22 0 23 1 18 2 18 3 22 4 19 5 14 6 14 7 12 8 17 9 24 10 16 11 24 12 24 13 22 15 12 16 24 17 20 18 21 20 16 21 14 22 24 23 15
16 2 18 3 17 4 15 6 12 8 19 9 22 11 19 12 20 13 16 15 14 16 20 19 17 21 12 22 21 23 16 24 18
3 4 21 11 19 22 13
16 0 24 1 22 2 19 3 13 4 14 6 15 7 19 9 14 10 13 12 18 13 23 15 15 16 21 17 24 19 19 21 23
20 0 18 1 12 2 20 3 19 4 20 5 19 6 13 7 19 8 18 10 14 11 13 12 19 14 18 15 17 16 18 17 21 18 19 19 21 21 15 24 18
4 2 17 14 12 17 24 23 18
25
23 5 0.0017000000000000001
13 8 0.002
15 16 0.0022
14 13 0.0023
18 24 0.0023
23 19 0.0024000000000000002
22 9 0.0016
12 21 0.0016
23 3 0.0014
8 23 0.0012000000000000001
8 13 0.0018000000000000002
12 14 0.0013000000000000002
7 18 0.0017000000000000001
13 3 0.0013000000000000002
11 3 0.0017000000000000001
7 17 0.0013000000000000002
14 8 0.0018000000000000002
7 20 0.0018000000000000002
15 10 0.0019
12 5 0.0017000000000000001
16 12 0.0017000000000000001
24 8 0.0015
7 10 0.0021000000000000003
22 5 0.0013000000000000002
9 17 0.0019
25
2 13 0.0018000000000000002 0.10399120112284255
14 20 0.0018000000000000002 0.1356639720689113
16 15 0.0017000000000000001 0.14671065384983145
0 17 0.0023 0.10079187685402902
20 9 0.0017000000000000001 0.13388299792415478
22 7 0.0021000000000000003 0.10270545005547152
10 23 0.0015 0.14097845826566802
12 24 0.0023 0.13646804658283307
21 22 0.0015 0.1321944234637605
5 18 0.0022 0.12633418649391404
10 20 0.0014 0.14723640647323336
20 15 0.0018000000000000002 0.14869129220524155
11 8 0.0013000000000000002 0.11171571282047
7 2 0.0021000000000000003 0.1153186861351321
2 23 0.0021000000000000003 0.14594481203353496
7 18 0.0023 0.12763228769081053
7 10 0.0023 0.13564062781765213
5 7 0.0018000000000000002 0.10509113344098234
15 8 0.0018000000000000002 0.10413348516908182
13 9 0.0016 0.14090112006891078
23 20 0.0012000000000000001 0.12307215133366284
19 5 0.0024000000000000002 0.12686979216630603
2 18 0.0016 0.14575748754995377
15 21 0.0017000000000000001 0.11523820393513542
18 22 0.0014 0.14323436116027344
