25
3 2 23 4 18 15 21
8 0 22 2 18 4 18 5 16 6 19 8 12 14 18 16 19
16 0 21 1 18 3 17 4 12 5 17 6 13 8 18 11 18 14 21 15 22 16 17 17 13 18 15 20 22 22 14 23 13
20 0 19 1 17 2 21 5 13 6 17 7 18 8 19 9 15 10 20 11 19 13 21 14 22 15 15 16 17 17 15 18 13 19 17 20 12 21 23 23 17
16 0 13 2 24 3 17 5 17 6 13 9 18 10 20 11 24 12 16 14 20 16 14 19 18 20 17 21 21 22 16 23 18
11 1 14 2 13 4 20 8 16 9 19 10 24 12 19 19 21 20 22 22 15 23 20
11 0 17 1 14 7 19 8 20 9 14 10 18 15 21 17 15 19 20 21 17 24 21
23 0 21 1 16 2 13 3 21 4 21 5 22 6 15 8 17 9 15 10 15 11 20 12 21 13 17 14 17 15 17 16 17 17 16 18 18 20 21 21 12 22 12 23 22 24 13
6 2 17 3 22 10 15 11 24 15 21 22 20
16 1 22 4 12 6 23 7 18 8 18 12 17 14 13 15 12 16 20 17 16 19 16 20 24 21 13 22 15 23 15 24 16
6 2 17 5 22 15 15 18 12 22 22 23 23
6 12 19 14 16 15 14 16 14 17 20 18 14
17 1 24 2 23 3 14 4 16 5 13 6 19 7 19 8 23 10 24 11 18 13 14 14 22 16 13 17 13 18 18 21 18 22 17
3 3 20 16 16 21 19
19 0 20 1 18 2 13 3 13 4 16 5 13 7 12 8 23 9 23 11 22 12 24 13 19 15 16 17 22 18 16 20 24 21 12 23 14 24 18
3 12 14 13 18 19 17
13 1 18 5 15 7 22 8 20 11 15 12 23 13 22 15 21 18 17 19 16 20 13 22 15 24 12
17 0 16 3 22 4 18 5 15 7 22 8 23 9 22 10 18 12 23 13 19 14 22 16 22 18 18 19 22 21 15 22 24 23 23
22 0 23 1 14 2 22 3 16 4 24 5 21 6 24 7 22 8 21 9 23 10 21 11 24 12 16 13 23 14 20 15 18 16 21 17 13 21 23 22 18 23 15 24 24
19 0 12 1 21 3 14 4 16 5 14 6 22 7 14 8 14 9 20 10 14 11 23 12 15 13 21 14 21 15 22 18 20 21 19 22 20 23 15
21 0 15 1 12 2 16 3 18 5 17 6 20 7 17 8 16 9 14 10 12 12 15 13 23 14 17 15 22 16 22 17 15 18 21 21 17 22 13 23 21 24 16
13 3 16 4 12 10 21 11 18 12 16 13 15 15 20 16 14 17 24 19 23 20 18 22 16 24 14
23 0 18 1 21 2 18 3 16 4 13 5 12 7 14 8 23 9 24 10 20 11 12 12 24 13 12 14 23 15 12 16 12 17 19 18 13 19 21 20 12 21 12 23 13 24 22
22 0 14 1 20 2 12 3 19 4 21 5 24 6 13 8 16 9 18 10 12 11 19 12 21 13 23 14 23 15 12 16 17 17 16 18 20 19 13 20 13 21 21 22 21
23 0 20 1 16 2 24 3 14 5 13 6 13 7 14 8 21 9 20 10 18 11 13 12 23 13 19 14 22 15 18 16 22 17 19 18 13 19 19 20 20 21 20 22 19 23 22
25
13 14 0.0015
6 15 0.002
16 18 0.0019
13 24 0.0019
7 3 0.0015
13 20 0.0017000000000000001
6 14 0.0012000000000000001
4 12 0.0012000000000000001
15 1 0.0019
6 24 0.002
14 23 0.0019
3 15 0.0013000000000000002
10 17 0.0014
15 16 0.0023
11 12 0.0023
19 17 0.0018000000000000002
6 12 0.002
0 21 0.0013000000000000002
1 24 0.0022
14 24 0.0021000000000000003
18 24 0.002
21 9 0.0014
5 13 0.0024000000000000002
16 8 0.0022
22 5 0.002
25
19 20 0.0016 0.14731656796577358
7 20 0.0016 0.13237504252619156
23 15 0.0021000000000000003 0.10736603633660749
4 16 0.0018000000000000002 0.10867359327844076
9 20 0.0012000000000000001 0.1069509852418045
7 1 0.0023 0.10713426005094995
5 18 0.0013000000000000002 0.10495613168710381
22 2 0.0014 0.1097323771516051
13 22 0.0021000000000000003 0.12916309985863297
13 14 0.0015 0.13552124819683223
2 24 0.0013000000000000002 0.10679438999297135
6 19 0.0015 0.14506640834474566
8 0 0.0016 0.1305499225230804
0 12 0.0021000000000000003 0.1440318241846325
7 17 0.0013000000000000002 0.1047575062748476
10 24 0.0013000000000000002 0.10799226688572153
6 19 0.0017000000000000001 0.10927079597282967
12 20 0.0015 0.14007104581522972
17 15 0.0016 0.11851638236502518
22 14 0.0018000000000000002 0.11048363721837472
17 1 0.0022 0.10707877780117324
13 2 0.0013000000000000002 0.10727806430220538
7 11 0.0013000000000000002 0.10692642957653625
24 10 0.0015 0.11446659753308763
23 15 0.0023 0.14795431496709785
