25
13 16 20 0 4 14 
6 15 
16 18 
13 3 18 24 
7 3 
13 3 21 19 4 20 
6 1 2 22 9 14 
4 12 
15 12 1 
6 24 
14 23 
3 15 
10 22 3 17 
15 13 16 
11 12 
19 11 18 17 
6 21 10 5 19 4 23 12 
0 2 20 21 
1 16 22 24 
14 24 
18 24 
21 20 18 9 
5 4 14 18 13 
16 8 
22 5 
25
19 1 6 7 9 20 
7 9 20 
23 15 
4 16 
9 20 
7 9 20 12 17 19 1 
5 2 18 
22 11 14 13 21 24 2 
13 21 24 2 3 10 22 
13 21 24 2 3 10 22 11 14 
2 3 10 22 11 14 13 21 24 
6 7 9 20 12 17 19 
8 2 0 
0 4 12 
7 9 20 12 17 
10 22 11 14 13 21 24 
6 7 9 20 12 17 19 
12 17 19 1 6 7 9 20 
17 0 15 
22 11 14 
17 19 1 
13 21 24 2 
7 11 
24 2 3 10 
23 15 
