25
13 3 2 14 
6 15 
16 12 10 23 14 9 20 18 
13 3 2 14 9 6 24 
7 5 20 16 12 8 3 
13 3 2 20 
6 24 2 14 
4 2 20 16 12 
15 13 3 0 2 1 
6 24 
14 12 10 23 
3 21 17 12 2 15 
10 23 14 17 
15 13 3 0 2 1 16 
11 17 3 2 14 12 
19 1 0 2 14 17 
6 24 2 14 12 
0 2 20 16 12 8 3 21 
1 0 2 20 16 7 5 10 22 24 
14 12 10 22 24 
18 24 
21 17 22 9 
5 10 23 13 
16 12 8 
22 12 10 23 5 
25
19 1 6 7 9 20 
7 9 20 
23 15 
4 16 
9 20 
7 9 20 12 17 19 1 
5 2 18 
22 11 14 13 21 24 2 
13 21 24 2 3 10 22 
13 21 24 2 3 10 22 11 14 
2 3 10 22 11 14 13 21 24 
6 7 9 20 12 17 19 
8 2 0 
0 4 12 
7 9 20 12 17 
10 22 11 14 13 21 24 
6 7 9 20 12 17 19 
12 17 19 1 6 7 9 20 
17 0 15 
22 11 14 
17 19 1 
13 21 24 2 
7 11 
24 2 3 10 
23 15 
