15
8 1 16 4 15 5 19 6 12 7 19 12 17 13 17 14 14
1 11 16
13 0 15 1 24 3 17 4 23 5 23 6 22 7 24 8 21 9 21 10 12 12 23 13 12 14 19
6 1 21 2 15 4 24 9 19 12 20 13 15
8 0 21 3 24 5 23 6 21 7 15 9 20 11 16 12 15
3 1 14 4 21 8 23
3 1 21 3 18 13 15
13 0 17 1 17 2 12 3 18 4 19 5 16 8 18 9 19 10 19 11 21 12 24 13 21 14 23
6 3 22 4 17 6 13 7 14 12 22 14 14
12 0 13 1 14 2 15 3 12 4 24 5 24 6 15 7 18 10 14 11 17 12 24 14 24
7 2 13 3 22 5 22 7 14 9 23 12 16 13 23
2 8 18 9 15
3 2 16 3 22 9 14
12 0 18 1 24 2 22 3 19 4 12 5 20 6 21 7 21 10 20 11 19 12 23 14 14
10 0 13 1 16 2 17 3 12 5 21 6 20 7 24 8 22 9 14 13 14
3
5 8 0.0018000000000000002
14 13 0.0021000000000000003
10 3 0.0024000000000000002
12
1 6 0.0021000000000000003 0.10086366498460854
5 11 0.0014 0.119422933368141
11 8 0.0014 0.13591313686751214
11 1 0.0019 0.13363779485412006
13 11 0.0022 0.14555006300439435
11 14 0.0013000000000000002 0.14871261420822818
10 5 0.0017000000000000001 0.12564334732577356
14 3 0.0012000000000000001 0.12496204239199749
12 4 0.0019 0.1099213425752955
14 7 0.0016 0.10873839821522686
2 12 0.0019 0.13081587247804077
0 14 0.0018000000000000002 0.14052383004747657
