15
12 1 17 2 19 3 16 4 23 5 19 6 13 7 18 8 15 11 15 12 13 13 14 14 17
4 2 24 3 24 9 13 10 20
8 3 13 5 24 6 14 7 20 8 13 9 14 10 17 11 19
7 2 23 4 14 8 21 9 22 10 18 11 24 13 23
7 1 13 2 13 5 12 8 21 11 22 13 18 14 16
5 6 17 9 12 12 16 13 17 14 22
4 1 17 4 13 12 18 14 21
4 2 24 8 13 9 16 11 16
1 11 22
6 0 19 2 24 3 23 6 12 7 17 11 20
4 2 20 6 12 12 21 13 18
11 0 21 2 16 3 21 5 13 6 20 7 13 8 20 9 15 12 12 13 14 14 21
5 0 18 1 19 3 21 5 20 6 20
6 0 17 1 22 6 18 7 21 8 17 12 23
2 8 17 13 14
3
13 14 0.0021000000000000003
2 1 0.002
7 2 0.0012000000000000001
12
9 7 0.0012000000000000001 0.11506277418179477
6 9 0.0023 0.1350143754088564
4 2 0.0019 0.1112229347411991
3 14 0.0015 0.1446895078775788
3 12 0.0017000000000000001 0.14213648700805678
2 7 0.0012000000000000001 0.10925963233289124
9 0 0.0017000000000000001 0.10107247199409877
3 5 0.0024000000000000002 0.11838562505787355
5 1 0.0022 0.10009908456610267
12 6 0.0022 0.13064779721419623
3 5 0.0014 0.10470257343805983
0 11 0.0018000000000000002 0.12011733630004587
