15
8 1 20 2 19 4 17 5 19 7 18 9 14 10 12 11 17
9 2 18 3 24 4 21 5 15 6 21 10 15 12 17 13 24 14 24
12 0 16 1 15 3 24 5 12 6 22 7 20 8 20 10 16 11 13 12 13 13 23 14 13
1 4 14
13 0 16 1 23 2 17 3 13 5 16 6 12 7 12 8 24 9 24 10 24 11 22 12 21 14 24
11 0 17 1 13 3 22 4 23 6 16 7 23 8 16 9 22 11 15 12 21 13 20
3 0 12 4 17 5 16
11 0 24 1 12 3 16 4 23 6 17 8 19 9 21 10 12 11 17 12 23 14 18
5 0 17 1 23 5 18 11 20 13 20
11 0 20 1 13 2 22 3 23 4 20 5 20 6 16 7 12 10 16 11 22 14 14
7 2 24 4 22 6 21 9 19 11 13 13 18 14 17
2 1 21 7 19
7 0 18 1 12 2 21 5 23 6 20 8 17 14 24
1 10 21
5 1 22 3 15 9 21 10 14 11 23
3
8 2 0.0013000000000000002
10 14 0.0018000000000000002
6 14 0.0015
12
7 14 0.0015 0.14226871089211524
6 3 0.0015 0.14365808456948104
11 13 0.0018000000000000002 0.14196127195065725
1 13 0.0019 0.11015184470996581
0 14 0.0018000000000000002 0.11211201597359106
4 10 0.0023 0.1368200440137516
0 7 0.0022 0.11389648910470516
4 7 0.0019 0.10868982659655205
14 8 0.0014 0.1217812934446562
8 2 0.0019 0.10508896188244762
13 0 0.0022 0.11605807800937033
12 2 0.0012000000000000001 0.13570589282441226
