15
11 1 19 2 20 3 16 4 24 5 21 6 17 8 18 10 17 12 13 13 15 14 13
12 2 24 3 14 5 15 6 17 7 16 8 19 9 21 10 23 11 23 12 18 13 24 14 20
2 6 12 14 21
11 0 24 1 12 4 23 5 23 6 23 7 13 8 12 9 23 12 17 13 16 14 22
13 0 24 1 22 2 18 3 15 5 16 6 23 7 14 8 23 10 20 11 17 12 13 13 22 14 15
3 10 14 12 16 13 22
13 0 14 1 12 2 20 3 17 4 13 7 18 8 17 9 15 10 24 11 21 12 23 13 12 14 16
8 0 22 1 23 2 23 3 18 4 12 9 13 10 13 14 21
12 0 19 1 14 3 17 4 17 5 16 6 12 7 22 9 23 10 18 11 22 13 16 14 16
5 0 23 3 12 5 15 11 16 13 22
6 3 16 5 16 6 23 7 13 9 16 13 24
8 0 21 5 12 6 20 7 16 8 22 9 19 12 20 14 14
5 0 16 3 12 7 24 9 17 10 20
11 0 23 2 17 3 14 4 16 6 23 7 17 8 13 9 12 10 21 11 24 14 17
5 0 22 2 14 4 16 7 14 11 23
3
9 7 0.0024000000000000002
14 12 0.0022
10 3 0.0021000000000000003
12
13 2 0.0015 0.13606537323814571
14 8 0.0023 0.12118918633626352
10 4 0.0017000000000000001 0.10886373072403913
8 5 0.0022 0.12268893017126165
4 7 0.0023 0.11594807896956213
13 9 0.0022 0.14238024089389908
3 5 0.0016 0.14757065377031037
4 5 0.0019 0.14465032966050936
1 14 0.0012000000000000001 0.1411201482743767
6 11 0.0018000000000000002 0.14842359478059935
2 14 0.0019 0.1230658611814221
11 3 0.0013000000000000002 0.10190001776589824
