15
6 2 23 4 14 5 13 7 20 9 13 10 13
10 0 20 3 21 5 20 7 17 8 21 9 13 11 12 12 22 13 13 14 18
11 1 20 3 18 4 15 5 17 6 23 7 23 8 13 9 23 10 16 11 17 14 18
8 1 16 4 19 5 21 6 13 8 23 9 13 10 19 11 19
12 0 18 1 12 2 16 3 23 5 14 6 21 7 18 8 20 9 23 10 16 12 22 14 16
13 0 17 1 21 2 23 3 12 4 24 6 18 7 22 9 14 10 14 11 16 12 24 13 12 14 18
1 12 15
2 3 20 12 23
10 0 19 2 14 3 14 4 16 6 15 7 21 10 23 11 13 12 23 13 20
11 0 21 1 22 2 15 3 19 4 22 6 16 8 19 10 18 11 16 13 17 14 22
2 8 16 12 20
2 0 24 10 19
1 11 19
8 1 16 2 14 4 16 5 19 6 18 7 21 9 19 11 20
7 2 12 4 14 6 16 7 15 9 21 11 24 12 14
3
8 14 0.0019
8 9 0.0014
11 2 0.0013000000000000002
12
11 8 0.0023 0.14364135871141753
13 1 0.0019 0.10292418188054273
2 3 0.0018000000000000002 0.10737450278491278
9 0 0.0012000000000000001 0.13996147476392273
10 13 0.0019 0.1319996651830314
10 7 0.0023 0.1333553993329558
11 6 0.002 0.1240146541568655
10 9 0.0021000000000000003 0.14072329991901802
7 0 0.0021000000000000003 0.10950838479130845
14 0 0.0012000000000000001 0.14754783776620736
14 11 0.0014 0.14853566989115002
11 5 0.0015 0.14648009357375938
