15
12 1 22 2 15 3 16 4 23 5 16 6 18 7 16 9 21 10 21 11 15 13 24 14 14
6 0 17 3 20 4 13 5 17 9 17 14 24
8 0 18 1 20 7 22 8 22 10 23 11 19 12 16 14 12
9 0 18 2 24 5 24 7 15 8 15 9 14 10 12 12 16 13 23
12 0 19 1 20 2 12 3 19 6 23 7 17 8 15 9 18 10 16 11 15 12 24 13 24
11 0 16 1 20 2 13 3 15 4 13 7 18 8 15 9 19 10 23 11 22 13 17
6 0 16 5 16 7 15 8 21 10 13 13 21
1 1 18
12 0 23 1 13 2 16 5 14 6 20 7 23 9 18 10 16 11 17 12 12 13 18 14 14
1 14 16
12 1 13 2 16 4 12 5 12 6 22 7 16 8 13 9 22 11 17 12 21 13 17 14 15
7 0 17 5 24 7 14 8 20 9 21 13 22 14 24
7 0 12 2 12 4 17 5 15 7 22 8 22 14 12
11 0 20 3 20 4 21 5 19 6 15 7 14 8 22 9 21 10 13 12 24 14 24
8 0 14 2 14 6 15 7 13 9 12 10 13 11 14 12 15
3
12 7 0.0024000000000000002
13 11 0.0021000000000000003
8 9 0.0019
12
13 12 0.002 0.11590952312870532
9 14 0.002 0.12949636427329128
2 12 0.0019 0.13613089407507162
11 8 0.0012000000000000001 0.11665108089059995
8 13 0.0024000000000000002 0.12219301754073815
4 9 0.0015 0.1449521680315861
11 12 0.0021000000000000003 0.11683354665069326
9 7 0.0018000000000000002 0.14831866068828253
14 3 0.0024000000000000002 0.11575502530425054
14 4 0.0013000000000000002 0.10609913296807738
5 8 0.0013000000000000002 0.13685681525691856
7 0 0.0018000000000000002 0.12152735439339157
