15
12 1 16 2 15 3 13 4 23 6 13 7 18 9 20 10 23 11 17 12 13 13 23 14 13
13 0 12 2 19 3 23 4 15 5 17 6 16 8 24 9 14 10 20 11 16 12 15 13 20 14 20
2 0 23 14 12
11 2 17 4 21 5 24 6 24 7 13 8 24 9 16 10 19 11 18 13 24 14 23
7 1 23 2 17 6 23 7 15 8 16 11 16 14 19
10 0 14 2 17 4 22 7 24 8 18 9 21 10 17 11 16 13 23 14 17
9 0 14 1 23 2 17 3 18 7 20 8 18 9 17 10 17 13 22
8 0 18 3 17 5 20 6 14 8 23 9 23 12 15 13 12
10 0 14 1 24 2 18 3 20 5 23 7 20 9 19 11 22 13 20 14 21
7 1 13 2 14 3 21 4 13 7 22 8 23 14 22
11 0 14 1 15 2 15 3 18 4 13 5 12 6 18 7 16 11 18 12 17 14 20
4 3 23 7 18 9 23 10 12
5 2 14 7 22 10 14 11 13 13 15
3 3 18 9 18 14 21
3 7 16 9 18 10 17
3
0 11 0.002
3 5 0.0022
9 13 0.0023
12
14 8 0.0022 0.10604386686664849
10 5 0.0015 0.11262410593984001
7 11 0.0013000000000000002 0.13277928765573602
9 11 0.0015 0.12623123947802406
2 8 0.0014 0.13669155432817204
14 9 0.0024000000000000002 0.14367650573056373
14 12 0.0017000000000000001 0.11807867001020918
14 13 0.0017000000000000001 0.11218258615874895
12 6 0.0018000000000000002 0.13063816861933608
9 3 0.0014 0.12409382856283226
0 10 0.0018000000000000002 0.14068517061719532
14 4 0.0012000000000000001 0.11395541647174849
