15
9 3 13 4 14 5 14 6 18 7 18 8 23 9 15 10 19 14 23
1 11 18
7 3 24 4 16 6 22 8 16 10 23 12 23 13 20
11 0 23 1 16 2 19 4 15 5 21 6 19 7 16 9 21 12 19 13 19 14 13
4 0 17 7 17 11 13 14 20
3 2 24 6 16 9 20
6 2 23 3 23 5 16 8 18 9 20 11 12
11 0 19 1 24 2 21 3 12 4 24 5 17 6 15 8 24 10 23 13 24 14 14
4 0 19 4 17 7 16 14 21
12 0 22 1 17 2 20 3 15 4 19 5 24 6 24 7 17 8 24 10 21 12 13 13 12
9 1 15 2 24 3 19 4 21 5 12 6 13 11 21 12 22 14 24
7 0 19 4 19 8 24 9 14 10 24 12 22 14 20
8 0 23 1 23 4 20 7 12 9 22 10 20 13 18 14 14
12 0 22 1 20 2 23 3 20 4 13 5 22 6 17 7 13 10 22 11 21 12 19 14 13
1 8 23
3
3 4 0.0017000000000000001
14 6 0.0012000000000000001
2 12 0.0021000000000000003
12
11 1 0.0014 0.10994144860183196
7 4 0.0016 0.1339141389511252
14 8 0.0024000000000000002 0.14155254279294616
10 7 0.0017000000000000001 0.12951673354562945
6 0 0.0016 0.1332933014834547
2 6 0.0017000000000000001 0.13662411694256307
5 10 0.0019 0.12124639657308375
6 2 0.002 0.14421836276332947
6 14 0.0018000000000000002 0.1201564524689134
14 8 0.002 0.1188957718488543
11 0 0.0012000000000000001 0.13626911979865686
0 14 0.0017000000000000001 0.13938603956730208
