15
7 2 23 3 13 4 18 5 13 6 18 8 12 9 12
6 5 23 6 19 8 19 11 12 12 24 13 21
3 3 12 8 13 14 24
11 1 21 2 23 4 24 5 19 6 18 8 17 9 20 10 20 11 24 13 14 14 15
10 0 24 1 13 2 16 3 18 5 17 8 14 9 18 12 18 13 23 14 22
11 0 17 1 14 3 18 4 20 6 24 7 22 9 16 10 22 11 19 12 19 14 20
5 3 24 7 23 9 22 12 24 14 19
9 1 21 3 16 5 21 8 16 9 24 11 16 12 14 13 15 14 19
8 2 18 3 18 4 21 5 16 10 23 11 13 13 16 14 23
1 3 23
4 1 24 4 23 8 24 12 15
1 12 14
11 0 13 1 21 2 17 4 14 6 15 7 12 8 19 9 21 10 24 13 19 14 20
6 2 15 5 12 6 23 7 13 9 20 11 16
5 2 19 4 14 6 12 7 20 10 19
3
9 11 0.0016
10 12 0.0014
1 13 0.0019
12
0 14 0.0022 0.13125894478053093
4 1 0.0012000000000000001 0.1124671287447561
12 3 0.0016 0.10969234989146225
10 6 0.002 0.1213672006760207
0 8 0.0015 0.10240490984067588
7 0 0.0022 0.12505620270225035
7 13 0.0018000000000000002 0.14370555046077096
3 6 0.0015 0.10296464633570566
0 9 0.0024000000000000002 0.11648591055288457
3 7 0.0023 0.1002301630762533
0 6 0.0023 0.1287328672184157
0 1 0.0015 0.10906341299149742
