15
8 1 17 4 21 6 12 7 19 8 18 10 14 13 15 14 12
3 3 13 12 20 14 13
4 9 13 10 17 13 13 14 24
2 0 17 10 14
10 0 21 1 23 2 21 5 24 6 23 9 17 10 20 12 19 13 17 14 15
8 1 21 4 21 6 21 9 24 11 18 12 21 13 12 14 17
2 10 17 14 23
5 0 13 4 20 5 14 8 24 14 22
4 5 16 6 17 11 12 14 22
9 0 17 3 13 4 13 7 16 10 18 11 22 12 23 13 18 14 24
12 0 21 1 19 2 19 3 17 4 22 5 15 6 23 7 23 8 15 9 19 13 13 14 12
4 0 21 6 21 12 17 13 22
3 8 20 10 22 11 14
1 9 14
2 0 12 10 21
3
0 3 0.0019
12 7 0.0024000000000000002
9 5 0.0016
12
8 14 0.0014 0.14350766583291025
4 0 0.0021000000000000003 0.10815839721831806
6 0 0.0012000000000000001 0.10809354259889337
6 2 0.0017000000000000001 0.12720218289306162
7 5 0.0016 0.12645765341740856
4 13 0.0019 0.133271251426362
12 13 0.002 0.13242879522414447
9 0 0.0013000000000000002 0.1106715301671526
3 6 0.0016 0.13082021245072234
7 8 0.0017000000000000001 0.10933505005621942
2 5 0.0021000000000000003 0.10093469978200723
0 6 0.0016 0.10395662815073142
