15
7 4 20 5 21 7 18 10 12 11 17 12 19 14 21
11 0 20 2 14 5 13 6 20 7 17 8 20 9 24 10 21 11 13 13 13 14 15
5 1 21 6 12 8 24 10 21 12 15
5 2 23 4 16 6 12 9 22 13 23
4 0 13 1 22 2 19 11 18
10 1 14 2 17 3 20 4 18 6 24 7 13 10 24 11 22 12 24 14 19
9 1 19 2 12 3 17 4 22 7 16 8 16 9 16 12 23 14 23
8 1 15 2 19 3 18 4 17 6 12 11 21 12 16 13 18
10 0 23 1 16 2 24 3 21 4 20 5 19 10 17 11 12 12 21 13 18
8 0 19 1 23 2 13 3 12 4 23 5 16 7 13 13 16
3 1 14 5 23 14 21
12 0 21 1 14 3 13 4 22 5 12 6 21 7 22 8 13 9 17 12 14 13 13 14 23
9 0 18 2 15 3 19 4 13 5 24 6 20 7 22 10 22 13 15
6 0 13 4 18 5 20 6 21 10 20 14 14
7 1 17 2 12 3 19 6 23 8 17 11 22 12 17
3
0 1 0.0014
2 3 0.0016
11 4 0.002
12
13 5 0.0021000000000000003 0.11874052858264021
1 13 0.0017000000000000001 0.14278598970908563
3 10 0.0023 0.12829750700866185
8 14 0.0012000000000000001 0.12136170358053758
4 6 0.002 0.12135540147071694
11 5 0.0023 0.10936084897974449
6 5 0.0019 0.14630305120876114
6 8 0.0014 0.12360536427208864
13 11 0.002 0.1330346348615179
13 2 0.0018000000000000002 0.11046473795344564
11 0 0.0014 0.10316419642343454
6 13 0.0021000000000000003 0.13254864541849204
