15
12 1 13 2 21 3 14 4 18 5 12 6 12 7 13 8 17 9 16 11 14 13 14 14 23
2 0 23 2 12
8 0 23 1 12 6 15 7 16 9 15 11 21 12 14 13 23
13 1 24 2 20 4 15 5 22 6 19 7 18 8 14 9 17 10 22 11 22 12 23 13 12 14 21
9 0 19 1 14 2 12 3 15 5 23 7 13 10 15 12 20 13 20
12 0 17 1 14 2 14 3 15 4 20 6 19 8 23 9 13 10 13 11 15 12 19 13 13
10 1 23 3 17 4 23 5 24 7 14 8 15 9 24 10 16 12 18 13 17
2 0 12 12 18
9 2 21 5 23 6 13 7 22 9 15 11 24 12 16 13 19 14 14
7 0 22 2 17 4 20 8 23 10 21 11 14 12 21
3 0 19 1 12 7 23
3 1 12 4 24 9 19
4 6 21 7 23 10 23 11 24
5 1 14 5 15 8 21 10 23 12 14
6 3 24 7 13 9 18 10 23 11 15 12 17
3
7 5 0.0012000000000000001
4 1 0.0021000000000000003
8 4 0.0014
12
7 8 0.0019 0.11227912598944384
2 4 0.0014 0.1105858827757499
7 3 0.0018000000000000002 0.13255525641275728
4 7 0.0016 0.12222890153469784
12 5 0.0013000000000000002 0.12038156364993187
2 13 0.0014 0.12781164647335094
6 9 0.0017000000000000001 0.13398361093934305
11 2 0.0024000000000000002 0.11176845072261386
0 9 0.0019 0.13784760737201227
2 8 0.0023 0.10786846358749351
14 13 0.002 0.12339671472048123
14 6 0.0017000000000000001 0.13504510960934635
