15
6 1 18 4 12 7 14 9 23 10 21 12 12
2 7 23 9 13
8 0 13 3 15 6 21 7 24 8 21 10 18 11 19 14 19
5 0 18 8 19 10 22 12 19 13 20
7 2 14 3 17 7 18 8 15 10 17 11 14 13 24
7 0 16 3 16 4 22 7 16 9 24 12 13 14 18
8 0 19 1 17 3 21 4 20 7 18 9 24 12 15 14 21
10 1 12 4 14 5 23 6 13 9 19 10 12 11 13 12 13 13 17 14 14
5 0 22 1 17 4 21 5 23 9 23
6 2 16 3 13 5 24 7 18 10 20 14 17
11 0 12 1 14 2 19 3 17 6 18 7 14 9 24 11 21 12 15 13 13 14 22
12 0 22 1 15 3 16 4 24 6 23 7 17 8 24 9 21 10 17 12 15 13 18 14 14
4 3 24 4 23 8 17 11 15
4 5 16 7 22 12 18 14 18
9 0 18 2 15 3 12 4 15 5 20 9 13 10 20 11 15 13 24
3
12 9 0.0019
7 1 0.0012000000000000001
4 5 0.0019
12
0 8 0.0015 0.1365538421581002
5 14 0.0019 0.12642481713999532
8 9 0.002 0.11768047762206658
3 4 0.002 0.1069715627009704
2 11 0.0012000000000000001 0.12504184543976865
13 7 0.0024000000000000002 0.12083037393929472
14 8 0.002 0.14488859591279857
14 5 0.0013000000000000002 0.13460758985708743
7 9 0.0017000000000000001 0.13643625455888708
6 14 0.0017000000000000001 0.13995352575207187
5 2 0.002 0.14982858885637979
14 13 0.0022 0.11402860755684957
