15
13 1 19 2 22 3 20 4 23 5 14 6 22 7 12 8 19 9 20 10 12 11 12 12 12 14 20
4 2 21 9 15 13 18 14 21
5 3 12 8 20 9 23 12 14 14 18
4 4 14 7 20 8 24 14 13
10 1 22 3 17 5 21 6 20 7 17 8 23 11 14 12 21 13 19 14 22
10 0 17 2 19 3 14 4 23 7 16 8 23 9 23 10 17 11 19 14 14
12 0 16 1 20 2 14 3 21 4 14 5 23 7 14 9 23 10 16 11 21 12 18 14 19
12 0 22 1 24 2 12 3 24 4 18 5 20 6 20 9 21 11 20 12 14 13 24 14 14
5 4 19 5 19 6 19 9 16 12 20
13 1 21 2 18 3 13 4 19 5 13 6 21 7 21 8 14 10 14 11 12 12 21 13 13 14 21
2 5 15 13 21
1 9 15
11 0 12 1 19 2 23 3 16 4 15 5 23 9 12 10 16 11 13 13 20 14 15
4 0 24 2 15 8 18 12 24
6 0 13 2 19 4 23 6 22 8 15 10 19
3
11 9 0.0023
6 7 0.0012000000000000001
13 12 0.0017000000000000001
12
10 11 0.0014 0.1381072384902759
14 3 0.0019 0.12318096046749039
9 11 0.0024000000000000002 0.1031225265913601
14 0 0.0022 0.12964757098295
5 14 0.0021000000000000003 0.14047762344028905
14 5 0.0012000000000000001 0.1130737979779606
4 5 0.0023 0.14164746491272714
14 10 0.0016 0.10971120187699641
8 13 0.0018000000000000002 0.1070224739034541
1 10 0.0014 0.1196775962986614
8 12 0.0012000000000000001 0.11490594574334015
8 0 0.0022 0.1403003159377401
