15
1 7 20
2 2 22 11 13
5 0 23 3 23 6 16 9 19 12 17
8 1 12 4 15 5 13 8 24 9 20 10 20 11 13 13 13
8 0 24 1 15 2 19 3 14 6 20 8 23 12 16 14 21
9 0 24 1 21 2 16 6 22 8 20 9 14 11 18 12 17 13 15
4 2 19 3 16 9 23 11 15
9 0 23 1 19 3 13 4 12 5 22 11 22 12 18 13 20 14 18
13 0 23 1 15 2 19 3 16 4 23 5 24 6 14 7 12 9 23 10 22 12 16 13 24 14 12
2 8 16 13 23
11 0 21 1 21 3 20 4 17 6 21 7 17 8 12 9 15 11 22 13 18 14 19
3 5 12 10 16 14 24
8 0 23 2 18 3 13 5 18 7 19 9 14 11 24 13 20
13 0 13 1 14 2 21 3 17 4 13 5 22 6 14 7 14 8 24 10 21 11 19 12 16 14 17
12 0 18 1 18 2 13 4 12 5 19 6 15 8 14 9 22 10 17 11 19 12 13 13 17
3
6 2 0.0017000000000000001
7 1 0.0014
11 12 0.0021000000000000003
12
1 6 0.0012000000000000001 0.13741278033838333
14 7 0.0019 0.10907878679912494
13 5 0.0024000000000000002 0.12776619938263106
6 12 0.0014 0.12202392269818985
4 9 0.0018000000000000002 0.14901614528770296
5 1 0.0013000000000000002 0.12403628441322971
0 6 0.0014 0.1109796894194334
5 14 0.0016 0.12663383155087357
0 6 0.0016 0.1496820187134314
3 9 0.0022 0.102199203423758
10 2 0.0019 0.13498677099245182
11 6 0.002 0.1386745464204002
