15
4 2 21 7 12 13 12 14 20
7 2 24 3 23 4 21 9 13 11 21 12 18 13 12
2 5 13 13 16
13 0 20 1 17 2 19 4 18 5 19 6 22 7 12 8 17 9 17 11 22 12 24 13 12 14 24
6 1 12 3 22 6 18 9 23 10 21 11 14
11 0 13 1 17 2 18 3 14 4 20 6 16 7 18 8 14 9 22 12 12 13 20
7 3 18 4 19 5 18 9 12 11 23 13 17 14 20
6 0 13 2 24 5 18 11 24 13 18 14 19
5 1 21 2 23 6 13 7 22 13 20
8 1 20 3 21 5 23 6 18 7 14 8 13 13 22 14 24
13 0 24 1 24 2 15 3 14 4 14 5 14 6 22 7 15 8 16 9 16 11 24 13 23 14 24
5 3 20 5 21 6 21 7 23 12 19
4 0 13 3 24 6 14 10 17
5 7 17 10 23 11 24 12 18 14 24
5 1 20 6 21 7 21 8 20 12 21
3
12 13 0.0014
5 14 0.0016
7 2 0.0012000000000000001
12
1 5 0.0015 0.13627496383119425
10 3 0.0018000000000000002 0.11617821269456474
9 1 0.0023 0.10921492346995175
11 5 0.0021000000000000003 0.11765775921450043
14 13 0.0017000000000000001 0.14857515366445725
12 4 0.0012000000000000001 0.13981343787671663
10 9 0.0015 0.1274978938177524
14 5 0.0023 0.13550420166555385
8 7 0.0013000000000000002 0.13133496634954572
14 9 0.0013000000000000002 0.1288381236285846
6 8 0.0014 0.1214696230444693
14 4 0.0013000000000000002 0.11941111438081475
