15
1 3 16
10 2 14 3 16 4 12 6 19 7 20 9 15 11 13 12 21 13 13 14 14
11 0 20 1 20 5 21 6 17 8 12 9 12 10 15 11 17 12 23 13 12 14 18
2 9 14 11 21
4 8 15 9 14 10 19 11 18
8 1 16 3 23 4 17 7 21 9 13 10 12 11 14 14 18
2 0 18 12 13
8 3 23 5 17 6 16 8 16 9 13 11 16 12 22 14 13
3 5 15 7 15 11 18
1 5 24
4 2 12 5 16 13 24 14 18
3 0 18 5 15 12 13
4 1 18 6 21 8 23 9 22
6 2 13 3 22 7 12 11 14 12 18 14 18
7 1 20 7 12 9 24 10 23 11 14 12 13 13 12
3
5 0 0.002
0 8 0.0024000000000000002
0 6 0.0017000000000000001
12
1 2 0.0012000000000000001 0.10137321397349462
8 2 0.0019 0.1274993968066888
3 9 0.0022 0.11377868169777877
11 8 0.0023 0.1335546126447214
5 6 0.0021000000000000003 0.14613075951206927
13 6 0.0016 0.13647219619487733
12 8 0.0022 0.12491437181632659
0 2 0.0019 0.11749664683501326
3 0 0.0019 0.10921774487825925
1 6 0.0015 0.1301072921704124
4 12 0.002 0.12223352048570983
13 6 0.0014 0.14506180502287142
