10
6 2 18 3 15 4 22 5 18 6 19 7 18
2 0 13 4 23
1 3 15
6 4 24 5 15 6 12 7 21 8 23 9 16
4 0 13 5 22 7 19 9 18
3 2 16 3 14 4 18
7 0 13 1 13 3 19 4 20 5 22 7 23 8 17
2 0 16 4 17
5 0 21 2 23 3 24 4 21 9 14
8 0 13 1 20 2 20 3 22 4 12 5 18 7 12 8 19
2
9 2 0.0021000000000000003
3 9 0.0022
8
1 4 0.0013000000000000002 0.12091320755331311
3 8 0.0012000000000000001 0.13369244214726295
5 9 0.002 0.10344024464570492
9 7 0.0012000000000000001 0.13105710253725888
6 8 0.0024000000000000002 0.11753816455252326
7 9 0.0023 0.14459923972043295
7 3 0.0016 0.10361378443431282
7 9 0.0018000000000000002 0.1485434624616547
