10
2 5 21 7 22
5 2 18 3 17 6 24 7 16 9 12
4 0 20 3 12 4 21 9 13
2 0 17 1 16
7 1 15 2 13 3 12 5 20 6 15 7 22 9 16
7 0 16 2 16 3 12 6 23 7 21 8 23 9 21
6 1 22 2 19 4 14 5 14 7 19 8 15
3 3 14 8 15 9 24
3 0 20 4 14 5 24
2 1 15 4 23
2
2 1 0.0024000000000000002
0 1 0.0022
8
1 5 0.0024000000000000002 0.14295164076121614
9 3 0.002 0.11866746025080574
4 3 0.0012000000000000001 0.11969601649104773
9 0 0.0021000000000000003 0.10467234043907674
4 8 0.0017000000000000001 0.10082497061396514
9 0 0.0017000000000000001 0.13354096168406562
6 4 0.0012000000000000001 0.10171110187579399
2 3 0.0021000000000000003 0.1261942248262255
