10
1 9 23
3 2 12 3 22 7 23
7 0 21 1 18 3 17 4 16 5 12 7 17 8 22
6 0 15 1 13 2 13 6 20 7 18 8 16
1 7 22
7 1 20 2 14 3 12 4 23 6 20 7 14 9 21
2 4 19 9 19
4 4 12 5 12 6 19 9 17
7 0 16 2 22 3 13 4 22 5 23 6 19 9 12
5 0 16 2 15 3 13 6 18 7 18
2
1 3 0.0018000000000000002
2 5 0.0023
8
4 8 0.0018000000000000002 0.12524530929283087
2 9 0.0014 0.11039734216928164
1 5 0.0019 0.1358289850848075
7 2 0.0023 0.10792148650005425
6 3 0.0022 0.1384945050482808
1 7 0.0017000000000000001 0.10258423470688702
0 2 0.0012000000000000001 0.1019960689972623
2 6 0.0015 0.142085905666345
