10
7 1 13 3 22 4 16 5 20 6 15 7 21 9 14
3 3 20 7 14 9 22
8 0 19 1 22 3 19 4 23 6 12 7 23 8 19 9 21
6 0 17 1 24 4 15 5 18 7 12 8 12
3 3 14 7 19 9 12
5 0 13 1 24 2 12 3 21 7 14
3 0 20 3 21 9 18
8 0 12 1 19 2 13 4 16 5 18 6 17 8 12 9 18
2 1 21 6 17
6 2 22 3 24 4 18 5 20 7 23 8 17
2
9 3 0.0015
0 9 0.0015
8
7 5 0.0023 0.14382067635465773
2 5 0.0013000000000000002 0.132739809132289
8 0 0.0019 0.1453715326509425
1 4 0.0015 0.14640372832089502
9 7 0.0012000000000000001 0.14883315152040072
4 7 0.0021000000000000003 0.1404905581683063
2 9 0.0019 0.10953029082555005
4 3 0.0021000000000000003 0.12035829133434706
