10
7 1 13 2 12 3 16 4 17 5 19 6 23 8 20
1 5 14
3 0 12 1 18 9 19
3 2 13 5 20 9 16
4 0 15 6 16 8 22 9 13
6 1 13 2 16 4 21 6 22 7 20 8 14
6 1 13 2 13 3 17 5 19 8 17 9 16
8 1 14 2 19 3 23 4 20 5 14 6 13 8 23 9 13
4 3 21 4 21 6 16 9 16
4 0 17 4 17 5 12 8 22
2
6 0 0.002
6 4 0.0016
8
4 9 0.0017000000000000001 0.13665819713145566
5 4 0.0013000000000000002 0.11910849674849672
7 5 0.0021000000000000003 0.13688586508223993
0 1 0.0023 0.13901487595003598
3 4 0.002 0.11623728112557052
4 2 0.0018000000000000002 0.10604784910592668
6 5 0.0019 0.1253273166320467
2 8 0.0016 0.14231471763190082
