10
4 2 19 5 20 7 20 9 12
5 0 14 3 14 4 23 5 17 8 23
7 0 14 1 12 3 16 4 22 5 16 6 16 8 15
7 0 18 1 13 2 20 4 13 5 22 6 24 8 17
1 8 12
4 1 14 3 15 4 17 7 20
8 1 24 2 20 3 23 4 13 5 13 7 21 8 13 9 20
5 2 18 3 23 4 14 8 16 9 12
6 0 19 3 18 4 22 5 20 6 13 9 20
5 0 17 4 17 5 19 6 21 8 23
2
0 5 0.0016
7 2 0.0022
8
6 2 0.0022 0.10624593243591574
1 8 0.0018000000000000002 0.13827752118424613
5 9 0.0014 0.1486475551419877
1 9 0.0016 0.10574892860723155
4 9 0.0023 0.12326450675870192
3 1 0.0024000000000000002 0.1430256273616004
6 2 0.0018000000000000002 0.14033473031089805
2 6 0.0016 0.12091930764002116
