10
5 1 20 3 20 5 23 8 22 9 19
7 2 13 3 12 4 14 5 12 6 18 7 23 8 24
6 1 24 3 24 4 13 5 24 6 18 7 21
8 0 12 1 19 2 12 4 12 5 14 7 12 8 15 9 24
7 0 20 1 12 2 18 6 12 7 12 8 18 9 12
5 0 14 2 22 3 16 6 13 8 14
7 0 16 2 23 3 19 5 23 7 23 8 17 9 19
2 2 17 9 18
1 3 15
3 1 12 4 13 8 22
2
8 3 0.0019
8 3 0.002
8
1 3 0.0018000000000000002 0.10114247228703306
8 7 0.002 0.10577191693416191
7 5 0.0018000000000000002 0.10927649505971727
8 0 0.0023 0.1157438833171217
5 1 0.0014 0.11216983907612396
1 2 0.0018000000000000002 0.10092681093678772
5 4 0.0021000000000000003 0.12189783638961652
7 3 0.0016 0.12679568182605044
