10
5 1 17 3 14 5 18 6 15 9 12
5 0 19 2 21 4 16 7 20 8 21
6 0 22 1 20 3 17 4 23 8 19 9 16
8 0 17 1 12 2 12 5 14 6 15 7 15 8 14 9 21
5 0 24 3 14 6 16 7 23 8 12
5 0 24 2 16 3 17 4 13 7 19
5 0 14 2 16 3 13 4 20 8 22
8 0 22 1 19 2 20 4 20 5 14 6 19 8 19 9 18
5 2 12 3 14 6 24 7 20 9 15
3 1 18 4 20 5 22
2
6 8 0.0024000000000000002
8 6 0.0017000000000000001
8
0 2 0.0017000000000000001 0.12723976248869465
3 8 0.0012000000000000001 0.14272606352872036
2 9 0.0019 0.10098241387247542
8 0 0.0014 0.10776635194155383
6 7 0.0018000000000000002 0.1338968943913489
1 3 0.0023 0.14340942987146496
4 1 0.0024000000000000002 0.11113238580417913
0 3 0.0015 0.12192318905067497
