10
5 1 18 4 22 5 22 6 18 8 21
3 2 15 4 13 8 14
7 0 14 1 22 3 13 5 16 6 22 8 13 9 21
5 0 22 1 24 2 14 6 24 8 18
2 5 24 9 22
1 7 20
8 0 22 2 21 3 24 4 20 5 18 7 18 8 13 9 21
1 9 16
5 1 19 2 20 3 17 7 19 9 19
5 2 21 3 17 4 17 6 13 8 14
2
5 9 0.0018000000000000002
3 7 0.0012000000000000001
8
2 9 0.0021000000000000003 0.12399742186501465
9 6 0.002 0.1380301830174902
1 9 0.0013000000000000002 0.14655208739918005
8 6 0.0015 0.10174790909207419
7 4 0.0012000000000000001 0.1498607672053347
7 5 0.0023 0.11220102567094418
4 0 0.0015 0.1177929054500395
9 1 0.0015 0.13798698615781468
