10
1 9 19
4 0 24 2 21 6 21 8 21
6 0 22 3 13 5 20 6 22 8 23 9 14
7 0 23 2 13 4 24 5 14 6 17 8 17 9 20
7 0 20 1 17 3 21 5 18 6 18 7 14 8 12
3 2 24 4 22 6 22
5 0 18 2 12 3 12 7 19 8 13
8 0 23 1 14 2 17 4 18 5 19 6 16 8 13 9 13
5 0 13 3 20 6 14 7 13 9 14
7 0 18 1 17 3 15 4 16 5 17 6 20 8 23
2
4 6 0.002
8 7 0.0018000000000000002
8
9 4 0.0016 0.1008228037349136
9 4 0.0022 0.14288009263306886
3 7 0.0012000000000000001 0.13483788465620872
3 8 0.0018000000000000002 0.1034263075227665
2 8 0.0014 0.11369399671553716
4 1 0.0013000000000000002 0.12819219762778808
8 7 0.002 0.11109144965681524
3 5 0.0018000000000000002 0.10811310284861339
