10
5 1 21 2 17 3 23 4 18 6 15
2 2 19 6 15
5 0 13 1 21 4 24 5 19 6 12
3 6 20 7 12 9 17
7 0 23 1 13 2 21 6 16 7 17 8 19 9 14
4 2 14 3 14 4 19 7 13
8 0 24 1 16 2 14 3 21 4 13 5 13 8 16 9 16
7 0 21 3 20 4 17 5 21 6 23 8 19 9 24
2 3 23 4 19
2 5 13 8 18
2
1 3 0.0015
6 2 0.0017000000000000001
8
7 3 0.0019 0.14880739785052127
1 3 0.0018000000000000002 0.14329008198778423
4 8 0.0018000000000000002 0.13535028153074732
1 0 0.0015 0.10464274882861607
4 1 0.0021000000000000003 0.11475151414234357
9 5 0.0015 0.13644859651406518
1 6 0.0016 0.1402306924227481
4 5 0.0014 0.12289007353242982
