20
16 1 18 2 23 3 20 4 22 5 20 6 24 7 21 8 20 9 23 10 17 13 22 15 24 16 18 17 19 18 24 19 17
12 2 14 3 24 7 18 8 13 9 13 10 16 11 16 12 12 13 14 14 16 16 24 19 18
14 0 14 1 12 3 16 4 17 6 15 7 15 8 15 9 16 12 19 13 20 14 14 15 18 16 20 19 17
11 0 22 4 13 6 24 7 20 8 18 9 13 11 16 13 14 14 21 18 16 19 15
10 1 14 5 16 6 21 7 18 8 12 10 13 11 18 13 17 14 24 15 20
9 0 24 2 13 6 23 9 19 11 12 13 12 14 16 16 14 17 23
2 2 21 7 22
10 0 19 1 18 3 21 5 24 6 24 9 13 10 18 13 17 17 21 19 13
12 1 24 2 23 3 20 4 15 5 24 6 12 7 13 12 19 14 22 15 24 16 12 18 15
9 1 14 2 24 6 23 8 13 10 18 12 24 15 23 17 20 18 12
12 0 21 2 12 6 20 7 13 8 17 9 17 11 13 13 18 15 15 17 22 18 21 19 19
3 12 17 14 20 19 15
8 1 23 2 21 4 23 8 19 11 21 13 18 15 24 17 21
3 6 23 9 21 14 24
18 0 13 1 19 2 23 3 22 4 19 5 19 6 22 7 19 8 20 9 23 10 23 11 16 12 24 13 18 15 12 16 12 17 13 18 14
8 0 18 1 22 2 12 4 23 6 17 8 24 11 15 13 21
6 1 14 5 19 7 17 8 17 10 12 17 23
12 1 13 2 15 3 13 4 16 5 23 6 12 7 20 9 16 10 22 15 16 18 24 19 24
9 0 22 3 19 5 24 6 22 7 17 8 19 12 14 16 21 17 13
10 0 16 1 13 2 23 4 13 6 14 10 17 13 13 16 17 17 21 18 16
12
5 4 0.0023
11 8 0.0017000000000000001
9 14 0.0021000000000000003
18 1 0.0022
13 11 0.0018000000000000002
19 6 0.0018000000000000002
15 7 0.0016
16 2 0.0019
11 12 0.0015
8 3 0.0023
12 10 0.0013000000000000002
6 9 0.002
12
17 10 0.0021000000000000003 0.1397330205322755
1 15 0.0024000000000000002 0.10975979781429596
16 0 0.0019 0.12124344543676091
0 18 0.0013000000000000002 0.1417211628935325
19 5 0.0012000000000000001 0.1393467349789739
1 17 0.0015 0.12170905987002428
8 0 0.002 0.139440056893885
0 7 0.002 0.12687100854881034
14 3 0.0012000000000000001 0.14212514595029124
2 4 0.0019 0.1254596260740033
15 19 0.0019 0.11063309993727775
15 17 0.0017000000000000001 0.1380791109391799
