20
13 1 18 2 22 3 14 4 19 5 21 6 19 10 21 11 13 13 24 15 16 16 22 17 15 19 16
5 2 24 9 21 11 21 14 21 17 17
3 0 23 1 22 13 20
15 1 19 2 19 4 12 5 21 7 18 8 13 9 13 10 16 11 12 12 19 15 17 16 12 17 19 18 19 19 19
13 0 15 1 18 3 21 5 18 6 21 8 12 9 19 10 23 12 13 13 12 14 21 18 13 19 19
6 4 13 6 12 7 14 9 20 17 19 19 22
13 0 24 2 21 3 19 4 16 7 21 8 12 9 24 10 12 11 23 12 21 13 13 18 21 19 18
15 0 14 1 19 2 23 3 13 4 23 5 21 8 22 9 13 11 18 12 19 13 13 14 19 15 19 17 13 18 13
3 6 22 9 20 18 23
13 1 17 2 18 4 12 6 18 8 23 10 15 11 15 12 22 13 12 16 17 17 21 18 21 19 22
13 0 13 2 15 3 15 6 21 7 13 8 16 11 24 12 15 14 21 15 13 16 22 18 12 19 13
1 2 18
1 18 23
16 0 23 2 21 3 13 5 24 6 17 7 13 8 24 9 12 10 16 11 15 12 20 15 17 16 19 17 23 18 19 19 13
11 2 16 3 12 4 19 5 17 7 20 8 12 10 13 11 18 15 18 16 21 19 20
9 0 18 3 17 4 23 5 15 9 13 10 12 11 14 12 13 18 22
8 4 13 6 24 10 20 11 21 12 13 13 20 14 21 18 18
18 0 23 1 13 2 22 3 19 4 17 5 13 6 17 7 19 8 14 9 16 10 20 11 19 12 24 13 12 14 24 15 12 18 14 19 13
8 1 19 2 17 7 14 10 21 11 13 12 20 13 14 17 18
18 0 16 1 13 2 22 3 20 4 19 5 16 6 15 7 23 8 24 10 22 11 20 12 23 13 18 14 17 15 17 16 19 17 21 18 14
12
10 6 0.0019
19 10 0.0018000000000000002
8 12 0.0016
17 1 0.0014
2 6 0.0021000000000000003
10 1 0.0015
2 13 0.0018000000000000002
6 7 0.0015
10 11 0.0018000000000000002
6 8 0.0017000000000000001
4 17 0.0018000000000000002
11 19 0.0023
12
11 6 0.0019 0.12253204768864555
4 13 0.0012000000000000001 0.13896015743560175
12 9 0.0021000000000000003 0.10916663315113388
16 1 0.0023 0.10322660344605093
14 12 0.002 0.1249233384083383
10 7 0.0018000000000000002 0.1207230698807158
17 4 0.0023 0.14055434154980456
12 19 0.0024000000000000002 0.13540793955824915
16 8 0.0021000000000000003 0.1458254840224007
9 4 0.0014 0.11820026061892402
6 18 0.0021000000000000003 0.12758845717316872
16 17 0.0022 0.12675501982222268
