20
14 1 23 2 18 4 19 5 14 7 24 8 13 10 16 12 14 13 18 14 18 15 17 16 14 17 13 18 13
13 3 14 5 12 6 24 8 12 11 12 12 14 13 13 14 19 15 14 16 21 17 20 18 15 19 14
10 1 13 4 16 5 12 8 15 9 14 13 22 15 13 16 18 18 15 19 21
3 5 23 13 19 19 13
17 0 13 1 17 2 19 3 24 5 23 6 22 7 24 8 16 9 22 10 22 11 23 12 15 13 15 14 23 15 21 17 15 18 18
3 6 23 14 12 17 21
4 0 21 7 23 8 16 10 21
10 0 13 4 18 6 17 8 23 11 20 12 16 13 15 15 20 16 23 17 13
4 6 22 7 23 9 24 13 19
8 1 22 2 16 4 22 6 15 10 15 11 18 12 15 15 23
17 2 17 3 19 4 17 5 16 6 14 7 23 8 16 9 15 11 23 12 23 13 22 14 24 15 24 16 14 17 19 18 17 19 19
16 0 24 1 16 2 23 3 23 4 24 5 18 6 13 8 18 9 24 10 16 12 24 14 19 15 15 16 14 18 19 19 13
2 0 14 10 21
14 0 20 2 21 3 17 4 18 5 23 6 15 7 22 10 14 11 23 12 19 14 14 16 20 18 22 19 15
12 0 23 1 12 3 23 5 24 6 22 9 23 10 24 11 20 12 24 13 12 15 24 17 23
7 0 21 3 18 4 16 6 18 10 24 12 16 18 15
11 2 20 3 19 4 14 6 17 7 16 8 23 9 24 11 15 12 14 14 13 19 23
8 1 17 5 13 6 15 7 14 8 12 11 12 13 13 18 20
3 0 24 13 12 16 21
13 2 24 3 17 4 18 5 15 6 18 7 17 8 16 9 22 10 15 12 18 13 18 16 21 18 23
12
5 9 0.0023
3 18 0.0017000000000000001
16 18 0.0018000000000000002
18 15 0.0017000000000000001
11 6 0.0024000000000000002
5 2 0.0021000000000000003
2 16 0.0019
7 6 0.0022
1 8 0.002
8 2 0.0015
2 10 0.0021000000000000003
1 0 0.0018000000000000002
12
17 2 0.0015 0.12656265576060988
19 4 0.0014 0.13183265335908445
8 2 0.0022 0.12228452586108485
0 11 0.0017000000000000001 0.10392555926823867
4 16 0.0017000000000000001 0.11071375077308812
13 17 0.002 0.14016056172226396
19 8 0.0016 0.10544316626992406
12 8 0.0023 0.14658319281163587
8 6 0.0022 0.14496021059268432
13 18 0.0022 0.13465948676862702
3 18 0.0022 0.12528075413815506
12 9 0.0016 0.14406123272185228
