20
9 1 12 2 20 3 19 4 21 9 14 12 13 13 20 17 20 19 18
5 0 20 5 12 11 12 12 18 17 17
17 0 24 1 13 3 24 4 19 5 17 7 22 8 14 9 19 10 19 12 14 13 21 14 18 15 15 16 16 17 24 18 19 19 12
6 0 21 2 16 5 22 7 12 14 12 17 23
9 0 17 1 19 6 22 7 14 8 22 10 13 11 18 12 12 17 21
18 0 13 1 14 2 16 3 24 4 14 7 18 8 24 9 18 10 24 11 18 12 20 13 16 14 24 15 16 16 23 17 21 18 20 19 24
8 0 13 1 23 4 13 5 21 7 24 10 16 17 14 18 13
17 0 16 1 22 3 18 4 14 5 23 6 23 8 21 9 20 11 21 12 14 13 15 14 24 15 12 16 14 17 23 18 19 19 20
5 0 19 2 20 4 20 5 20 6 19
1 13 18
16 0 12 1 12 2 20 3 24 4 21 5 16 6 20 9 12 12 16 13 18 14 19 15 21 16 21 17 14 18 22 19 22
9 0 22 1 13 2 24 9 23 10 13 13 21 15 24 17 23 18 13
3 3 14 4 20 6 18
7 2 19 3 18 5 19 7 16 8 17 10 21 15 13
18 0 16 1 12 2 17 3 23 4 15 5 14 6 21 7 12 8 14 10 15 11 17 12 24 13 15 15 15 16 18 17 19 18 20 19 19
15 1 17 2 19 3 21 4 21 6 18 7 15 8 17 9 21 10 20 11 15 12 21 13 22 14 21 16 15 18 16
12 0 14 2 12 3 14 4 21 5 24 6 20 7 17 9 16 11 15 14 24 18 24 19 22
8 0 12 2 13 3 15 4 24 8 12 9 20 10 18 12 17
2 14 16 17 20
5 5 19 7 24 13 17 14 14 18 24
12
14 2 0.0018000000000000002
18 14 0.0014
3 12 0.0018000000000000002
12 7 0.0013000000000000002
14 3 0.0016
1 5 0.0014
11 19 0.002
0 12 0.0013000000000000002
1 0 0.0021000000000000003
3 10 0.0024000000000000002
0 16 0.0018000000000000002
2 9 0.0015
12
3 7 0.0019 0.10049007660145019
10 14 0.0024000000000000002 0.14641622646104577
10 18 0.0021000000000000003 0.12738986191778423
3 16 0.0018000000000000002 0.14131993941300164
16 17 0.0024000000000000002 0.1419280330829675
12 16 0.002 0.12093033412294008
16 12 0.0023 0.14413702362500988
18 6 0.002 0.14894302146953553
9 12 0.0018000000000000002 0.11295397090394019
19 15 0.0016 0.10802566513630202
16 3 0.0023 0.12621156955383814
11 12 0.0021000000000000003 0.11227644650190992
