20
5 1 17 2 18 13 13 16 15 19 24
5 2 15 9 23 13 13 14 16 18 13
8 0 23 3 17 4 16 5 20 6 23 12 16 13 14 15 23
15 0 12 1 19 2 16 4 23 5 12 6 23 7 13 8 14 9 22 10 18 11 13 14 15 16 23 17 24 19 24
5 5 20 6 21 7 14 9 19 15 15
12 1 14 2 24 6 17 7 12 8 23 9 22 11 24 12 23 13 21 15 13 16 23 19 15
5 5 21 12 18 15 13 16 16 17 15
5 3 12 5 16 9 24 13 20 19 23
17 1 15 2 22 3 20 4 13 5 12 6 20 7 16 9 16 10 13 11 13 13 12 14 23 15 19 16 13 17 13 18 24 19 23
8 2 17 3 18 4 20 5 20 12 13 13 23 16 20 18 17
13 0 20 1 21 3 16 4 14 6 12 7 15 8 13 11 20 13 23 15 18 17 18 18 22 19 15
13 0 16 1 14 3 24 5 13 7 16 8 13 9 24 10 18 12 23 16 21 17 18 18 13 19 20
13 2 15 3 21 4 24 5 20 6 13 7 23 8 15 9 22 10 18 11 13 14 21 16 22 17 16
3 5 14 6 13 16 13
4 7 24 9 18 15 14 18 24
5 0 14 5 22 6 23 7 23 19 22
13 0 12 1 22 2 12 3 17 7 18 9 12 10 13 11 19 12 15 13 14 14 13 17 12 18 18
6 4 22 6 17 11 23 12 14 14 17 16 23
7 1 12 5 17 6 23 10 18 11 18 15 23 17 12
15 0 20 2 15 3 24 4 12 5 21 7 16 8 12 10 17 11 24 12 14 14 21 15 17 16 18 17 24 18 15
12
4 17 0.0019
9 3 0.0023
16 12 0.0014
9 10 0.0022
13 10 0.0019
11 1 0.002
10 6 0.0013000000000000002
5 16 0.0015
5 17 0.0015
7 14 0.0014
7 6 0.0024000000000000002
11 0 0.0016
12
4 2 0.0019 0.13211355576912787
9 2 0.0024000000000000002 0.1289795229853026
0 16 0.0024000000000000002 0.13446208207036164
4 14 0.0022 0.13130771675879677
14 10 0.0023 0.14004531887047528
19 9 0.0016 0.10933766857215346
17 5 0.0016 0.11387154787962599
0 13 0.0021000000000000003 0.12377545842160698
19 6 0.0024000000000000002 0.14138637842543034
5 8 0.0021000000000000003 0.11473173589694638
6 7 0.0024000000000000002 0.13624377896264567
13 6 0.0018000000000000002 0.1328074735321186
