20
6 1 24 2 13 5 15 13 19 14 12 15 23
10 0 20 7 12 9 14 10 13 11 12 12 16 13 19 16 17 17 15 18 22
15 0 16 1 13 3 17 4 20 5 12 7 24 8 19 10 16 11 13 12 12 14 17 16 14 17 21 18 22 19 20
3 1 14 14 19 18 17
9 0 15 3 16 8 14 9 23 10 14 14 17 16 17 18 15 19 15
18 0 15 1 22 2 20 3 22 4 13 6 23 7 13 9 22 10 24 11 18 12 12 13 14 14 22 15 23 16 19 17 13 18 21 19 20
3 1 23 9 22 19 20
1 10 16
11 3 17 4 13 5 13 7 24 10 14 11 20 12 13 14 24 15 23 16 17 18 22
16 0 24 1 15 2 16 3 16 5 14 7 19 8 20 10 20 11 21 12 15 14 15 15 24 16 24 17 12 18 17 19 15
16 1 19 2 14 3 13 4 22 5 15 6 12 7 18 8 20 9 21 11 16 12 20 15 20 16 13 17 17 18 17 19 23
5 1 13 3 24 8 13 9 23 18 21
11 0 19 1 19 2 22 4 22 5 18 7 23 11 17 13 20 15 13 16 13 18 15
5 0 21 3 16 7 24 15 18 17 18
17 0 14 1 21 2 20 3 14 5 12 6 14 7 22 8 12 9 17 10 13 11 18 12 21 13 16 15 14 16 16 17 15 18 17
6 1 22 2 13 4 19 7 18 9 21 10 17
12 0 16 1 17 3 24 4 23 7 17 8 15 9 24 11 21 13 24 14 17 17 12 19 21
9 0 18 1 24 2 19 5 12 7 16 13 19 14 14 15 22 18 23
11 1 22 2 20 3 13 4 16 6 14 8 20 10 13 11 22 13 13 15 21 17 21
16 0 24 1 13 2 18 3 18 4 20 5 24 6 24 7 15 8 15 11 24 12 12 13 13 14 19 15 15 17 17 18 12
12
16 10 0.0018000000000000002
18 4 0.0013000000000000002
13 17 0.0021000000000000003
16 10 0.0021000000000000003
5 13 0.0015
11 19 0.002
17 9 0.0015
3 11 0.0023
2 18 0.0013000000000000002
16 6 0.0018000000000000002
0 16 0.0019
9 18 0.0019
12
18 10 0.0015 0.1199995064731396
8 2 0.0022 0.11255495512145403
17 8 0.0021000000000000003 0.12376973334952869
0 9 0.0023 0.1499750585281891
17 8 0.0012000000000000001 0.10866861322397617
19 9 0.0024000000000000002 0.1404520986053222
13 16 0.002 0.13073559607933175
11 17 0.0021000000000000003 0.11025521943500761
10 13 0.0019 0.1043796986737732
19 4 0.0017000000000000001 0.12175862438597668
1 9 0.0016 0.10878709591543548
6 1 0.0014 0.13025118873888442
