20
7 2 13 4 24 6 18 7 21 10 13 14 20 15 21
8 4 17 9 13 12 24 14 20 15 18 16 14 17 24 18 16
13 0 17 3 14 4 20 5 19 8 16 10 16 11 14 13 22 14 16 15 24 16 23 17 16 18 16
14 0 20 1 16 4 23 5 19 7 22 9 23 10 23 11 20 13 22 14 19 15 21 16 24 17 24 19 16
9 0 20 1 15 3 21 9 13 10 14 14 19 17 13 18 20 19 24
10 0 19 2 17 4 18 9 12 10 22 13 13 14 21 15 15 16 15 19 24
12 0 15 5 14 7 13 9 20 10 14 11 18 12 20 13 12 14 19 15 12 18 12 19 22
9 1 24 2 22 5 16 6 15 8 20 10 24 13 18 14 12 17 22
13 3 17 4 19 5 12 7 22 9 20 11 17 12 12 14 15 15 12 16 17 17 15 18 23 19 21
10 0 13 3 15 4 21 5 13 6 14 8 21 10 16 16 22 18 18 19 16
12 0 24 1 19 3 13 5 24 6 22 7 15 8 22 9 12 13 19 15 14 18 18 19 14
7 0 19 6 20 10 18 14 24 16 15 18 15 19 13
5 6 15 10 22 11 24 16 15 19 21
14 1 15 2 14 3 14 4 24 5 21 6 13 8 14 9 12 11 17 15 15 16 14 17 15 18 20 19 18
16 0 20 1 17 2 23 3 12 6 21 7 13 8 15 9 20 11 16 12 23 13 22 15 16 16 19 17 21 18 19 19 23
10 0 24 1 18 3 17 4 24 5 13 6 23 7 19 10 19 16 24 19 12
1 12 19
8 0 17 3 15 6 17 7 18 10 19 15 21 16 14 19 13
2 14 18 17 23
11 0 19 2 12 3 24 4 21 7 17 9 16 10 21 11 17 12 23 16 12 17 17
12
19 6 0.0024000000000000002
15 10 0.0018000000000000002
2 13 0.0012000000000000001
2 8 0.0012000000000000001
6 4 0.0023
11 2 0.0022
3 12 0.0021000000000000003
9 12 0.0021000000000000003
14 16 0.0024000000000000002
18 0 0.0012000000000000001
5 12 0.0021000000000000003
5 1 0.0024000000000000002
12
16 7 0.0018000000000000002 0.11662456700677155
6 4 0.0023 0.11038206690326038
15 5 0.0022 0.13332962929826334
3 0 0.0017000000000000001 0.11575998319153825
0 14 0.0014 0.14876566772054012
2 12 0.0023 0.14498589064002695
19 14 0.002 0.10272208534410741
4 0 0.0019 0.14007226695413494
6 2 0.0023 0.1215569348224765
7 3 0.002 0.1419444174137986
8 15 0.0014 0.11549605512079435
1 17 0.0016 0.1087406547982685
