20
18 1 19 2 17 3 17 4 15 5 20 6 23 7 23 8 16 9 15 10 15 11 14 12 17 13 13 15 14 16 23 17 16 18 19 19 13
7 0 24 3 23 9 19 10 23 13 12 14 20 17 22
7 0 19 1 22 4 20 8 13 13 24 17 20 19 13
18 0 21 1 12 2 17 4 15 5 12 6 19 8 17 9 15 10 17 11 22 12 24 13 12 14 24 15 23 16 15 17 17 18 14 19 16
3 3 15 6 12 15 20
10 0 16 1 18 3 21 4 21 6 22 7 16 8 22 10 18 13 20 19 24
17 1 16 2 24 3 19 4 16 5 24 7 12 8 24 9 21 11 20 12 23 13 19 14 24 15 15 16 15 17 24 18 20 19 15
4 5 15 10 13 17 18 18 24
8 1 13 3 17 6 23 11 21 12 12 15 23 18 24 19 12
12 2 24 3 15 4 15 5 12 6 24 8 17 10 14 13 15 14 23 16 12 17 16 18 15
5 5 24 8 17 11 21 16 23 17 14
14 1 16 2 15 4 16 5 13 6 23 7 15 8 14 9 13 12 24 14 24 15 13 16 24 17 13 19 14
18 0 14 1 16 2 23 3 13 4 18 5 12 6 13 7 15 8 17 9 16 10 22 13 23 14 24 15 15 16 23 17 24 18 17 19 24
14 0 17 1 15 2 22 4 21 5 18 6 16 7 17 8 24 9 12 10 19 12 19 14 22 18 24 19 22
18 0 21 1 23 2 13 3 13 4 12 5 21 6 13 7 23 8 23 9 24 10 20 11 19 12 17 13 23 15 13 16 19 17 19 18 12
8 1 12 7 16 9 13 10 20 11 16 16 16 18 22 19 18
17 0 16 1 19 2 24 3 20 4 15 5 24 6 20 7 23 8 22 9 14 11 23 12 22 13 15 14 17 15 24 17 13 18 24
8 4 15 5 18 6 20 8 16 11 17 15 16 16 12 18 12
18 0 21 1 17 2 20 3 24 4 16 5 17 6 22 7 21 8 15 9 19 10 22 11 15 13 18 14 17 15 24 16 18 17 16 19 16
13 0 20 2 14 3 24 4 17 5 22 8 14 9 15 10 21 12 17 14 13 15 12 17 19 18 14
12
19 4 0.0024000000000000002
4 11 0.0017000000000000001
7 19 0.0018000000000000002
12 7 0.002
3 16 0.0021000000000000003
0 5 0.0019
10 12 0.0015
13 4 0.0021000000000000003
4 16 0.0023
16 3 0.0023
3 15 0.0021000000000000003
2 0 0.0014
12
13 11 0.0012000000000000001 0.10959191111236771
12 11 0.0015 0.11054134625680521
18 17 0.0016 0.11454052947235292
5 3 0.0019 0.14245617638619104
13 2 0.0015 0.11818304685179101
18 0 0.0024000000000000002 0.11024331480215764
1 4 0.0019 0.14633012751138724
4 18 0.0017000000000000001 0.10723642044849077
8 7 0.0016 0.14512199927628394
7 17 0.0013000000000000002 0.10460255069322191
7 14 0.0017000000000000001 0.14139954897911877
4 16 0.0015 0.12237529514984188
