20
15 3 14 4 23 5 14 7 21 8 23 9 12 10 19 12 24 13 12 14 16 15 14 16 13 17 19 18 13 19 22
2 13 16 15 15
2 9 19 18 23
6 4 15 5 12 7 20 15 17 16 21 19 20
4 3 18 6 18 9 13 16 19
3 2 17 6 15 13 12
3 2 17 4 22 16 21
12 0 24 1 21 4 15 5 12 6 23 9 19 11 14 12 17 13 14 14 15 15 14 19 23
16 1 18 2 17 3 19 5 15 6 22 7 20 9 18 10 21 11 19 12 24 13 20 14 22 16 23 17 21 18 24 19 22
15 0 13 1 17 2 15 3 23 4 17 5 15 6 16 7 21 10 21 12 22 14 13 15 16 16 15 17 17 19 17
7 1 24 3 19 6 24 8 13 11 14 14 19 19 24
9 0 23 1 18 3 20 5 22 6 15 7 20 8 15 15 17 19 19
9 1 21 2 19 3 19 5 15 7 18 13 23 14 24 16 23 19 24
13 0 15 1 19 2 21 4 14 5 22 7 19 8 18 9 20 10 17 11 23 12 17 15 16 19 16
15 0 21 1 16 2 12 3 19 6 16 7 18 8 22 10 22 11 15 12 13 13 18 15 14 17 20 18 15 19 20
16 1 13 2 20 3 22 4 13 5 15 7 17 8 23 9 17 10 24 11 13 12 24 13 14 14 14 16 23 18 21 19 19
15 0 20 1 19 2 20 4 19 5 19 6 17 7 22 8 12 9 19 10 21 11 16 12 20 15 14 17 16 18 14
2 9 17 18 24
10 3 19 5 20 6 15 7 17 10 13 11 15 14 24 15 20 16 16 19 18
9 1 13 2 17 3 12 4 13 5 20 9 21 15 16 17 18 18 16
12
19 14 0.0024000000000000002
13 15 0.0024000000000000002
3 0 0.0015
11 13 0.0021000000000000003
18 4 0.0013000000000000002
0 2 0.0019
9 15 0.0015
2 3 0.0016
7 14 0.0012000000000000001
3 6 0.0021000000000000003
0 4 0.0013000000000000002
7 11 0.0018000000000000002
12
6 4 0.0013000000000000002 0.12578643890916041
19 14 0.002 0.13896569875360987
5 17 0.002 0.13895486581045502
2 0 0.0024000000000000002 0.13908962986638457
4 5 0.0013000000000000002 0.1325948704859284
14 7 0.0014 0.1321811663412612
9 16 0.0018000000000000002 0.11946688297865542
2 9 0.0023 0.14598834490635837
1 5 0.0012000000000000001 0.10046090899696335
16 11 0.0023 0.12802698859178502
9 15 0.0012000000000000001 0.12737000185887842
15 16 0.0016 0.11420728077204147
