20
6 4 12 7 14 12 16 14 15 15 15 18 24
2 0 18 18 13
18 0 17 1 12 3 14 4 17 5 23 6 13 7 24 8 14 9 18 10 18 11 16 12 24 13 19 14 18 15 23 16 14 17 14 18 24
6 2 17 4 18 7 24 12 14 13 13 15 20
18 0 14 1 18 2 18 3 16 6 14 7 12 8 18 9 14 10 14 11 24 12 16 13 21 14 22 15 21 16 12 17 12 18 22 19 12
18 0 18 1 19 2 21 3 21 6 23 7 21 8 21 9 21 10 18 11 24 12 15 13 18 14 24 15 16 16 20 17 18 18 22 19 12
12 1 19 2 15 3 17 4 22 8 12 9 19 11 15 12 17 14 15 15 14 16 24 18 16
8 0 24 3 13 5 17 6 21 10 24 15 21 17 12 18 14
7 4 22 5 12 12 14 13 22 15 13 18 20 19 22
8 0 23 2 24 4 15 10 19 11 23 13 22 14 13 17 24
3 5 22 15 18 18 24
14 0 24 2 24 3 16 4 24 5 23 6 19 7 16 8 13 10 15 13 24 14 17 16 14 18 16 19 18
8 0 24 3 18 5 20 6 22 10 18 11 18 14 15 16 16
8 0 19 2 14 3 19 4 18 8 17 11 14 17 12 18 13
8 0 15 1 19 5 14 7 19 9 20 10 14 12 24 19 15
16 1 21 2 12 3 13 4 13 5 12 6 16 7 19 8 21 9 16 10 14 11 13 13 22 14 19 17 16 18 20 19 24
7 2 17 3 14 10 18 12 18 13 12 14 23 19 16
2 0 22 1 24
1 1 13
13 0 17 1 24 3 22 4 20 7 21 8 19 10 22 11 23 12 24 13 24 15 15 17 16 18 18
12
2 7 0.0012000000000000001
9 14 0.0019
7 1 0.0015
1 18 0.0012000000000000001
10 5 0.002
5 19 0.0012000000000000001
16 19 0.0012000000000000001
4 10 0.0012000000000000001
9 18 0.0018000000000000002
1 9 0.0018000000000000002
9 0 0.002
2 12 0.0021000000000000003
12
9 0 0.0018000000000000002 0.13211859470672271
2 7 0.0013000000000000002 0.12591666701155949
4 7 0.0023 0.13293403285407146
5 8 0.0015 0.10689318938831405
10 8 0.0014 0.1303951827910071
0 7 0.0024000000000000002 0.10938448948228864
13 15 0.0018000000000000002 0.14439077322977634
10 3 0.0024000000000000002 0.10990807659311654
8 10 0.0021000000000000003 0.13802618417009055
16 12 0.0016 0.14328190758789316
5 14 0.002 0.11361201953316782
19 0 0.0012000000000000001 0.11312862794164931
