20
9 1 24 2 20 4 17 5 18 9 16 11 17 13 17 16 15 18 13
15 0 14 2 14 5 21 6 21 7 23 8 22 9 22 10 21 11 19 13 24 14 12 16 20 17 20 18 14 19 23
1 16 19
13 1 18 4 16 5 21 7 20 8 20 11 13 12 22 13 13 14 23 16 12 17 18 18 17 19 16
7 3 13 6 16 7 17 9 19 13 24 14 18 18 21
17 0 15 1 13 2 14 3 19 4 19 6 15 7 23 8 16 10 17 11 14 12 21 13 23 14 19 15 18 16 14 17 17 19 23
5 2 16 3 14 10 13 11 23 12 24
2 0 17 17 12
8 0 19 2 14 4 21 5 20 6 15 9 21 15 23 17 12
7 3 12 6 22 8 13 13 13 14 18 16 20 18 23
7 3 22 5 22 6 13 9 13 11 22 14 20 15 14
7 0 22 3 18 4 17 8 16 9 14 15 21 19 18
4 0 22 13 23 15 13 19 20
8 0 16 3 16 5 24 11 13 12 12 14 19 17 13 18 17
11 2 21 4 20 5 22 7 24 8 21 9 22 11 19 12 14 15 15 16 13 17 14
10 0 16 1 17 2 23 3 13 4 15 9 14 12 24 13 17 16 14 17 16
15 0 24 1 19 2 17 3 20 4 17 5 13 7 22 8 23 9 20 10 24 13 23 14 17 17 13 18 24 19 22
6 0 15 3 15 11 16 14 17 15 23 18 12
14 0 22 1 22 3 17 7 13 8 15 9 23 10 17 11 14 12 13 13 23 15 14 16 21 17 24 19 21
15 0 15 1 21 3 13 4 19 5 18 6 23 7 15 8 16 10 22 11 16 12 14 13 13 14 22 15 15 16 17
12
12 19 0.0014
4 16 0.0023
16 18 0.0014
6 18 0.0021000000000000003
3 9 0.0024000000000000002
11 17 0.0015
10 15 0.0023
15 11 0.0019
3 1 0.0023
5 8 0.0021000000000000003
4 17 0.0016
12 9 0.0012000000000000001
12
2 14 0.0013000000000000002 0.1261939757607688
4 15 0.0015 0.10857639789861594
2 1 0.0021000000000000003 0.14021907162289254
19 1 0.0018000000000000002 0.12134491283179277
6 1 0.0012000000000000001 0.14950683260246728
19 15 0.0023 0.1363473053740363
5 17 0.0016 0.14398873036903598
12 2 0.0021000000000000003 0.10496333849424938
8 15 0.002 0.13903723979843083
10 12 0.0017000000000000001 0.12039629122448964
5 4 0.0023 0.1125149961428265
17 5 0.0018000000000000002 0.12406176574828028
