20
2 2 16 17 24
13 0 23 2 12 3 13 4 14 5 15 7 13 11 24 12 16 13 12 14 21 17 19 18 20 19 18
7 1 18 3 14 4 16 10 13 12 19 16 12 17 13
14 0 18 2 22 4 23 5 20 6 19 10 12 11 22 13 20 14 15 15 19 16 24 17 14 18 21 19 15
2 18 14 19 17
10 0 22 4 21 8 16 9 20 10 20 11 20 12 14 15 12 16 24 19 18
11 1 22 2 19 3 24 4 16 7 13 8 15 12 19 14 17 16 12 17 24 19 24
11 3 12 4 20 5 23 6 19 12 14 13 14 14 17 15 15 16 15 17 22 19 12
5 3 13 9 18 11 17 15 15 16 17
5 2 14 3 23 5 20 13 23 15 23
14 2 12 3 21 5 21 6 18 7 15 8 14 9 24 12 18 13 20 14 20 15 15 16 22 18 20 19 14
17 0 20 1 19 2 15 3 17 4 12 5 12 6 15 7 14 8 15 9 22 10 24 13 15 14 14 15 13 16 16 17 13 18 14
15 1 12 2 19 3 21 4 12 5 15 7 16 8 17 9 20 11 19 13 19 14 22 15 15 17 17 18 12 19 14
18 0 18 1 21 2 13 3 24 4 22 5 20 6 17 7 13 8 17 9 15 10 22 11 18 12 14 14 14 16 17 17 18 18 12 19 24
11 1 16 2 15 5 19 6 21 7 19 8 18 12 18 15 19 17 16 18 13 19 17
9 0 22 1 22 2 21 4 15 7 16 8 18 13 23 17 14 18 17
17 0 20 1 16 2 18 3 22 4 18 6 12 7 21 8 16 9 23 10 13 11 24 13 24 14 12 15 13 17 12 18 13 19 14
14 0 18 1 12 2 21 3 15 4 18 6 13 8 18 9 13 10 18 12 12 13 22 14 24 18 14 19 19
10 1 13 4 14 5 23 9 17 11 13 12 22 13 23 15 19 17 13 19 20
18 0 17 1 18 2 23 3 19 4 23 6 12 7 17 8 13 9 15 10 14 11 13 12 20 13 22 14 21 15 19 16 23 17 13 18 14
12
12 6 0.0018000000000000002
0 15 0.0022
3 17 0.0019
14 0 0.0018000000000000002
9 7 0.0022
4 8 0.0017000000000000001
10 18 0.0018000000000000002
7 19 0.0023
19 17 0.0019
11 12 0.0012000000000000001
2 10 0.0012000000000000001
10 3 0.0017000000000000001
12
14 5 0.0018000000000000002 0.12631632459298497
12 15 0.0023 0.11159072860476167
15 8 0.0022 0.12114625861043235
17 13 0.0015 0.12357798330319766
11 13 0.0016 0.12593857735185512
16 11 0.0019 0.13833905547657122
15 2 0.0012000000000000001 0.12964798840363695
2 15 0.0024000000000000002 0.13999394690580336
13 2 0.0019 0.11902762116351506
0 13 0.0013000000000000002 0.12995634810175208
6 14 0.002 0.14784881688910545
0 13 0.0012000000000000001 0.10876332935117124
