20
2 5 14 17 20
5 7 22 13 15 15 21 17 13 18 19
17 0 21 1 20 3 13 4 19 5 16 7 21 8 22 9 24 10 17 11 21 12 13 13 21 15 16 16 15 17 24 18 20 19 17
15 0 16 2 16 4 21 5 12 6 18 7 15 8 19 9 23 11 17 12 17 13 16 14 19 15 18 17 17 18 16
3 1 17 13 23 14 19
12 0 17 2 22 3 20 6 21 7 13 8 14 9 24 11 12 13 16 14 20 15 14 16 20
5 3 21 7 13 12 23 15 18 19 14
18 0 23 1 16 2 20 3 15 4 20 5 14 6 19 8 19 9 15 10 24 11 15 12 17 13 13 14 24 15 13 16 15 17 24 19 23
8 1 21 2 20 5 15 6 24 10 14 14 14 15 18 18 15
4 2 19 8 16 12 16 15 14
15 0 24 1 18 3 13 4 24 6 13 7 23 8 13 9 17 11 20 12 17 13 12 14 20 15 17 17 18 19 16
5 2 20 10 20 12 24 13 13 15 21
13 1 13 4 16 5 14 7 15 9 17 10 23 11 19 13 18 14 14 15 22 16 13 18 13 19 21
15 0 12 1 16 2 22 3 21 5 16 6 21 9 21 10 22 11 16 12 18 15 23 16 24 17 13 18 18 19 22
13 0 21 2 13 4 14 5 17 6 22 9 15 11 14 12 16 13 21 15 22 17 15 18 12 19 21
5 1 14 3 23 5 17 13 24 19 18
12 2 12 3 17 4 17 5 16 6 21 7 21 9 20 12 18 13 16 15 20 18 15 19 22
1 6 16
8 1 22 2 23 4 20 8 21 13 15 14 19 15 17 17 17
3 2 22 9 22 11 18
12
11 6 0.0022
2 0 0.0019
5 18 0.002
11 12 0.002
9 0 0.0021000000000000003
10 17 0.0021000000000000003
15 19 0.0021000000000000003
4 18 0.0022
10 1 0.0018000000000000002
7 14 0.0016
14 18 0.0017000000000000001
12 16 0.0016
12
2 3 0.0014 0.14659583217710567
1 14 0.0024000000000000002 0.14246424844418637
8 19 0.0014 0.14811043350492287
0 5 0.0012000000000000001 0.11698122805716488
10 14 0.0024000000000000002 0.11895499499847348
17 3 0.0012000000000000001 0.11324764375223959
5 8 0.0024000000000000002 0.11706950726610821
13 0 0.0023 0.1249218043317628
18 8 0.0013000000000000002 0.1383158923194565
4 18 0.0012000000000000001 0.13048888449468246
17 15 0.0014 0.10646067802372836
7 5 0.0019 0.10268551322748146
