20
15 2 20 3 21 4 20 5 16 7 19 8 17 10 14 11 13 12 21 13 20 14 16 15 17 16 13 17 14 18 19
9 0 16 2 17 3 12 4 13 5 21 7 19 16 21 17 12 18 12
12 0 12 1 13 3 22 4 13 5 21 9 14 12 14 13 19 15 16 17 17 18 23 19 17
5 4 16 9 18 12 20 18 14 19 14
2 8 21 14 21
9 2 22 3 19 4 18 8 14 11 19 12 15 13 16 14 12 17 24
5 3 18 9 22 12 18 16 14 17 18
6 3 13 10 17 13 22 14 15 15 23 16 18
7 0 13 3 16 7 13 12 13 15 15 17 12 19 14
12 1 15 4 15 6 22 7 24 8 21 10 20 12 12 13 21 14 17 15 16 18 21 19 12
9 0 19 3 19 4 23 6 14 8 22 11 23 15 19 17 17 18 13
14 1 15 2 14 3 21 5 12 8 14 9 12 10 13 12 20 13 18 14 23 15 17 16 18 17 14 19 20
3 0 21 6 16 15 12
6 3 23 5 15 8 18 11 12 12 15 16 13
3 0 14 2 24 11 23
3 0 17 5 14 16 24
2 7 19 19 16
3 1 15 7 17 15 23
16 1 17 2 14 3 14 4 13 5 14 6 17 8 19 9 24 10 18 11 19 12 18 13 18 14 16 15 20 16 17 17 15
3 1 22 4 19 6 22
12
7 1 0.0015
5 2 0.0013000000000000002
13 6 0.0024000000000000002
0 9 0.002
0 19 0.0015
17 4 0.0014
3 9 0.0021000000000000003
15 4 0.0024000000000000002
6 16 0.0018000000000000002
9 15 0.0024000000000000002
12 0 0.0015
7 18 0.0021000000000000003
12
4 18 0.0022 0.13070042851693509
15 3 0.0014 0.13661222163103753
4 11 0.0024000000000000002 0.1422631801334058
14 0 0.0016 0.12289311463826513
9 7 0.0021000000000000003 0.10249904744545821
18 19 0.0021000000000000003 0.11811195017935963
14 0 0.0014 0.10679250419909697
0 17 0.0021000000000000003 0.13318131664478283
5 2 0.0022 0.10672922919706403
17 10 0.0017000000000000001 0.12863922483622214
10 16 0.0012000000000000001 0.10493212739503267
1 0 0.0012000000000000001 0.10987157517255616
