20
11 1 13 3 23 5 22 6 15 7 19 8 14 11 19 13 13 15 14 17 22 19 17
8 0 14 2 20 3 15 10 16 11 16 13 17 14 18 15 23
17 0 14 1 12 3 19 4 18 5 21 6 22 7 17 8 13 9 24 10 23 11 19 12 21 13 14 16 15 17 18 18 22 19 18
14 0 13 1 16 2 13 4 19 5 14 6 13 7 12 9 23 10 18 12 23 13 17 14 21 16 15 19 24
3 1 14 3 18 6 13
5 2 21 10 20 12 12 15 15 19 17
7 0 15 1 13 5 19 9 13 10 20 14 19 15 12
14 0 24 3 17 4 23 5 17 8 18 9 24 11 18 13 23 14 14 15 13 16 12 17 15 18 15 19 22
9 0 15 1 18 2 12 3 18 5 24 7 13 13 22 14 13 16 18
4 0 24 3 17 4 13 16 22
17 0 12 1 22 3 16 5 19 6 12 7 16 8 24 9 19 11 16 12 24 13 18 14 16 15 12 16 21 17 24 18 15 19 19
5 0 16 4 15 6 13 12 19 16 16
4 4 23 5 12 6 15 14 23
2 3 14 4 19
6 2 12 7 15 10 13 12 18 13 13 15 19
7 0 23 3 13 4 22 6 21 10 12 16 17 18 19
6 2 24 3 15 7 23 13 16 14 13 19 15
14 0 19 1 19 3 20 4 12 5 23 7 21 8 24 11 21 12 23 13 16 14 20 16 24 18 21 19 21
3 1 14 7 23 12 14
2 6 23 9 12
12
6 8 0.0018000000000000002
6 2 0.0017000000000000001
2 6 0.0017000000000000001
4 1 0.0016
14 3 0.0012000000000000001
16 15 0.0013000000000000002
10 4 0.0012000000000000001
14 9 0.0018000000000000002
3 16 0.0021000000000000003
16 2 0.0023
17 16 0.0017000000000000001
8 3 0.0019
12
8 10 0.002 0.11803972576799165
2 4 0.0017000000000000001 0.1289241511751896
9 7 0.0014 0.14107121000382336
4 14 0.002 0.12113369017817283
7 2 0.0024000000000000002 0.12794296032768593
14 9 0.0015 0.11731406519523124
15 12 0.0013000000000000002 0.14747137052468287
18 0 0.0016 0.11426475369440964
2 15 0.0023 0.10611471480204007
6 0 0.0021000000000000003 0.1061911202852486
15 8 0.002 0.11145556078567154
17 15 0.0021000000000000003 0.11778880084194232
