20
11 1 12 3 18 5 16 7 20 8 20 10 22 12 14 15 17 17 16 18 24 19 15
6 0 23 4 22 5 12 13 13 15 17 18 22
12 3 14 5 13 6 18 8 20 9 21 10 19 11 21 12 17 13 22 14 14 15 21 17 22
6 5 18 10 15 14 16 15 23 16 20 17 18
6 7 19 9 19 10 12 12 16 14 21 16 17
13 0 21 2 23 3 18 7 12 8 22 9 23 10 20 11 12 12 18 13 21 15 20 17 16 19 19
10 0 13 2 22 3 22 4 12 7 17 11 20 13 15 14 12 18 14 19 15
7 0 22 3 16 5 14 8 24 13 17 17 12 19 22
18 1 23 2 15 3 13 4 20 5 12 6 14 7 12 9 21 10 17 11 12 12 23 13 24 14 24 15 24 16 23 17 13 18 13 19 12
13 0 13 1 21 2 20 3 21 4 17 5 19 8 18 10 17 13 12 15 22 16 18 17 20 18 17
11 1 24 4 15 6 21 8 14 9 12 11 16 13 23 16 18 17 17 18 17 19 13
6 0 12 2 13 5 18 13 20 14 14 17 17
5 6 23 11 18 15 15 17 15 18 15
10 3 16 5 14 6 17 7 15 9 13 10 20 12 22 14 12 17 13 18 23
11 0 22 2 12 4 17 5 16 6 23 7 13 8 19 11 23 13 22 15 18 18 12
5 2 23 10 12 13 21 14 18 18 21
11 0 16 1 14 2 17 3 12 6 13 10 14 11 20 12 21 13 24 15 21 19 13
1 8 20
11 1 22 2 22 4 22 8 23 9 17 12 18 13 17 14 22 15 19 16 19 17 23
1 2 23
12
9 8 0.0014
13 8 0.0013000000000000002
2 19 0.0023
8 5 0.0023
11 4 0.0012000000000000001
18 17 0.0022
3 4 0.0014
17 0 0.0018000000000000002
1 6 0.0015
17 9 0.0014
19 13 0.0016
2 4 0.0017000000000000001
12
14 11 0.0013000000000000002 0.13587691078188424
11 10 0.0017000000000000001 0.10647185369090197
18 13 0.0012000000000000001 0.1264287786894436
10 2 0.002 0.13598838839753777
12 9 0.002 0.11314372899449104
10 13 0.0016 0.1446783927397389
13 7 0.0012000000000000001 0.10473533209690684
18 5 0.0018000000000000002 0.1452675779533158
11 17 0.0017000000000000001 0.10089722394662562
1 12 0.002 0.12944240030129675
15 2 0.0023 0.13920179350395012
7 8 0.0022 0.13398288252560442
