20
12 1 19 3 18 4 16 5 16 7 21 10 15 11 23 12 14 13 16 14 20 16 16 19 18
18 0 21 2 20 3 16 4 22 5 22 7 23 8 13 9 12 10 13 11 21 12 15 13 24 14 17 15 23 16 17 17 14 18 23 19 14
18 0 12 1 17 3 21 4 17 5 16 6 13 7 15 8 12 9 17 10 18 11 24 12 15 13 23 15 21 16 17 17 13 18 22 19 23
7 0 12 5 23 6 22 7 20 15 14 17 24 19 18
7 2 15 3 18 6 17 13 18 16 13 17 21 18 23
8 0 24 3 23 8 13 12 19 13 12 14 21 16 17 19 21
4 1 15 8 23 10 23 18 20
17 0 23 1 24 2 16 4 14 5 17 6 23 8 20 9 19 10 17 11 24 12 14 13 24 14 21 16 17 17 15 18 13 19 23
9 2 17 3 12 4 22 6 24 7 12 10 15 12 17 14 19 17 17
6 0 14 1 16 7 18 8 19 13 19 17 13
3 4 17 11 16 14 18
16 1 24 2 13 3 17 4 19 5 21 6 17 7 19 8 15 9 22 10 19 12 13 14 19 16 17 17 24 18 18 19 19
4 2 19 4 12 6 15 18 20
7 2 14 5 21 7 13 14 14 16 22 17 22 18 20
13 1 14 2 17 3 24 5 24 6 17 7 19 8 21 11 15 13 19 16 23 17 23 18 17 19 20
7 3 21 4 12 11 23 16 12 17 14 18 12 19 18
9 0 20 1 14 2 20 3 12 4 19 5 13 10 24 13 17 15 14
18 0 18 1 23 2 15 3 14 5 17 6 22 7 21 8 14 9 17 10 15 11 21 12 21 13 20 14 17 15 21 16 15 18 14 19 17
17 0 22 1 20 2 21 3 20 4 14 5 12 6 23 7 21 8 16 9 22 10 13 11 18 12 15 13 24 14 15 15 24 16 22
7 0 12 1 20 4 16 10 23 12 20 15 17 16 22
12
17 3 0.0014
12 11 0.0014
18 16 0.002
1 8 0.0018000000000000002
10 0 0.0021000000000000003
6 18 0.0023
4 8 0.0015
14 13 0.0017000000000000001
8 1 0.0021000000000000003
10 19 0.0021000000000000003
2 12 0.0021000000000000003
7 17 0.0021000000000000003
12
0 14 0.0024000000000000002 0.10255165366274906
16 0 0.0022 0.14446269458858632
6 12 0.0021000000000000003 0.11469777792057172
7 17 0.0012000000000000001 0.12606460610416623
16 0 0.0013000000000000002 0.1371460484962183
12 18 0.0012000000000000001 0.10384444351844142
17 3 0.0023 0.10916583436675775
11 5 0.0017000000000000001 0.11995416962860186
13 16 0.0023 0.11131560936600449
18 11 0.0019 0.11732234621679741
4 6 0.0018000000000000002 0.1144561478044158
17 13 0.0014 0.12539353147141197
