20
3 2 19 4 23 13 16
2 3 17 8 21
14 0 15 1 19 3 14 4 17 6 15 7 16 8 16 9 22 10 16 11 22 12 21 15 20 16 22 17 14
3 11 19 16 18 17 17
9 0 18 1 15 2 13 6 17 8 12 10 19 11 17 13 18 18 18
7 2 23 3 18 6 17 8 15 16 23 18 13 19 17
4 2 12 5 16 13 22 16 13
15 0 21 1 13 2 18 3 24 8 24 9 23 10 19 11 21 12 16 13 21 14 12 16 19 17 19 18 24 19 12
15 0 20 1 20 2 15 3 19 4 20 5 20 6 15 7 23 9 19 10 16 12 19 13 22 14 13 15 23 19 17
9 0 22 1 20 4 15 5 12 7 16 8 12 17 12 18 18 19 14
4 5 17 11 16 14 18 16 15
7 0 16 3 24 9 13 10 12 14 22 15 24 16 16
9 0 14 2 17 5 19 6 23 7 13 9 16 10 21 16 18 17 13
12 1 15 3 18 4 17 5 13 7 21 8 17 10 19 11 12 12 18 14 20 16 22 17 12
11 0 22 3 22 4 22 5 19 7 23 8 14 9 12 12 24 13 14 15 21 16 22
12 2 15 3 12 4 14 5 14 6 12 8 19 11 17 13 21 16 18 17 22 18 16 19 23
13 1 21 2 21 4 14 6 14 7 13 10 24 11 13 12 19 13 21 14 22 17 12 18 17 19 19
13 1 16 2 23 3 21 4 14 5 23 6 18 7 12 9 15 10 22 11 21 12 18 18 17 19 21
16 1 24 2 23 3 12 4 22 5 20 7 16 8 20 9 20 10 15 11 22 13 16 14 17 15 22 16 21 17 23 19 20
6 0 23 6 21 8 21 9 19 10 14 11 16
12
11 1 0.0018000000000000002
12 9 0.002
16 3 0.0018000000000000002
16 0 0.0021000000000000003
11 8 0.0018000000000000002
17 8 0.0023
8 5 0.0023
4 6 0.0022
6 2 0.0014
3 4 0.0024000000000000002
7 10 0.0013000000000000002
8 7 0.0015
12
8 0 0.0023 0.12796020722015577
1 18 0.0018000000000000002 0.12613195934838725
14 4 0.0021000000000000003 0.1026563418211356
17 12 0.0015 0.13525128382103085
13 0 0.0015 0.1051023327388733
1 8 0.0023 0.139236228592919
16 0 0.0022 0.1230740619118052
0 3 0.0022 0.10071529510008961
0 11 0.002 0.10810573291810219
19 4 0.0022 0.1202072222270952
18 16 0.0021000000000000003 0.13328504314221093
5 2 0.0021000000000000003 0.13312775281246453
