15
1 3 15
10 3 23 4 19 6 21 7 24 8 12 9 16 10 19 11 12 12 13 13 21
2 5 13 13 20
13 0 19 1 16 2 17 4 13 5 24 6 18 7 12 8 22 9 15 10 15 11 13 12 24 14 17
3 2 17 5 13 12 21
2 1 16 6 23
11 0 21 1 14 2 18 4 20 5 12 7 18 8 21 9 21 11 13 12 16 14 19
5 5 23 6 23 8 24 11 19 14 21
6 0 16 1 23 9 14 11 24 13 19 14 18
4 3 23 7 22 10 17 12 13
5 0 19 2 14 6 19 9 24 14 19
13 0 21 1 20 2 14 3 20 4 14 5 24 6 20 7 22 8 13 9 24 10 21 12 14 13 14
5 2 20 4 24 11 23 13 22 14 15
10 0 18 2 16 4 17 5 12 7 19 8 21 9 17 10 14 12 14 14 19
11 0 18 1 15 3 22 4 18 5 17 6 14 7 20 8 23 9 19 10 12 12 12
6
10 1 0.0019
6 4 0.0024000000000000002
3 12 0.0012000000000000001
3 0 0.0019
13 11 0.0022
13 2 0.0019
24
8 1 0.0022 0.12940991453702072
13 8 0.0018000000000000002 0.14197467325084648
9 2 0.0013000000000000002 0.13660669454177843
2 0 0.0013000000000000002 0.13349457251411948
4 7 0.0018000000000000002 0.14233907272319246
3 13 0.0015 0.14922239472930957
2 14 0.0021000000000000003 0.13972242577857547
2 12 0.0015 0.135019558075465
0 10 0.0013000000000000002 0.10194202620558088
8 3 0.0023 0.11994411836498287
9 14 0.0014 0.10312828426867526
0 10 0.0015 0.11474680064041146
14 4 0.0021000000000000003 0.12392964938387496
9 5 0.0016 0.10913389798142392
11 0 0.0015 0.13879151838722364
6 11 0.0021000000000000003 0.14597786687243258
13 10 0.0019 0.11303819711939407
9 8 0.0021000000000000003 0.10611842553352005
1 9 0.0019 0.11961686193462505
14 1 0.0016 0.13040959097829488
11 3 0.0024000000000000002 0.14014964241059016
2 4 0.0024000000000000002 0.11316559886900343
7 5 0.0022 0.11224127065553745
9 13 0.0024000000000000002 0.14966090667480722
