15
4 3 22 5 14 6 23 11 20
8 0 18 5 21 6 15 7 15 8 13 11 23 12 12 14 18
7 3 16 7 17 8 16 9 12 10 13 13 19 14 15
8 0 13 5 16 6 12 7 18 8 19 9 22 10 24 11 13
6 5 19 6 13 7 16 11 18 13 24 14 23
7 1 14 2 15 4 23 6 24 8 16 10 12 14 13
13 0 16 1 16 2 20 3 16 4 24 5 14 7 22 8 21 9 20 10 14 12 21 13 15 14 14
2 6 21 11 22
2 4 17 9 18
13 0 21 1 24 2 16 3 20 4 12 5 14 6 19 7 15 10 12 11 22 12 13 13 12 14 16
9 0 24 1 17 2 23 5 20 7 18 8 17 11 14 12 14 14 16
5 1 15 2 17 6 15 8 19 14 19
1 0 12
2 10 19 14 21
4 1 22 5 20 10 16 13 14
6
10 11 0.0013000000000000002
5 9 0.0015
13 2 0.0015
9 11 0.0013000000000000002
10 11 0.0021000000000000003
14 7 0.0023
24
9 8 0.0023 0.10052343666197765
13 11 0.0023 0.11555521735569056
7 13 0.0017000000000000001 0.1319090906892861
3 4 0.0013000000000000002 0.11040290797905265
1 0 0.0015 0.10815670799011684
11 0 0.0014 0.10203280419780518
4 11 0.002 0.10504763242154673
2 13 0.0015 0.13121586960613896
3 1 0.0015 0.13193680532327642
1 14 0.0021000000000000003 0.1385003901270952
0 1 0.0022 0.12531226888379116
1 11 0.0012000000000000001 0.10454707529180726
13 0 0.0012000000000000001 0.13031910337167307
1 5 0.0012000000000000001 0.12541269415457054
9 14 0.0012000000000000001 0.11252874076086446
9 1 0.0016 0.14916758402163
4 10 0.0021000000000000003 0.1116709356547282
9 2 0.0015 0.12354862735154733
8 5 0.0016 0.14205306169761167
1 14 0.0018000000000000002 0.13120569427028128
3 0 0.0017000000000000001 0.13639198459070934
0 11 0.002 0.1402748086019969
1 3 0.0024000000000000002 0.14503545617747773
13 9 0.0024000000000000002 0.12204123792769966
