15
2 3 12 14 23
11 0 23 2 16 3 23 5 19 7 20 8 18 9 17 10 17 11 17 12 19 13 17
8 3 16 6 14 7 15 8 20 9 24 10 17 11 16 14 23
8 2 24 6 19 7 23 9 12 10 12 12 13 13 13 14 12
2 1 21 5 17
1 11 24
10 0 17 2 24 3 13 7 22 8 19 9 23 11 22 12 21 13 24 14 22
9 0 23 2 21 3 23 4 21 6 21 10 20 11 18 13 18 14 12
4 1 12 5 20 12 20 13 21
9 0 14 1 22 2 14 6 14 8 17 10 14 11 22 12 15 13 21
5 0 22 2 15 3 15 12 15 13 12
9 0 16 1 23 2 14 3 19 4 24 8 17 9 19 12 23 13 15
3 3 17 9 12 11 12
5 2 21 6 23 7 22 9 15 11 24
7 1 17 2 22 4 21 5 22 6 14 10 24 13 23
6
13 10 0.0022
8 10 0.0022
2 10 0.002
0 11 0.0017000000000000001
7 5 0.0015
8 9 0.0022
24
0 5 0.0013000000000000002 0.10214256312130796
14 4 0.0014 0.13665109722548197
9 5 0.0014 0.13064819766296415
14 4 0.0018000000000000002 0.14697433538034624
9 10 0.0018000000000000002 0.13881284408383743
8 14 0.0019 0.1308787218951345
9 8 0.0015 0.12663821231221423
4 7 0.0012000000000000001 0.11571753647375987
5 14 0.002 0.1400472969809981
6 1 0.0017000000000000001 0.14706928779620612
11 1 0.0014 0.1112361279881331
2 6 0.0014 0.10585276566958567
2 9 0.0024000000000000002 0.10346629123936674
4 1 0.0015 0.12532269328727483
8 3 0.0013000000000000002 0.13371778853660687
13 6 0.0019 0.1316238910556924
6 9 0.002 0.12430615029205977
1 8 0.0024000000000000002 0.12240900551261368
10 7 0.0024000000000000002 0.11434957195386719
12 7 0.0023 0.13324702313210776
7 1 0.0017000000000000001 0.10501486361476778
5 3 0.0012000000000000001 0.11093927965356115
12 8 0.0014 0.13423192328753772
2 5 0.0012000000000000001 0.11026533305336958
