15
2 3 16 4 20
10 0 24 3 23 4 22 5 18 6 21 8 17 11 21 12 12 13 19 14 16
11 1 24 3 13 5 22 6 21 8 16 9 19 10 20 11 13 12 22 13 14 14 12
10 1 18 2 19 4 18 5 21 6 22 7 21 8 12 9 19 10 12 11 12
3 1 22 3 15 13 23
8 0 21 2 19 4 13 6 21 7 20 10 19 12 17 14 16
5 0 20 1 13 3 16 5 21 10 13
8 0 23 1 17 5 18 6 14 8 14 10 23 13 22 14 14
7 0 20 2 13 4 19 5 22 10 17 11 17 14 24
11 0 12 1 23 3 14 6 21 7 24 8 12 10 16 11 16 12 22 13 23 14 21
11 0 22 1 12 2 15 3 15 4 12 7 13 8 18 9 12 11 12 12 13 14 13
6 2 17 4 16 5 16 6 21 9 16 12 22
1 11 18
10 2 22 3 21 4 23 5 21 7 17 8 12 9 20 10 20 11 24 14 23
10 2 17 5 18 6 17 7 19 8 21 9 14 10 20 11 21 12 22 13 16
6
5 10 0.0013000000000000002
3 8 0.0019
10 5 0.0014
2 13 0.0024000000000000002
6 7 0.0012000000000000001
14 8 0.0019
24
2 12 0.0022 0.14595671483535874
1 4 0.0012000000000000001 0.11708156173680401
11 9 0.0024000000000000002 0.14995907127961258
10 11 0.0023 0.1265498928458226
1 13 0.002 0.12202521713172328
2 5 0.0017000000000000001 0.13331457291668125
2 14 0.0017000000000000001 0.14757807560338845
13 12 0.0012000000000000001 0.14354922927808905
11 6 0.0019 0.10800072418115149
6 10 0.0013000000000000002 0.1052407629369089
3 5 0.0019 0.10393405306004759
0 5 0.002 0.1305881386669872
13 1 0.0017000000000000001 0.14766109076387463
9 1 0.0019 0.12446184821081527
13 6 0.0017000000000000001 0.11932572494718607
12 4 0.0014 0.12288156264575466
8 5 0.0014 0.11969159159667019
6 4 0.0013000000000000002 0.11024438594526598
11 5 0.0013000000000000002 0.13834146962012434
1 11 0.002 0.10272587938712692
9 0 0.0014 0.12093223474934274
5 2 0.0016 0.13813985117942781
4 13 0.0021000000000000003 0.13087457181139395
5 0 0.0017000000000000001 0.12547061249562527
