15
7 1 18 2 16 3 20 5 18 6 20 8 17 14 21
3 2 21 12 21 13 12
6 0 22 3 18 8 16 9 14 10 13 11 19
13 0 17 1 21 2 24 4 16 5 16 6 12 7 21 8 12 9 18 10 16 11 19 12 24 13 18
11 0 18 1 24 3 23 5 14 6 20 7 13 8 21 9 23 11 18 12 20 13 16
6 4 13 6 22 7 12 10 13 11 20 13 19
1 10 13
11 2 21 3 13 4 18 5 12 6 16 8 18 9 16 10 24 11 20 12 22 13 20
11 0 21 2 22 3 20 4 13 5 14 6 15 7 24 10 20 11 21 13 15 14 19
1 13 22
10 1 19 2 12 3 15 4 12 5 18 6 15 8 13 11 19 13 16 14 14
6 0 19 3 17 5 23 8 21 9 19 14 12
3 0 16 2 21 10 16
2 10 17 11 22
10 0 14 1 22 3 17 6 12 7 17 8 23 9 15 10 18 12 17 13 15
6
7 5 0.002
11 5 0.0016
8 4 0.0022
1 12 0.0024000000000000002
2 4 0.0017000000000000001
9 3 0.0015
24
6 1 0.0013000000000000002 0.10487742628282679
11 12 0.0013000000000000002 0.13301220797060004
10 3 0.0019 0.12265262378064021
0 10 0.0018000000000000002 0.1380120726844692
11 13 0.0013000000000000002 0.14531298247894112
0 5 0.0016 0.11487091466473597
4 14 0.0016 0.1458582865280998
14 1 0.0023 0.14110907467991576
7 1 0.0013000000000000002 0.10778393748732219
8 7 0.0019 0.13715417724976425
0 7 0.0017000000000000001 0.1009489709844403
6 8 0.0023 0.12370419100336903
8 6 0.0021000000000000003 0.11995192415543038
10 14 0.0023 0.11699682635190939
2 14 0.0024000000000000002 0.10919985738831402
0 11 0.0024000000000000002 0.10917314521370991
4 2 0.0024000000000000002 0.10352087060981507
3 2 0.0015 0.1420497175670838
9 4 0.002 0.11576065203455901
14 9 0.0017000000000000001 0.14980766465433626
11 0 0.0015 0.10740849702931995
14 9 0.0016 0.1363612488085128
6 8 0.0016 0.1471188972098559
6 12 0.0017000000000000001 0.1356221634904431
