15
11 1 14 2 24 3 22 4 14 5 20 6 19 7 18 8 12 10 12 11 22 14 23
9 0 17 2 12 4 16 6 17 7 23 8 21 12 24 13 12 14 22
13 0 15 1 12 3 20 4 17 5 21 6 19 7 22 8 16 9 14 11 17 12 20 13 13 14 20
12 0 14 1 23 2 19 4 16 5 12 6 13 8 15 9 19 10 14 11 18 13 18 14 17
4 6 14 7 17 11 14 13 17
11 1 21 2 24 3 22 4 12 7 15 8 12 10 13 11 15 12 22 13 13 14 18
7 1 19 2 20 4 23 5 17 11 19 12 24 14 22
3 6 24 9 21 13 24
1 14 12
7 3 23 4 22 5 19 7 15 8 12 11 20 14 23
9 2 12 3 22 4 24 6 12 7 18 9 20 11 20 12 18 13 16
11 0 23 2 18 4 17 5 14 6 21 7 18 8 24 9 24 10 12 12 23 14 18
8 0 23 5 23 6 21 8 17 10 12 11 21 13 20 14 21
4 1 21 2 16 4 23 5 20
7 2 12 3 12 4 13 6 21 7 13 9 17 13 24
6
10 9 0.0022
1 2 0.0018000000000000002
10 12 0.0022
13 12 0.0021000000000000003
10 12 0.0023
0 8 0.0016
24
3 0 0.0021000000000000003 0.1368722722659468
8 14 0.0014 0.12989812036884418
11 8 0.0021000000000000003 0.12548475725620162
13 14 0.0024000000000000002 0.11942910968459172
11 3 0.0023 0.11525498281274771
14 12 0.0022 0.11966218635384579
10 8 0.0019 0.10868036689607144
4 13 0.0019 0.10920119639679898
11 5 0.0024000000000000002 0.12798951016965762
5 10 0.002 0.1346887348327382
0 1 0.0014 0.14492639245979577
4 6 0.0021000000000000003 0.12294522844477145
8 3 0.0013000000000000002 0.14595895843351037
8 9 0.0017000000000000001 0.13440970607560132
1 0 0.0014 0.14935184071958002
8 5 0.0014 0.10284171398361619
14 12 0.0016 0.11957462640705852
14 1 0.0015 0.1081364940830728
0 12 0.0014 0.11290283158463232
8 7 0.0012000000000000001 0.1498308178447189
4 2 0.0019 0.10599755763803884
5 3 0.0012000000000000001 0.12099339539536846
11 10 0.0016 0.13725442581156255
9 10 0.0022 0.11472546045290911
