15
13 1 21 2 21 3 20 4 18 5 22 6 19 7 14 9 18 10 17 11 15 12 17 13 16 14 12
4 4 18 5 19 8 23 11 13
8 0 20 3 22 4 23 7 12 8 18 9 18 11 22 14 16
11 0 23 5 21 6 22 7 14 8 16 9 16 10 23 11 20 12 21 13 16 14 12
11 1 20 2 21 6 16 7 13 8 16 9 13 10 23 11 15 12 24 13 21 14 21
3 9 12 12 22 13 17
6 0 12 3 16 8 14 9 14 10 22 12 23
1 6 16
12 1 21 2 21 3 22 4 24 5 23 7 16 9 18 10 15 11 17 12 21 13 13 14 17
5 2 12 3 17 7 20 10 16 13 14
10 0 15 1 20 3 13 5 23 6 15 8 13 9 13 12 24 13 16 14 24
7 4 22 6 22 7 24 9 20 10 18 12 14 13 20
1 8 23
2 1 12 3 19
4 6 13 7 17 11 23 13 18
6
1 9 0.0017000000000000001
8 6 0.0017000000000000001
3 8 0.0023
5 2 0.0015
13 11 0.0021000000000000003
8 10 0.0023
24
0 9 0.0018000000000000002 0.11091436895886193
5 3 0.0019 0.12491937373763363
11 13 0.0018000000000000002 0.11003903397502446
5 2 0.0015 0.10524865095951641
9 7 0.0014 0.13383665582137053
10 4 0.0015 0.12065240738795603
7 0 0.0017000000000000001 0.1456809151578066
1 5 0.002 0.10487212935173579
7 5 0.0016 0.11886950774390792
10 0 0.0019 0.13913063951208654
8 6 0.0016 0.12762817882658525
6 1 0.0017000000000000001 0.11321486861472259
3 9 0.0016 0.10243908803732008
2 13 0.0013000000000000002 0.13761899186339846
13 9 0.0015 0.13627664000595335
2 3 0.0014 0.11621813660561939
11 6 0.0016 0.11018431677798386
8 9 0.0019 0.14563751043159473
3 8 0.0016 0.11519406237059601
5 12 0.002 0.11561256165849962
4 3 0.0023 0.14042688319969396
3 8 0.0022 0.14035867029871724
10 8 0.0018000000000000002 0.11611991880354575
2 10 0.0015 0.10546199185082161
