15
4 2 12 4 13 10 14 14 12
9 0 22 2 15 3 21 4 12 5 19 7 14 8 21 9 20 13 18
13 0 14 1 13 3 12 4 13 5 15 6 23 7 16 8 18 9 20 10 21 11 23 13 12 14 15
10 0 15 1 17 4 13 5 12 8 23 9 14 10 13 11 13 12 14 13 22
5 5 13 6 20 8 17 10 20 11 24
8 0 16 1 21 2 19 7 12 8 19 10 20 12 21 14 17
8 2 24 3 21 4 13 5 14 7 15 10 14 13 18 14 15
8 0 15 1 16 5 18 6 21 8 18 12 20 13 16 14 20
9 0 24 1 13 3 20 5 13 6 24 9 16 10 21 11 19 12 16
9 0 18 3 14 4 16 5 21 7 24 8 15 10 15 12 15 13 16
13 0 15 1 17 3 12 4 24 5 17 6 21 7 23 8 12 9 14 11 17 12 16 13 16 14 18
4 0 12 1 12 2 12 8 21
11 0 12 1 22 2 16 3 16 4 12 6 21 7 18 8 19 9 23 11 13 14 20
6 0 12 2 18 3 15 7 19 9 12 10 15
3 3 22 7 24 8 12
6
3 2 0.0024000000000000002
7 9 0.0013000000000000002
0 8 0.0016
14 1 0.0024000000000000002
1 0 0.0024000000000000002
8 13 0.0013000000000000002
24
2 4 0.0018000000000000002 0.11356624904828547
12 8 0.0012000000000000001 0.12948915522312812
11 10 0.0012000000000000001 0.13103903931207506
13 6 0.002 0.14466252378191827
3 6 0.0015 0.1372480306501529
2 6 0.0014 0.14601159354397575
5 4 0.0013000000000000002 0.1155933250938912
0 4 0.0016 0.14915168459317554
12 10 0.0015 0.10391495919335988
2 6 0.0012000000000000001 0.10386687811174419
2 10 0.002 0.11596753437093943
13 8 0.0014 0.13664032094805512
2 5 0.002 0.11522219040592963
5 4 0.0013000000000000002 0.13097371008912606
7 5 0.0016 0.13356964681283334
7 9 0.0024000000000000002 0.10318467279382763
11 0 0.0013000000000000002 0.12499195961882528
2 13 0.0015 0.13253107052918447
13 1 0.0021000000000000003 0.1276664892599088
10 5 0.0019 0.14618820173719388
2 9 0.0012000000000000001 0.11291969411026924
7 14 0.0013000000000000002 0.1028197636849026
14 0 0.0012000000000000001 0.14684260265129556
5 3 0.002 0.11651214470656356
