15
5 2 14 6 24 9 12 13 18 14 21
13 0 23 2 21 3 18 4 15 5 22 6 18 7 12 8 16 9 21 11 21 12 16 13 17 14 23
12 0 23 3 20 4 21 5 23 6 17 7 16 8 22 9 19 10 15 11 16 12 22 14 22
12 0 22 1 18 4 17 5 21 6 17 8 18 9 21 10 21 11 21 12 12 13 15 14 24
3 1 13 3 20 9 13
2 1 20 9 13
9 1 13 2 20 3 19 4 24 7 23 9 15 11 16 13 19 14 13
8 3 12 5 14 9 19 10 24 11 16 12 17 13 20 14 18
9 0 15 1 12 3 17 5 12 6 12 7 23 12 19 13 22 14 13
3 2 21 12 12 14 12
8 0 17 2 18 4 12 5 18 7 21 8 18 12 20 13 17
7 0 16 1 12 2 21 4 12 5 12 6 21 13 13
6 1 23 3 17 5 14 6 24 8 16 9 23
11 0 16 1 18 2 20 3 24 4 12 5 23 8 13 9 23 11 22 12 20 14 13
12 1 23 2 13 3 16 4 13 6 21 7 15 8 13 9 21 10 22 11 17 12 21 13 21
6
10 4 0.0012000000000000001
11 8 0.0014
5 4 0.0022
1 12 0.0018000000000000002
1 4 0.0022
4 8 0.0015
24
3 4 0.0014 0.10996453459082009
1 8 0.002 0.1413463059168019
1 11 0.0021000000000000003 0.12215239121699828
6 5 0.0018000000000000002 0.11686658831617214
0 14 0.002 0.13596507767979754
3 13 0.0024000000000000002 0.1061072244305837
4 5 0.0013000000000000002 0.10651290941492411
10 5 0.0021000000000000003 0.12831972440694633
4 2 0.0023 0.10018253536670127
6 0 0.0013000000000000002 0.12321421793348403
14 11 0.0013000000000000002 0.12680828987718107
7 12 0.0012000000000000001 0.14647869990141477
3 11 0.0013000000000000002 0.1260470622224687
8 1 0.0014 0.10478093025006263
4 13 0.0024000000000000002 0.11550648064137933
0 13 0.0014 0.14131014565021102
0 11 0.0018000000000000002 0.11220999538367218
3 7 0.0017000000000000001 0.12203937012607226
6 9 0.0016 0.11013880274014666
11 0 0.0014 0.12575983198199892
12 0 0.0019 0.13884433885675715
1 9 0.0019 0.10798703139755442
2 7 0.0024000000000000002 0.12398777997072158
0 6 0.0018000000000000002 0.13235851046564923
