15
1 11 24
6 4 24 5 15 6 20 7 21 11 13 13 22
11 0 19 1 21 3 13 4 22 5 22 6 12 7 20 8 15 11 13 13 17 14 23
10 0 16 1 16 2 14 6 23 7 23 8 22 9 24 11 24 13 13 14 17
4 2 13 9 12 10 18 11 14
11 0 20 1 17 2 19 4 15 6 21 7 24 8 18 9 21 12 24 13 21 14 24
10 2 17 3 19 5 19 7 22 8 12 9 21 10 15 11 22 13 17 14 16
8 0 21 1 21 3 20 6 17 9 21 11 21 12 16 14 18
13 0 16 1 12 3 18 4 17 5 23 6 17 7 22 9 21 10 14 11 19 12 12 13 18 14 22
13 0 23 1 12 3 20 4 12 5 17 6 21 7 12 8 17 10 21 11 18 12 20 13 17 14 14
3 0 14 3 20 4 17
3 9 16 10 19 14 17
1 9 20
4 3 16 4 18 6 19 9 16
5 1 17 3 19 8 12 12 24 13 21
6
2 14 0.0014
5 11 0.0013000000000000002
10 3 0.0015
4 9 0.0014
7 9 0.0014
9 2 0.0012000000000000001
24
7 3 0.0023 0.12286551177699959
1 14 0.0024000000000000002 0.12328077214014485
11 1 0.0017000000000000001 0.1323527465431145
11 14 0.0018000000000000002 0.10747422140778683
11 5 0.0015 0.11051963645364851
3 10 0.0016 0.14193294985935806
13 9 0.0017000000000000001 0.10553527279426325
11 6 0.0022 0.1111266967834155
12 3 0.0017000000000000001 0.11549675418189241
5 8 0.0012000000000000001 0.10663838207329579
4 5 0.0015 0.11160058613163361
5 0 0.0017000000000000001 0.1483612610917058
13 1 0.0017000000000000001 0.13611516533884022
7 8 0.0012000000000000001 0.12510927478671338
9 0 0.0014 0.10956162804973765
7 12 0.0023 0.125470934602382
9 13 0.0016 0.13130994335148258
11 0 0.0016 0.13804412743806369
8 2 0.0022 0.14347818329461873
7 3 0.0016 0.1441812278390052
13 8 0.0018000000000000002 0.14648356953686287
4 10 0.0015 0.14031185582009748
4 3 0.0017000000000000001 0.14284361778280233
0 8 0.0021000000000000003 0.11143676912006342
