15
1 11 14
3 5 22 10 24 12 22
13 0 20 1 18 3 19 4 22 5 15 6 20 7 16 8 16 10 18 11 16 12 14 13 18 14 18
13 0 13 1 14 2 16 4 12 5 21 6 21 7 22 9 18 10 13 11 12 12 18 13 24 14 20
3 9 16 12 21 13 14
11 1 16 2 18 3 12 6 21 7 18 9 12 10 19 11 23 12 20 13 19 14 15
11 0 20 2 16 4 12 5 19 7 18 8 19 9 13 10 22 11 15 13 20 14 15
10 2 17 3 14 4 17 5 12 6 18 9 14 10 23 11 21 12 19 13 12
7 2 19 7 24 9 21 11 19 12 14 13 12 14 16
13 0 21 1 13 2 24 3 20 4 22 6 12 7 20 8 16 10 12 11 21 12 15 13 19 14 19
6 2 14 4 22 6 16 11 19 13 17 14 19
13 1 20 2 12 3 16 4 24 5 18 6 14 7 21 8 21 9 21 10 21 12 15 13 16 14 12
2 2 24 6 24
7 0 22 2 12 4 23 6 15 7 15 11 23 14 22
6 0 22 1 21 4 13 5 14 10 17 12 12
13
5 6 0.002
1 5 0.0019
6 0 0.0023
7 1 0.002
6 3 0.0014
5 12 0.0014
3 9 0.0021000000000000003
5 13 0.0021000000000000003
13 2 0.0021000000000000003
1 6 0.0023
6 1 0.002
4 2 0.0015
10 12 0.0012000000000000001
13
9 4 0.0022 0.11830826378000443
10 13 0.0017000000000000001 0.107638048651498
12 5 0.0023 0.147147994964488
3 0 0.0012000000000000001 0.14360041710922256
5 6 0.0013000000000000002 0.12547713442240882
2 5 0.0014 0.1046708300344383
4 2 0.0023 0.13601003975861012
8 12 0.0024000000000000002 0.10137721090255955
0 7 0.0022 0.11905536259177403
12 11 0.0019 0.117403932401206
10 9 0.0017000000000000001 0.14371738288024655
9 0 0.0021000000000000003 0.1002652002939956
0 10 0.0016 0.1162625779280578
