15
8 2 14 3 21 5 20 7 24 9 16 10 21 11 15 12 16
6 0 16 2 21 8 23 11 19 13 17 14 14
6 1 20 3 21 4 19 7 15 12 22 13 21
2 5 23 11 20
10 0 20 2 23 5 17 7 20 8 19 9 22 11 19 12 18 13 12 14 19
3 3 24 8 12 10 20
5 1 16 2 18 7 24 9 18 11 19
12 0 16 2 23 3 17 4 12 5 16 6 13 8 14 9 16 11 15 12 24 13 24 14 20
8 0 12 2 21 4 17 7 20 9 18 10 13 12 24 14 23
9 0 15 1 22 2 24 3 16 5 17 6 12 7 15 13 12 14 20
8 0 19 1 12 3 24 4 14 6 16 9 14 12 19 13 13
7 0 15 1 15 2 12 3 12 9 12 13 21 14 21
5 4 15 6 22 7 12 10 12 11 23
11 0 22 1 17 2 12 3 19 4 12 6 17 8 19 9 23 10 22 11 13 12 15
9 0 22 5 14 6 23 7 14 8 17 10 21 11 16 12 18 13 22
13
5 9 0.0018000000000000002
2 10 0.002
14 9 0.0018000000000000002
4 2 0.0018000000000000002
14 7 0.0017000000000000001
9 3 0.0013000000000000002
3 5 0.0016
3 4 0.0013000000000000002
11 2 0.0012000000000000001
4 1 0.0015
1 7 0.0019
13 0 0.0017000000000000001
9 3 0.0023
13
0 4 0.0021000000000000003 0.10776945969040913
2 11 0.0018000000000000002 0.10035202106658589
2 9 0.0021000000000000003 0.14559397800703028
1 11 0.0014 0.11572073101751831
7 11 0.0019 0.1432809002836794
2 5 0.002 0.12090684579967834
2 3 0.0013000000000000002 0.1109226953933899
5 7 0.0014 0.10115423250866418
9 5 0.0018000000000000002 0.12005529055767762
12 11 0.0017000000000000001 0.12795064662929342
8 13 0.002 0.12115845334591074
6 0 0.0017000000000000001 0.11799940507092958
12 9 0.0022 0.12194568714777247
