15
8 1 21 2 15 4 21 5 16 7 24 8 21 9 22 12 18
1 3 12
9 0 20 1 21 3 13 4 18 6 24 8 23 9 17 12 21 14 17
2 1 22 4 16
6 1 16 2 16 5 21 6 16 8 16 9 18
4 3 12 7 24 8 23 9 20
7 2 18 3 14 4 13 7 22 9 21 10 24 11 20
13 0 22 1 22 2 20 3 12 4 20 5 17 6 12 8 24 10 15 11 18 12 22 13 17 14 21
4 4 17 11 24 13 24 14 24
5 0 16 3 18 5 16 6 13 11 17
3 1 22 5 13 14 21
9 0 18 1 22 2 17 7 15 9 23 10 24 12 20 13 17 14 23
2 0 16 5 18
13 0 12 1 20 2 18 3 18 4 14 5 18 6 17 7 16 8 15 9 22 10 16 12 19 14 13
2 5 23 13 22
13
9 13 0.0015
8 3 0.0012000000000000001
1 6 0.0014
9 6 0.0024000000000000002
11 9 0.0014
12 9 0.0023
12 10 0.0013000000000000002
10 6 0.0022
13 3 0.0016
5 12 0.0017000000000000001
8 12 0.0017000000000000001
10 12 0.0012000000000000001
1 10 0.0022
13
0 10 0.0021000000000000003 0.1479736782138614
7 2 0.0013000000000000002 0.1382088075361662
2 11 0.0017000000000000001 0.14541763854058637
2 0 0.0015 0.11072811259324994
9 11 0.0013000000000000002 0.12629787686049912
13 0 0.002 0.1406222912370226
9 1 0.0019 0.1296012973051573
9 6 0.0019 0.10457256908850408
5 3 0.0019 0.14216854484316377
7 6 0.0015 0.10598734162869572
7 4 0.002 0.1179850159065726
7 8 0.0014 0.10211470764891623
8 6 0.0021000000000000003 0.10708177565526934
