15
4 1 24 3 21 10 17 11 15
1 2 15
9 0 23 1 19 3 19 4 13 6 23 7 15 8 18 11 24 12 12
7 0 16 1 14 2 19 7 16 8 19 11 22 12 22
4 2 20 5 12 8 20 11 17
2 7 16 8 21
4 3 17 5 21 8 21 11 24
1 6 22
9 0 24 2 14 3 20 4 19 5 16 10 15 11 18 12 22 14 21
12 0 14 1 23 3 17 4 19 5 18 6 17 7 15 8 15 10 14 11 15 13 17 14 20
4 0 22 1 16 8 21 12 20
2 4 13 12 17
2 0 19 1 13
13 0 15 1 23 2 16 3 15 4 19 5 14 6 16 8 23 9 23 10 15 11 18 12 21 14 14
12 0 12 1 24 2 12 3 19 4 23 6 13 7 13 8 13 9 13 11 12 12 19 13 22
13
0 5 0.0019
6 0 0.0013000000000000002
6 1 0.0018000000000000002
4 9 0.0024000000000000002
7 1 0.0023
9 7 0.0015
2 5 0.0014
9 10 0.0014
4 2 0.0012000000000000001
13 10 0.0012000000000000001
6 5 0.002
11 14 0.0016
3 12 0.0012000000000000001
13
0 3 0.0022 0.13750737385807638
1 0 0.0016 0.10299495170410211
0 5 0.0019 0.12773384893358444
13 10 0.0018000000000000002 0.12483671611584793
9 13 0.0023 0.13440339201372672
3 7 0.0012000000000000001 0.14150319065284067
13 7 0.0019 0.1014911188530819
13 14 0.002 0.13110533652657586
7 1 0.0021000000000000003 0.10443440694974473
3 7 0.0021000000000000003 0.13077680479133405
3 4 0.0013000000000000002 0.1380709776861695
4 14 0.0019 0.11640043980273895
11 5 0.0023 0.14697207937540716
