15
9 1 17 2 21 3 21 4 20 5 15 7 16 8 22 10 16 13 21
5 2 19 3 13 5 16 7 18 10 12
6 0 23 1 17 3 21 4 22 5 12 12 19
4 0 14 4 15 12 15 14 15
4 5 19 8 18 10 14 14 17
10 0 13 1 14 3 15 4 21 8 22 9 23 10 18 12 24 13 14 14 22
9 1 14 3 22 4 12 5 14 8 18 9 14 10 22 11 13 12 21
11 1 19 2 21 3 22 4 13 5 14 6 15 8 23 10 20 11 24 12 18 14 21
10 0 12 1 15 4 19 5 20 6 12 7 17 10 18 12 15 13 21 14 12
9 0 14 1 17 3 15 7 19 10 12 11 13 12 12 13 13 14 13
1 3 16
3 3 14 10 21 13 24
10 0 23 1 14 2 17 5 19 7 22 8 23 10 20 11 13 13 13 14 19
8 2 16 5 20 6 13 7 13 8 21 10 19 12 24 14 24
8 0 24 3 15 4 24 6 17 7 17 8 16 10 14 12 24
13
1 5 0.0019
12 6 0.0017000000000000001
8 0 0.0021000000000000003
1 2 0.0023
0 3 0.0015
13 10 0.0018000000000000002
12 13 0.0014
2 0 0.0019
13 3 0.0022
9 1 0.0012000000000000001
13 4 0.0022
4 12 0.0015
6 8 0.0022
13
7 0 0.0022 0.1348025209514034
13 14 0.0021000000000000003 0.13509918325864384
8 14 0.0023 0.10428247208367339
0 2 0.0022 0.11224877058023829
11 13 0.0012000000000000001 0.100791846080113
6 2 0.0014 0.13214646031722804
0 10 0.0021000000000000003 0.10961754397335648
6 11 0.0019 0.14513713371513076
11 1 0.0017000000000000001 0.10303653891028532
9 13 0.0024000000000000002 0.11237898353794995
12 5 0.0023 0.10378428107898013
11 8 0.0013000000000000002 0.1275182982121661
6 0 0.0014 0.13615644086232245
