15
11 2 18 3 20 4 18 6 14 8 13 9 20 10 16 11 21 12 23 13 20 14 24
3 10 15 11 14 13 14
2 12 23 14 20
5 0 12 6 21 10 19 11 22 14 14
8 1 13 2 23 5 23 6 12 9 24 10 15 11 12 13 15
11 2 23 3 22 4 21 6 17 7 21 9 24 10 13 11 18 12 18 13 23 14 18
13 0 17 1 15 2 12 3 16 4 19 5 15 7 23 8 16 9 22 10 19 12 15 13 24 14 20
7 1 24 2 21 5 23 8 24 11 22 12 18 13 17
13 1 13 2 13 3 12 4 22 5 16 6 12 7 20 9 17 10 22 11 15 12 12 13 12 14 19
2 6 18 8 23
8 0 14 2 21 3 22 6 21 7 20 8 21 12 24 13 19
11 0 19 1 19 2 18 3 21 4 18 5 17 6 14 7 12 8 22 9 22 10 24
6 1 19 2 22 5 13 10 12 11 20 13 19
11 1 21 2 22 3 19 4 16 5 21 6 15 7 17 10 20 11 24 12 13 14 21
12 0 19 1 23 2 24 3 17 5 15 6 16 7 14 8 15 10 17 11 16 12 18 13 21
13
4 8 0.0013000000000000002
12 6 0.0019
3 8 0.0015
11 1 0.0013000000000000002
0 10 0.0019
2 13 0.0015
7 14 0.0012000000000000001
12 13 0.0016
6 8 0.0014
13 7 0.002
11 5 0.0012000000000000001
14 3 0.0016
11 12 0.0016
13
12 7 0.0017000000000000001 0.11627388887338534
13 14 0.0024000000000000002 0.10158486534722705
9 12 0.0013000000000000002 0.13020921650103545
10 2 0.0012000000000000001 0.1276686932643198
12 5 0.0024000000000000002 0.10973042814125776
6 0 0.0013000000000000002 0.14320702774546823
11 6 0.0014 0.12735784977542328
3 2 0.002 0.11128556274852003
11 0 0.0012000000000000001 0.1336550007705663
1 2 0.002 0.1251832912243959
5 9 0.0015 0.13305757976177968
2 14 0.0014 0.13208878723100548
3 9 0.0015 0.13211530964455587
