15
10 1 19 2 15 3 18 4 22 6 13 7 23 8 14 11 24 12 17 14 17
13 0 18 2 24 3 24 5 21 6 20 7 23 8 15 9 22 10 23 11 19 12 20 13 23 14 14
7 0 17 1 20 3 20 5 19 8 17 11 16 12 16
1 13 19
5 0 13 2 20 3 14 10 22 12 12
6 1 14 3 19 7 17 9 15 10 22 13 19
11 2 14 3 23 4 19 5 16 7 13 8 19 10 17 11 20 12 12 13 24 14 21
8 0 18 2 15 5 16 6 12 8 12 12 23 13 21 14 24
10 0 14 1 15 2 24 5 19 7 17 9 20 10 13 11 24 13 13 14 14
5 3 18 6 20 8 23 10 12 13 18
4 1 16 5 13 12 18 13 24
11 0 23 1 19 2 17 3 22 4 20 5 14 7 13 9 15 12 18 13 16 14 21
12 0 23 2 19 3 22 4 13 5 15 6 18 7 14 8 21 9 17 11 15 13 23 14 18
9 0 17 3 12 6 13 7 21 8 20 9 19 11 16 12 15 14 21
6 0 23 1 19 3 20 5 17 8 12 9 18
13
10 8 0.0024000000000000002
6 14 0.0023
4 1 0.0022
3 10 0.0022
3 9 0.0012000000000000001
10 8 0.0018000000000000002
9 2 0.0024000000000000002
9 11 0.0017000000000000001
2 13 0.0013000000000000002
13 11 0.0022
12 1 0.0022
7 9 0.0015
13 8 0.0013000000000000002
13
8 12 0.002 0.1257768624061662
9 14 0.0013000000000000002 0.14088495436280568
14 6 0.0018000000000000002 0.1450679437862827
9 11 0.0016 0.1173250063698993
1 7 0.0016 0.12301670848221738
2 1 0.0024000000000000002 0.12911759157883176
9 10 0.0019 0.13723455137152363
10 13 0.0023 0.14699769513015784
11 9 0.0012000000000000001 0.14071109975428725
8 4 0.0018000000000000002 0.1173690734751715
11 4 0.0015 0.12008870990065203
11 14 0.0017000000000000001 0.1264097360981674
11 7 0.0023 0.14290997977676262
