15
6 1 18 3 22 4 12 5 14 7 16 9 15
7 0 24 4 18 5 13 7 16 11 17 12 17 14 14
10 0 12 3 21 4 23 6 20 7 19 8 21 9 20 10 14 11 20 13 22
2 7 17 10 20
2 5 12 10 17
2 6 22 11 19
9 0 18 2 22 3 23 5 22 7 13 8 18 10 14 13 21 14 18
10 0 22 2 20 4 14 5 21 6 15 8 16 9 15 11 24 12 21 14 23
8 0 13 2 16 3 20 4 15 7 19 10 23 11 12 14 20
9 4 15 5 23 6 15 7 18 10 13 11 24 12 21 13 17 14 21
7 1 15 2 19 4 18 5 18 6 13 13 13 14 19
4 0 18 3 18 4 18 7 19
12 0 23 1 20 2 17 3 23 4 17 5 16 6 17 7 12 9 15 10 13 11 20 13 21
10 0 24 2 18 5 16 6 12 7 22 8 24 9 16 10 19 11 16 12 12
11 1 21 2 20 3 13 4 14 5 16 6 19 7 19 8 18 9 18 12 19 13 15
13
14 9 0.0023
3 13 0.002
10 3 0.0013000000000000002
9 0 0.0015
12 3 0.0012000000000000001
8 7 0.0021000000000000003
0 8 0.0015
14 8 0.0017000000000000001
5 6 0.0016
9 12 0.0013000000000000002
6 2 0.0014
14 13 0.0023
8 1 0.0013000000000000002
13
9 10 0.0022 0.13650664733837792
0 1 0.0016 0.12022106633820354
8 3 0.0023 0.12598010775544308
10 3 0.0022 0.10475069064109575
6 3 0.0022 0.13223252752500775
13 11 0.0022 0.1268345645992263
10 7 0.0021000000000000003 0.12403092044853364
3 1 0.0024000000000000002 0.14106969306208858
12 1 0.0017000000000000001 0.11800231722956936
0 14 0.0023 0.13538587219359122
1 0 0.0013000000000000002 0.13015779082805126
13 0 0.0015 0.12254151107666904
9 7 0.0024000000000000002 0.10558035035917734
