15
13 1 22 2 12 3 23 5 19 6 23 7 23 8 20 9 16 10 12 11 24 12 23 13 23 14 12
12 0 18 2 22 3 16 4 17 6 18 7 23 8 17 9 14 10 22 11 18 13 21 14 17
6 4 12 5 12 6 21 8 18 9 15 14 22
8 0 14 1 15 4 23 5 19 6 13 9 16 11 14 12 19
4 0 24 8 20 9 16 11 17
6 3 17 6 19 9 20 11 24 12 13 14 14
9 0 17 1 22 2 22 3 16 5 20 10 12 11 16 13 18 14 24
7 1 19 2 22 4 20 6 20 10 14 11 12 13 15
2 4 19 10 15
2 0 14 6 19
8 1 17 2 12 5 18 6 15 7 15 9 14 12 20 14 17
9 0 21 1 18 3 14 4 14 5 17 6 17 7 20 10 18 14 20
10 0 17 1 24 2 13 3 16 5 19 6 14 7 17 8 14 10 17 11 16
1 3 19
12 0 20 1 15 2 23 3 22 5 17 6 21 7 21 9 23 10 14 11 24 12 15 13 12
13
9 7 0.0018000000000000002
9 5 0.0022
12 7 0.0021000000000000003
13 14 0.0024000000000000002
4 7 0.0023
2 10 0.0013000000000000002
11 8 0.002
0 6 0.0021000000000000003
0 1 0.0019
2 6 0.0012000000000000001
14 4 0.0023
14 6 0.0012000000000000001
14 8 0.0024000000000000002
13
6 14 0.0018000000000000002 0.1410963199418962
12 1 0.0013000000000000002 0.10932231285170652
8 3 0.0023 0.12147987109773542
9 4 0.0022 0.10194698794221621
14 12 0.0017000000000000001 0.1371520186485227
1 7 0.0017000000000000001 0.12002907046683642
10 3 0.0019 0.1476310927867243
9 8 0.0013000000000000002 0.10064057034197696
12 13 0.0017000000000000001 0.13431437781991054
10 14 0.0024000000000000002 0.11168366676294181
12 5 0.0019 0.1422206274031208
13 3 0.0014 0.14204740239273506
0 8 0.0019 0.11961954816869856
