15
8 1 22 2 14 3 17 5 20 8 14 9 14 10 23 12 23
6 0 12 2 13 3 19 5 20 6 16 7 22
7 1 18 6 17 7 24 8 22 9 20 10 17 11 17
9 0 15 1 17 4 22 5 19 7 24 8 16 10 13 13 18 14 24
8 1 20 2 24 3 21 6 16 8 23 9 19 10 14 14 15
2 3 19 4 18
7 1 17 3 19 4 14 7 12 10 14 12 22 14 22
7 0 16 3 22 4 21 6 15 8 18 12 20 14 19
7 0 23 1 22 3 23 5 14 9 23 10 21 14 17
3 0 16 6 14 13 23
12 0 21 1 18 2 22 3 15 5 16 6 12 7 15 8 13 9 15 12 18 13 16 14 17
3 1 21 4 17 5 17
13 0 17 1 21 2 15 3 21 4 14 5 18 6 24 7 12 8 13 9 19 10 20 13 23 14 14
4 0 14 9 23 10 20 14 13
5 5 15 6 22 7 24 8 12 11 22
13
13 6 0.0016
3 8 0.0021000000000000003
7 0 0.0015
5 4 0.0014
6 11 0.0021000000000000003
5 2 0.0018000000000000002
7 0 0.0013000000000000002
11 6 0.0016
5 9 0.0015
4 13 0.0013000000000000002
10 2 0.0015
12 4 0.0023
2 5 0.0017000000000000001
13
5 0 0.0023 0.10963562583693201
8 3 0.0014 0.13388099863507535
2 0 0.002 0.13154437570007593
5 6 0.0021000000000000003 0.11744696592196008
4 11 0.0013000000000000002 0.101388876596061
1 8 0.0014 0.1373490428622521
4 0 0.0023 0.14051692249837935
2 3 0.0013000000000000002 0.13612784150080565
4 2 0.0018000000000000002 0.1346154804290024
7 11 0.0012000000000000001 0.11698196744503071
3 2 0.0024000000000000002 0.12621364178428604
6 8 0.0017000000000000001 0.11438688131350827
2 10 0.0017000000000000001 0.10701681993618878
