15
4 4 20 7 12 9 19 14 13
1 4 24
6 1 24 7 18 8 22 12 13 13 18 14 13
13 0 19 1 24 2 23 4 24 5 18 6 18 7 24 8 21 10 12 11 22 12 23 13 20 14 16
3 0 19 7 13 13 23
9 0 17 1 13 2 13 3 15 4 18 6 19 7 22 8 13 12 12
8 2 23 5 23 7 22 8 12 9 21 12 15 13 24 14 15
4 0 19 1 24 5 15 12 15
8 1 24 2 22 4 23 6 20 9 16 10 18 13 23 14 14
13 0 17 2 19 3 17 4 14 5 19 6 20 7 19 8 12 10 18 11 16 12 16 13 13 14 15
8 0 16 2 12 3 16 4 20 7 20 9 13 12 15 13 22
13 0 23 1 16 2 12 3 23 4 12 5 13 6 19 7 20 8 13 9 24 10 20 12 12 13 20
3 7 19 10 15 11 21
13 0 18 1 22 3 15 4 16 5 23 6 12 7 14 8 20 9 24 10 14 11 16 12 12 14 18
9 0 13 2 14 3 17 5 13 8 22 9 23 10 19 12 18 13 13
13
12 6 0.0017000000000000001
1 0 0.0012000000000000001
13 5 0.002
1 10 0.0012000000000000001
5 8 0.0016
12 2 0.0017000000000000001
7 3 0.0016
11 12 0.002
12 9 0.0022
5 6 0.002
8 1 0.0016
10 6 0.002
14 10 0.0024000000000000002
13
7 1 0.0017000000000000001 0.10345289528126528
8 5 0.0018000000000000002 0.14642596578543898
5 10 0.0022 0.12137379052216782
2 9 0.0012000000000000001 0.11811441359187155
9 10 0.0016 0.10992399838082152
11 5 0.0016 0.11704037283671076
8 7 0.0021000000000000003 0.13749597307914985
0 3 0.0022 0.10540315743405129
13 6 0.0024000000000000002 0.10406083334873001
11 7 0.0024000000000000002 0.10317606297569251
7 6 0.0012000000000000001 0.12805520559426073
0 13 0.0022 0.13934519412202342
12 13 0.0019 0.10090205431727281
