15
4 1 22 2 24 6 23 7 18
9 0 18 2 18 3 13 7 23 8 18 10 16 12 17 13 20 14 19
3 6 22 9 17 14 19
4 4 17 8 21 9 23 13 19
11 1 22 2 15 3 13 5 15 6 12 7 13 8 12 10 20 11 14 12 16 14 20
5 1 24 2 12 3 18 7 18 9 24
3 0 21 1 16 11 19
2 11 15 12 13
8 0 16 1 13 2 19 4 13 6 24 9 23 10 17 12 15
3 8 23 11 18 12 15
1 14 15
5 4 21 5 22 7 19 12 13 14 18
5 1 21 2 18 9 23 10 15 14 16
7 1 15 5 12 6 12 8 16 9 19 10 15 14 12
11 0 13 1 18 2 24 4 13 5 21 6 17 7 14 9 14 10 18 12 20 13 20
13
12 8 0.0018000000000000002
14 11 0.0021000000000000003
7 13 0.0016
12 2 0.0018000000000000002
4 1 0.0013000000000000002
7 8 0.0015
10 1 0.0021000000000000003
3 7 0.0015
4 9 0.002
2 0 0.0019
6 0 0.0019
7 9 0.0023
5 1 0.0019
13
8 12 0.0018000000000000002 0.12372078660164228
2 1 0.0017000000000000001 0.14739583466604855
7 6 0.0017000000000000001 0.12675240014856445
6 2 0.0015 0.12304028205905629
7 11 0.0024000000000000002 0.12151183230732802
14 4 0.0022 0.1423211751955892
14 10 0.0023 0.13602439348653209
6 14 0.0021000000000000003 0.12722280831480487
0 10 0.0023 0.10109715879062177
2 7 0.0024000000000000002 0.11155420018473423
10 11 0.0016 0.13033662734101065
9 14 0.0015 0.11029891554267322
9 7 0.0017000000000000001 0.11572418099532222
