15
6 1 14 2 17 3 16 10 14 13 21 14 21
1 12 22
3 7 22 9 12 12 22
9 0 19 4 15 5 21 6 14 7 17 8 16 10 15 12 21 14 24
12 0 23 1 22 2 19 3 24 5 12 6 16 7 22 8 22 9 22 10 16 11 12 13 19
13 0 16 1 12 2 19 3 21 4 18 7 18 8 23 9 24 10 13 11 12 12 19 13 20 14 23
6 0 22 2 24 5 23 10 12 11 21 14 15
3 1 14 9 24 10 16
12 0 13 1 20 2 20 4 15 6 20 7 21 9 24 10 24 11 18 12 18 13 24 14 12
3 0 18 7 22 8 21
9 1 21 2 23 3 21 4 24 6 12 7 23 8 14 9 14 13 13
3 0 21 7 15 9 18
9 2 13 3 22 5 17 6 24 7 15 8 24 10 12 13 21 14 22
8 1 19 3 13 4 16 5 22 7 16 9 20 12 14 14 19
10 2 23 3 13 4 18 5 24 6 21 8 23 9 16 11 12 12 15 13 22
13
11 1 0.0015
14 12 0.002
2 11 0.0016
12 13 0.002
11 9 0.0016
12 9 0.0012000000000000001
6 3 0.0013000000000000002
9 5 0.0013000000000000002
5 13 0.0019
8 5 0.0013000000000000002
4 5 0.0014
11 8 0.0013000000000000002
1 3 0.0021000000000000003
13
9 1 0.0012000000000000001 0.12416899272935154
2 4 0.0022 0.14919223129761155
9 0 0.002 0.1462472981224401
5 4 0.0024000000000000002 0.11627578723550427
14 4 0.0017000000000000001 0.11189802905228212
3 7 0.0016 0.13825751260011546
2 8 0.0016 0.1490432987021318
6 13 0.0018000000000000002 0.12784227326261707
12 0 0.0021000000000000003 0.10588344971022055
12 5 0.0018000000000000002 0.12124317886265279
3 4 0.0021000000000000003 0.1488312204851668
1 10 0.0022 0.13085661149470085
5 9 0.0013000000000000002 0.13656719407242934
