15
5 3 20 7 13 9 21 11 16 12 18
4 2 24 5 15 11 23 14 12
3 0 12 10 15 11 12
8 1 22 5 13 7 14 8 22 9 20 12 17 13 14 14 20
8 7 20 8 22 9 20 10 18 11 20 12 17 13 19 14 18
5 0 18 2 14 12 18 13 13 14 24
7 3 13 5 24 8 20 9 24 12 14 13 23 14 17
10 0 14 1 18 2 16 4 17 5 20 6 17 9 17 12 18 13 18 14 20
12 0 12 1 21 2 19 3 22 4 16 5 12 7 18 9 20 11 14 12 18 13 14 14 14
8 0 24 1 17 3 23 5 14 6 17 7 15 10 18 11 24
2 3 24 6 14
8 3 21 5 16 7 22 9 18 10 14 12 17 13 17 14 19
1 14 19
4 6 22 7 24 12 19 14 24
13 0 14 1 15 2 22 3 14 4 13 5 15 7 16 8 22 9 13 10 13 11 17 12 14 13 15
13
5 1 0.0017000000000000001
3 8 0.0017000000000000001
3 1 0.0012000000000000001
5 13 0.0016
1 11 0.0019
11 8 0.0021000000000000003
11 9 0.0019
2 8 0.0021000000000000003
12 4 0.0012000000000000001
6 5 0.0014
14 6 0.0013000000000000002
9 11 0.0022
5 6 0.0014
13
0 2 0.0018000000000000002 0.13860555020983084
3 8 0.0014 0.1115602919974757
0 13 0.0014 0.1098811327359612
11 7 0.002 0.12884708524107283
11 1 0.0022 0.11635607177182372
13 4 0.0016 0.10652278657141262
10 12 0.0021000000000000003 0.12909967797552524
10 7 0.002 0.10285710071813617
5 10 0.0012000000000000001 0.10423938535606092
0 6 0.0021000000000000003 0.13006592566454997
6 12 0.0021000000000000003 0.14870497541502675
14 12 0.0021000000000000003 0.11631674166982874
0 5 0.0023 0.1467195101115264
