15
6 2 23 6 24 10 24 12 15 13 12 14 21
7 5 12 7 23 8 12 9 18 11 20 12 24 14 16
11 0 16 1 19 3 23 4 17 5 12 7 18 8 22 9 24 10 12 13 12 14 12
2 7 18 13 12
3 0 21 1 22 6 16
7 2 22 3 15 6 13 9 14 10 13 12 20 14 20
6 0 22 1 17 3 22 9 22 12 13 14 23
12 0 21 1 17 2 24 4 20 5 18 6 12 9 18 10 23 11 21 12 13 13 17 14 17
4 2 15 5 24 6 22 11 17
5 1 18 3 22 6 15 8 20 14 12
2 3 15 4 14
12 0 16 1 16 2 22 3 21 4 15 6 17 7 15 8 21 10 22 12 24 13 23 14 18
7 1 23 6 21 8 15 9 15 10 12 11 17 13 18
10 1 18 2 18 3 21 4 24 5 24 7 20 8 14 9 22 11 23 14 19
1 8 16
13
2 11 0.0023
3 13 0.0015
3 14 0.0021000000000000003
10 5 0.0019
13 14 0.0013000000000000002
4 1 0.0017000000000000001
10 9 0.0018000000000000002
9 14 0.0024000000000000002
3 0 0.0018000000000000002
8 5 0.0024000000000000002
6 11 0.0018000000000000002
2 5 0.0019
3 14 0.0017000000000000001
13
5 10 0.0019 0.12023530289142459
6 2 0.002 0.1372826772021855
10 3 0.0014 0.13567767238448636
12 7 0.0021000000000000003 0.14589943941175307
4 7 0.0017000000000000001 0.14699668282869705
12 2 0.002 0.10616902408696262
3 13 0.0023 0.10688664821125211
9 4 0.0022 0.1105363002677464
7 12 0.002 0.12768329890274976
9 4 0.0017000000000000001 0.13682629134536073
11 5 0.0023 0.14635427360161327
12 1 0.0023 0.13723354631984647
13 7 0.0012000000000000001 0.12731863671782795
