15
8 3 12 4 18 5 20 9 12 11 20 12 13 13 15 14 16
2 4 16 13 17
2 1 15 12 20
4 0 18 4 16 6 20 9 19
4 2 18 6 18 10 17 12 13
6 0 16 1 23 7 23 8 13 10 21 14 19
6 0 15 1 17 4 18 8 24 10 14 12 23
13 0 19 1 21 2 23 3 23 4 14 5 18 6 15 8 19 9 23 10 14 11 24 12 17 13 21
1 12 22
12 0 23 1 12 2 12 3 14 4 13 6 20 7 22 8 21 11 20 12 22 13 18 14 24
10 0 22 1 13 2 23 3 13 4 18 6 15 8 13 9 14 12 13 13 19
13 0 16 1 24 2 21 4 18 5 20 6 14 7 18 8 18 9 22 10 24 12 21 13 13 14 19
5 1 22 5 20 8 13 9 12 13 15
6 2 19 3 12 6 21 9 18 10 18 11 19
12 0 14 1 21 2 21 3 12 4 22 5 16 7 14 8 23 10 22 11 14 12 18 13 19
7
3 10 0.0021000000000000003
1 11 0.0024000000000000002
10 6 0.002
5 13 0.0023
6 0 0.0014
4 8 0.0013000000000000002
6 2 0.0019
21
9 8 0.0015 0.14000760498155512
9 3 0.0012000000000000001 0.11657121188819314
9 2 0.0016 0.1455756028895076
14 11 0.0015 0.1467194327835123
14 11 0.0012000000000000001 0.1450718266152612
4 10 0.0022 0.12686823976848077
4 0 0.0023 0.11310370219630385
6 4 0.0016 0.12029862793138447
1 7 0.002 0.12802785016915363
14 5 0.0021000000000000003 0.13733868995024834
11 6 0.0024000000000000002 0.14862859912864185
10 14 0.0022 0.14694459939023274
10 7 0.0024000000000000002 0.13741084019785785
12 2 0.0021000000000000003 0.13592449047135574
9 6 0.0024000000000000002 0.13378164477840795
4 0 0.0012000000000000001 0.1138435882426654
12 3 0.0022 0.1006279251406816
5 3 0.0012000000000000001 0.1051933849396035
8 10 0.0017000000000000001 0.132092028978302
13 8 0.002 0.10339167270648793
11 10 0.0012000000000000001 0.13007402823398873
