15
4 2 14 4 22 7 24 10 17
7 3 21 4 16 5 20 6 24 7 20 8 17 11 19
1 11 13
9 1 20 2 18 5 24 6 17 7 23 8 22 10 24 11 16 13 24
13 0 21 1 12 2 14 3 20 5 19 6 14 8 20 9 18 10 15 11 12 12 19 13 16 14 23
5 1 15 3 22 7 22 9 19 14 22
11 0 24 2 14 4 21 5 21 8 14 9 12 10 12 11 16 12 18 13 16 14 22
3 0 24 6 22 8 13
4 1 16 6 18 9 15 12 18
11 0 14 1 18 2 15 4 21 5 16 6 24 8 14 10 13 12 24 13 23 14 12
11 0 14 1 18 2 22 4 18 5 15 6 22 7 14 8 14 9 19 13 24 14 19
13 0 17 1 13 3 12 4 13 5 16 6 15 7 24 8 12 9 21 10 14 12 22 13 12 14 20
5 1 15 3 16 5 20 9 24 14 23
6 2 24 3 17 6 17 7 19 10 15 14 19
11 0 21 3 24 4 23 5 21 6 22 7 12 8 21 9 12 10 22 11 17 13 13
7
5 8 0.0021000000000000003
3 10 0.0021000000000000003
2 9 0.0017000000000000001
0 2 0.0015
6 12 0.0021000000000000003
2 6 0.0017000000000000001
12 6 0.0017000000000000001
21
5 3 0.0017000000000000001 0.12432204193840998
13 14 0.0018000000000000002 0.14078245194164943
5 8 0.0024000000000000002 0.10484832018320717
2 0 0.0014 0.11071134497996472
5 4 0.0012000000000000001 0.1038096621167192
4 10 0.0014 0.11903800277215065
4 12 0.0018000000000000002 0.11676288290041043
1 0 0.0024000000000000002 0.1465037847530154
9 4 0.0021000000000000003 0.11553203581777977
8 13 0.0021000000000000003 0.13510518122015314
8 12 0.0014 0.13352951613564515
13 4 0.0013000000000000002 0.1354972936017841
14 11 0.0014 0.10772563745458814
9 12 0.0022 0.13240144486417105
1 11 0.002 0.14864388840054532
12 2 0.0018000000000000002 0.13461130530910614
5 13 0.0016 0.14323394157683209
14 1 0.0016 0.11174906220202552
13 6 0.0024000000000000002 0.14554577396958118
0 7 0.0024000000000000002 0.10413120399754924
9 12 0.0024000000000000002 0.11968733592408375
