15
3 4 16 5 22 12 15
8 0 18 2 12 3 24 6 14 8 15 10 24 13 22 14 23
13 0 19 1 13 3 15 4 19 6 13 7 20 8 20 9 13 10 16 11 14 12 13 13 21 14 13
10 0 18 1 18 2 12 5 18 6 13 7 16 9 12 10 22 11 20 12 17
4 1 22 8 15 12 12 14 18
13 0 13 1 20 2 20 3 21 4 19 6 13 7 20 8 16 9 22 11 20 12 23 13 19 14 20
6 0 18 2 19 4 22 5 18 7 16 8 13
2 11 19 12 14
1 9 12
12 0 18 1 19 2 18 3 24 5 14 6 16 7 19 8 14 11 18 12 17 13 22 14 24
8 0 12 6 13 7 20 9 19 11 19 12 20 13 21 14 16
1 13 20
12 0 14 1 23 2 15 4 20 5 18 6 23 8 16 9 23 10 18 11 17 13 14 14 19
3 2 18 8 19 12 18
9 1 22 3 12 4 17 5 23 6 21 7 23 8 12 12 22 13 22
7
7 6 0.0018000000000000002
4 9 0.0016
6 14 0.0023
6 4 0.0018000000000000002
12 2 0.0017000000000000001
5 7 0.0016
1 10 0.0016
21
10 14 0.002 0.10175545066305175
2 8 0.0014 0.12504964809743813
6 10 0.0018000000000000002 0.14088789649439976
3 6 0.0014 0.11639360493496807
9 5 0.0013000000000000002 0.12321891783568
10 8 0.0015 0.12593606175772412
4 10 0.0017000000000000001 0.116291434205291
1 11 0.0024000000000000002 0.1040183292177283
11 0 0.0016 0.11347848734381286
14 9 0.0018000000000000002 0.11991982760155229
10 9 0.0018000000000000002 0.1303042140246345
1 0 0.0024000000000000002 0.1383199656155853
11 1 0.0012000000000000001 0.13775105128892653
13 10 0.0021000000000000003 0.13917538833265933
0 9 0.0018000000000000002 0.1112567708920286
4 1 0.0023 0.14481633594594245
9 13 0.0015 0.10456487161531078
0 7 0.0019 0.12440897622677248
8 9 0.0018000000000000002 0.113009644643956
12 3 0.002 0.1324290361698845
0 11 0.0016 0.14496357723700523
