15
5 1 19 3 19 9 18 12 13 13 12
2 2 19 9 20
9 0 17 3 15 4 17 5 12 9 21 10 19 12 24 13 14 14 17
1 5 14
7 0 21 1 15 3 20 7 16 9 22 11 23 14 16
11 0 17 2 20 3 19 6 16 7 21 9 22 10 19 11 18 12 16 13 16 14 15
2 4 23 9 14
6 0 18 1 17 3 17 8 19 11 12 12 15
12 0 23 1 24 3 19 4 19 5 18 6 14 7 24 9 22 10 12 11 13 12 19 14 18
13 0 19 2 17 3 12 4 12 5 21 6 12 7 20 8 20 10 18 11 17 12 22 13 20 14 21
4 5 21 11 13 12 16 14 23
12 0 22 1 17 2 16 3 13 4 18 5 18 6 16 7 18 8 15 9 16 10 23 13 22
5 1 18 3 17 7 18 13 24 14 21
3 0 18 1 14 11 24
2 8 17 11 12
7
9 8 0.0014
2 12 0.0019
10 9 0.0015
7 1 0.002
13 4 0.0022
7 12 0.0014
9 8 0.002
21
11 0 0.0013000000000000002 0.10513776398214529
5 3 0.0015 0.1449382896513785
0 3 0.0021000000000000003 0.11102967641659069
9 3 0.0021000000000000003 0.11002085814167849
10 8 0.0018000000000000002 0.1167265712076516
5 12 0.0021000000000000003 0.1064417139118957
13 9 0.0019 0.14164434449180735
6 0 0.0018000000000000002 0.11429755699225007
11 0 0.0024000000000000002 0.11469805514360656
7 5 0.0012000000000000001 0.1220535697128579
3 9 0.0016 0.13145401890940964
9 14 0.0017000000000000001 0.11541377758884022
2 5 0.0017000000000000001 0.12861401405822193
14 9 0.002 0.1160299877502148
14 9 0.0021000000000000003 0.14837250231416044
8 10 0.0014 0.12593551120333366
7 6 0.0019 0.10239293859635308
3 12 0.0017000000000000001 0.1221046117957342
0 10 0.0015 0.12969407993426185
1 10 0.0014 0.14621325473088143
9 4 0.0021000000000000003 0.13362956693638098
