15
2 3 13 6 16
4 0 15 6 15 13 13 14 13
10 0 13 4 21 5 16 6 23 9 23 10 13 11 24 12 20 13 16 14 24
2 6 21 14 24
1 7 24
8 1 12 2 20 3 13 4 23 6 14 8 14 11 13 14 23
10 0 24 1 12 2 17 3 18 4 14 5 17 7 22 8 22 10 18 13 12
3 2 24 5 17 14 21
11 1 15 2 22 3 23 4 18 6 20 7 23 9 18 10 24 11 12 13 14 14 13
8 1 18 5 18 6 24 7 18 10 17 11 16 12 18 14 12
5 0 12 2 12 7 18 9 12 13 14
4 1 15 2 13 4 13 8 22
8 0 21 1 20 3 15 4 14 5 16 10 23 13 18 14 24
1 11 22
8 0 13 1 18 2 13 4 14 8 14 10 13 12 18 13 20
7
13 2 0.002
5 8 0.0016
13 0 0.0016
13 1 0.0019
11 3 0.002
2 3 0.0022
10 11 0.0015
21
9 13 0.0014 0.11667947136340825
0 8 0.0017000000000000001 0.13196291038259006
6 1 0.0014 0.12761460829391533
2 9 0.0022 0.1270626273504372
10 6 0.0013000000000000002 0.12752991292239257
4 13 0.0012000000000000001 0.10310350942129366
13 10 0.0014 0.14826423887752782
5 13 0.0022 0.10393232134505388
6 13 0.0015 0.10195239160939323
1 12 0.0023 0.12156325830723683
8 11 0.0012000000000000001 0.10065427959393877
10 8 0.0023 0.10093243199177393
9 8 0.0019 0.143455254260553
2 10 0.002 0.1355009588904662
6 11 0.0014 0.1057964395548335
3 11 0.0015 0.12195904870674258
7 3 0.0015 0.1446541497061093
11 0 0.0012000000000000001 0.14919798880077498
6 8 0.0016 0.1432260410189734
13 10 0.0022 0.11558746928958705
0 4 0.002 0.12062285220550795
