15
1 3 16
8 0 15 2 20 4 17 5 23 7 15 8 16 10 21 12 12
2 1 14 14 15
8 0 24 1 14 6 15 7 24 8 22 10 24 12 17 13 23
9 1 13 2 12 3 13 5 20 7 20 9 15 11 13 12 13 14 12
11 0 16 1 16 2 16 6 15 7 24 8 16 9 21 10 22 11 23 13 13 14 17
2 1 18 9 24
8 0 23 1 24 4 13 9 24 10 22 12 16 13 20 14 14
3 6 12 12 23 13 12
8 3 16 4 15 5 12 6 12 7 23 10 23 12 12 13 21
1 7 15
3 0 21 6 19 14 22
5 1 13 3 17 5 21 13 12 14 24
11 1 18 3 12 4 20 6 21 7 14 8 12 9 20 10 24 11 14 12 19 14 24
1 13 17
7
0 4 0.0018000000000000002
9 5 0.0014
6 10 0.0021000000000000003
6 5 0.0023
10 9 0.0019
4 9 0.0012000000000000001
7 13 0.0014
21
13 3 0.002 0.12385468418959275
4 1 0.002 0.12790111820215339
5 3 0.002 0.11995377182627313
9 2 0.0021000000000000003 0.14927093838871522
1 5 0.0013000000000000002 0.13476791338659216
14 9 0.0014 0.1472668599966211
7 4 0.0014 0.12243820409505937
3 14 0.0017000000000000001 0.12091492409391152
4 2 0.0021000000000000003 0.11669094605069096
9 4 0.0014 0.12459536989312449
1 0 0.0021000000000000003 0.14644687045092158
7 6 0.0012000000000000001 0.104309119115259
6 9 0.0017000000000000001 0.11943320639636903
0 12 0.0016 0.11890544632352998
14 3 0.002 0.10337142891419865
8 0 0.0017000000000000001 0.10361445508815212
0 2 0.0012000000000000001 0.13351062577526385
9 6 0.0017000000000000001 0.10468275710249639
2 11 0.0015 0.10423509980020378
8 13 0.0017000000000000001 0.1322309735585729
8 12 0.0018000000000000002 0.12111128915525932
