15
1 12 17
12 0 20 2 23 4 18 6 18 7 23 8 21 9 16 10 12 11 21 12 17 13 16 14 18
11 0 13 1 23 3 16 4 15 5 24 6 23 7 20 9 24 10 12 12 14 14 14
6 0 17 1 23 4 15 6 24 11 23 14 19
10 1 22 2 18 3 12 5 16 8 23 9 23 11 24 12 22 13 18 14 20
2 4 20 7 17
8 0 18 3 22 4 17 5 16 8 16 9 13 13 13 14 13
6 2 19 4 21 5 24 6 18 9 19 12 17
7 0 22 1 14 4 18 5 14 6 24 9 24 13 15
1 12 18
13 0 16 1 18 2 17 3 23 4 19 5 22 6 13 7 14 8 22 9 13 12 17 13 15 14 18
12 0 23 1 14 2 22 4 17 5 24 6 18 7 17 8 24 10 15 12 24 13 18 14 23
4 2 15 3 19 9 15 11 23
2 3 12 14 12
3 5 17 6 17 9 13
7
4 14 0.0014
12 9 0.0024000000000000002
9 11 0.0015
7 10 0.0015
1 3 0.0023
9 3 0.0015
12 2 0.0019
21
7 3 0.0022 0.12149486664505271
5 10 0.0021000000000000003 0.11144003818256656
7 4 0.0017000000000000001 0.10059396908432802
5 2 0.0017000000000000001 0.11659227039931674
7 8 0.0013000000000000002 0.10277274113712694
8 4 0.0015 0.10359672812163537
6 1 0.0018000000000000002 0.10633311203379202
4 3 0.002 0.12543131387917653
13 5 0.0013000000000000002 0.1090931487732805
10 1 0.0015 0.13141811014855556
10 11 0.0024000000000000002 0.1070796142285669
13 10 0.0017000000000000001 0.13713764021508754
6 14 0.0019 0.1394411965438357
13 3 0.0018000000000000002 0.12724281488522618
7 4 0.0022 0.11431393329773415
14 1 0.0013000000000000002 0.1415352938415207
3 4 0.0017000000000000001 0.148063284390006
5 3 0.0013000000000000002 0.12892817884067517
6 2 0.0019 0.13346267991981087
14 5 0.002 0.12151561437912822
7 13 0.0019 0.1362912463801771
