15
11 2 21 3 21 4 18 5 21 6 12 7 15 8 14 9 24 11 17 13 15 14 23
11 2 24 3 23 4 22 5 16 7 14 8 13 9 24 10 20 11 20 12 18 14 17
12 0 14 1 13 5 24 6 22 7 19 8 14 9 20 10 17 11 12 12 21 13 22 14 24
4 2 17 5 16 7 23 10 24
6 1 19 2 14 9 19 11 17 13 20 14 17
1 11 13
8 2 19 3 22 4 13 5 24 7 23 9 15 10 16 11 15
5 2 22 3 13 5 12 9 23 10 22
8 0 19 3 20 4 21 5 19 6 14 12 22 13 19 14 23
3 5 13 6 23 10 13
3 8 14 9 15 13 16
10 0 13 2 24 3 19 4 18 6 20 8 18 9 19 10 20 13 20 14 17
8 0 24 1 12 2 20 4 21 7 18 10 18 11 18 14 19
1 5 18
1 10 14
7
9 8 0.0019
1 7 0.0012000000000000001
9 5 0.0016
14 6 0.0016
4 5 0.0023
6 2 0.0016
8 4 0.0016
21
1 9 0.0015 0.14336745409691884
10 14 0.0018000000000000002 0.11134811760223753
13 2 0.0017000000000000001 0.10798213319810501
2 0 0.0012000000000000001 0.12875502786913723
7 1 0.0014 0.11836000915819808
8 13 0.0015 0.13266301532841243
6 7 0.0021000000000000003 0.14396469457498623
11 0 0.0015 0.12608919397356516
1 4 0.002 0.14403135154210836
13 11 0.0013000000000000002 0.11735086245866397
1 3 0.0014 0.12803076495502977
10 7 0.0015 0.13220339351071153
11 7 0.0023 0.1206061010927424
8 5 0.0017000000000000001 0.11610344043258111
7 2 0.0023 0.10702908508898848
5 7 0.0015 0.10511437335317772
11 6 0.0012000000000000001 0.13240066365374464
6 12 0.0024000000000000002 0.11412266936407318
0 2 0.0018000000000000002 0.1226890136787779
4 3 0.0016 0.12406730555956524
6 0 0.0017000000000000001 0.13041281058776757
