15
7 1 24 3 14 4 15 7 14 8 17 9 17 13 18
4 4 14 5 14 8 21 14 17
11 0 16 1 18 4 14 5 15 6 19 7 23 8 21 9 18 11 16 12 22 14 17
7 1 20 2 21 4 22 7 19 8 21 9 20 14 24
2 2 13 5 16
9 1 20 2 23 3 21 4 13 6 14 8 22 9 15 10 12 13 12
8 0 22 1 24 3 21 5 12 7 14 8 12 11 17 14 20
6 1 19 2 19 3 19 11 20 13 22 14 20
6 0 17 3 12 4 20 5 15 7 12 10 15
6 1 16 3 15 5 15 6 12 7 16 10 23
13 0 24 1 21 3 14 4 19 5 18 6 13 7 20 8 17 9 16 11 19 12 18 13 24 14 17
4 1 16 5 19 10 22 14 14
4 2 17 8 12 9 19 13 14
12 0 12 1 17 2 19 3 24 4 19 6 13 7 20 8 13 10 24 11 22 12 16 14 24
11 0 12 1 15 2 21 3 16 4 14 6 24 7 22 8 20 9 14 11 20 13 21
7
8 0 0.0012000000000000001
11 14 0.0015
1 12 0.0016
0 9 0.0024000000000000002
12 7 0.0012000000000000001
2 5 0.0018000000000000002
11 13 0.0023
21
10 3 0.0018000000000000002 0.1353138203099412
12 4 0.0018000000000000002 0.14438711554739692
12 2 0.0019 0.12215582579283187
9 5 0.0024000000000000002 0.1127714001537914
1 12 0.0013000000000000002 0.13338744981358328
0 12 0.0012000000000000001 0.12661536382310026
7 5 0.002 0.14393563929989878
1 0 0.0017000000000000001 0.11442085846815606
1 13 0.0021000000000000003 0.12420016278414023
1 0 0.0014 0.1405733141481163
2 11 0.0017000000000000001 0.13745565316037156
1 2 0.0018000000000000002 0.10124906716533756
6 0 0.0022 0.10562013250978983
9 8 0.0018000000000000002 0.10424631363786196
14 0 0.0012000000000000001 0.12383197960626577
13 9 0.0017000000000000001 0.13494352384050565
3 5 0.0018000000000000002 0.13106629650282978
12 0 0.0012000000000000001 0.1155866828505151
13 0 0.0022 0.11280963694927525
5 0 0.002 0.13733150576724512
12 2 0.0015 0.1472718537983704
