15
7 5 13 6 21 7 20 9 15 11 23 13 18 14 14
7 2 23 3 24 7 22 8 22 9 21 10 17 11 16
5 4 19 6 17 8 21 12 22 13 13
10 1 14 2 15 5 14 6 14 9 22 10 18 11 20 12 18 13 22 14 16
5 0 20 2 24 8 23 12 15 13 19
7 0 23 1 12 2 19 7 16 9 20 10 13 11 16
10 0 15 1 17 3 24 4 21 5 13 7 22 9 16 11 22 12 14 13 17
1 14 18
6 0 17 5 22 7 16 9 15 10 18 11 23
4 1 14 4 23 11 15 14 20
5 0 15 2 17 3 21 7 22 9 23
8 1 16 3 19 4 18 6 22 7 22 8 16 10 15 13 16
6 0 21 2 22 5 16 8 21 11 16 13 24
3 5 18 10 24 11 14
8 0 19 1 23 2 13 4 22 5 20 7 17 9 17 12 22
7
2 7 0.0014
6 14 0.0019
10 1 0.0022
14 10 0.0024000000000000002
5 13 0.0017000000000000001
12 10 0.0015
0 3 0.0015
21
5 1 0.0012000000000000001 0.10922114629873117
3 5 0.0022 0.127775624402631
6 0 0.0017000000000000001 0.11819375989919924
7 1 0.0014 0.14082362298618192
6 10 0.0023 0.10960561495371962
0 4 0.0015 0.12718473163323135
1 2 0.002 0.11232154842329022
5 2 0.0012000000000000001 0.13643789532233266
3 11 0.0016 0.14376184171691733
6 5 0.0012000000000000001 0.11066608390464977
7 11 0.0014 0.12685029745403062
10 6 0.002 0.10070034646242818
5 13 0.0024000000000000002 0.10862494253295375
8 14 0.0023 0.14152417757203128
4 1 0.002 0.11928401912661786
4 10 0.0021000000000000003 0.13347366536297664
8 4 0.0018000000000000002 0.1468859313663985
2 8 0.0014 0.14830830220279353
3 12 0.002 0.14511279524428472
3 2 0.0023 0.12416887229307338
10 3 0.0014 0.13226639631634482
