15
7 3 19 6 14 7 22 8 19 12 18 13 18 14 23
10 0 17 2 24 3 20 4 21 5 15 7 21 11 21 12 24 13 22 14 20
7 3 13 4 23 7 18 9 14 10 12 11 16 13 18
3 4 20 5 18 6 20
3 7 22 12 19 14 15
5 0 16 2 17 3 15 6 13 7 17
13 0 24 1 24 2 12 3 23 4 12 5 19 7 14 8 18 9 16 10 23 11 22 12 18 13 13
3 4 23 6 23 11 14
5 0 22 3 20 7 20 10 16 11 16
13 0 24 1 16 2 12 3 15 4 13 6 12 7 13 8 24 10 18 11 18 12 13 13 23 14 13
5 1 22 4 14 12 24 13 17 14 19
9 0 23 2 23 3 22 5 14 6 21 7 12 8 15 13 17 14 24
10 0 24 1 17 2 20 3 23 4 12 5 19 8 13 9 21 13 12 14 19
9 0 12 1 24 3 22 6 23 9 17 10 16 11 16 12 20 14 20
2 6 23 10 20
7
1 4 0.0024000000000000002
11 2 0.0022
5 9 0.0024000000000000002
10 5 0.0018000000000000002
9 7 0.0023
13 11 0.002
6 13 0.0023
21
12 1 0.0017000000000000001 0.14235523510742287
5 10 0.0017000000000000001 0.10788870927090809
1 10 0.0023 0.12151083626721498
5 10 0.0024000000000000002 0.143364693685204
2 6 0.0022 0.14943720116402703
6 2 0.002 0.10855038467620379
14 3 0.0016 0.11975357078123505
4 11 0.0012000000000000001 0.12857440727242017
5 3 0.0012000000000000001 0.11244425918483672
10 7 0.0019 0.1086534333288462
4 1 0.0023 0.13360678821991698
13 14 0.0021000000000000003 0.12354210091141091
13 2 0.0021000000000000003 0.12374448951277589
8 1 0.0021000000000000003 0.12865759623722423
1 11 0.002 0.12665512791529823
5 4 0.0024000000000000002 0.10671346502467108
11 2 0.0013000000000000002 0.14623783531846443
10 13 0.0012000000000000001 0.14615821646811744
11 10 0.0017000000000000001 0.1483577385718008
11 8 0.0018000000000000002 0.1082714678596714
8 12 0.0012000000000000001 0.14424020098558238
