15
4 2 18 6 18 11 12 12 17
12 0 17 2 12 3 22 4 12 5 13 7 24 8 22 9 18 10 24 11 17 12 14 14 19
5 1 19 5 18 6 17 9 20 10 12
10 4 22 5 20 6 20 7 18 8 17 9 13 10 12 11 13 13 19 14 18
11 0 16 1 12 2 13 3 14 5 14 6 15 7 17 9 21 10 14 11 20 13 15
4 1 20 3 13 10 15 11 18
5 1 14 2 18 9 19 13 18 14 21
8 0 23 2 21 3 24 5 23 9 19 10 21 12 15 13 14
8 2 19 3 21 4 24 5 17 6 16 9 23 11 21 14 17
2 2 13 12 23
12 0 24 1 15 2 23 4 24 5 18 6 19 7 21 8 17 11 21 12 12 13 14 14 15
9 0 23 1 20 2 20 3 21 4 23 6 14 7 12 12 21 13 13
9 0 19 1 14 2 18 3 15 5 21 6 13 7 14 10 15 13 22
9 0 15 3 23 4 12 6 24 8 14 9 14 10 22 12 13 14 23
3 2 17 6 24 11 12
7
14 0 0.0021000000000000003
14 9 0.0015
5 14 0.0024000000000000002
8 7 0.0018000000000000002
10 14 0.0018000000000000002
7 14 0.0021000000000000003
5 9 0.0024000000000000002
21
9 12 0.0013000000000000002 0.11034138468297962
7 12 0.0018000000000000002 0.11318924133669664
8 13 0.0014 0.11764252465614444
12 6 0.0024000000000000002 0.14481651981250093
6 11 0.0024000000000000002 0.13695720225795083
3 11 0.0019 0.13632878278394944
14 2 0.0024000000000000002 0.11103817535310402
1 13 0.0013000000000000002 0.12058636045116464
8 5 0.0021000000000000003 0.11592842156456376
12 8 0.0019 0.10928774426273652
11 10 0.0014 0.12357126058587786
14 12 0.0021000000000000003 0.12490935184968795
10 6 0.0013000000000000002 0.10163708316272362
9 0 0.0022 0.12638564230980023
2 7 0.0023 0.1290493245670988
11 8 0.0023 0.10146112777616809
1 11 0.0015 0.10925304306699667
2 4 0.0022 0.14253809976696186
7 12 0.002 0.12808041839453052
0 2 0.0019 0.1390099647323483
13 4 0.0015 0.12782855634553722
