15
12 1 16 2 15 3 18 4 12 5 18 7 21 8 22 9 22 10 14 11 23 13 19 14 17
12 0 21 2 13 3 12 4 19 6 22 7 12 8 24 9 19 10 15 11 15 12 22 14 18
5 0 22 4 16 12 20 13 19 14 24
3 0 23 6 14 8 14
12 0 18 1 24 2 12 3 13 5 12 6 15 7 14 8 24 9 18 10 13 12 12 13 20
12 0 20 1 17 2 20 4 19 6 23 7 12 8 20 9 20 10 14 11 21 12 20 14 24
9 0 19 1 23 2 13 5 13 7 22 10 19 11 22 12 15 14 19
12 0 24 1 22 2 15 4 14 5 22 8 14 9 12 10 17 11 24 12 21 13 12 14 21
13 1 20 2 14 3 12 4 22 5 21 6 16 7 23 9 20 10 22 11 14 12 19 13 15 14 16
3 0 22 6 16 14 24
3 5 15 8 22 12 22
8 0 14 1 19 3 19 5 12 7 13 10 19 12 14 13 22
1 11 24
7 1 23 3 23 5 20 6 21 9 17 11 23 12 20
13 0 15 1 21 2 23 3 24 4 17 5 12 6 22 7 15 8 23 9 20 11 21 12 20 13 16
7
13 10 0.0024000000000000002
3 4 0.0021000000000000003
14 12 0.002
4 2 0.0022
9 0 0.0014
8 7 0.0016
5 13 0.0021000000000000003
21
8 1 0.0014 0.10618502732428699
1 5 0.002 0.14913699545596107
8 5 0.0022 0.11105833854345536
6 11 0.0021000000000000003 0.13666968918243913
4 8 0.0014 0.13475963444028485
4 3 0.0012000000000000001 0.1302696488876028
11 9 0.0015 0.14071311311230153
14 3 0.0018000000000000002 0.10566787668288888
14 4 0.0023 0.12594123791750694
3 1 0.0023 0.12926030872250982
4 12 0.0014 0.13964868989230694
1 7 0.002 0.12877155845104915
4 2 0.0013000000000000002 0.12004478883351757
4 0 0.002 0.10861611912180773
6 3 0.0014 0.14994726948552276
9 2 0.0023 0.13455905156085474
12 9 0.0023 0.11014842811660028
0 8 0.0023 0.11525768765140174
9 1 0.0024000000000000002 0.10438137577113499
8 5 0.0014 0.10390634668104573
3 10 0.0024000000000000002 0.12689300204324908
