6
13 8 9 19 7 12 16 
4 3 12 16 1 14 6 19 7 2 9 
3 12 16 1 14 
12 17 6 3 5 7 2 9 19 16 0 
8 9 19 7 12 16 1 14 6 3 5 0 11 18 10 
19 16 
24
8 9 11 6 10 12 15 18 
19 10 13 15 14 16 17 1 6 3 7 2 5 12 11 
12 15 18 14 16 0 3 1 2 5 7 
6 10 12 15 18 14 16 0 3 1 2 5 7 8 
17 1 6 3 7 2 5 12 11 9 19 10 13 15 14 
14 16 17 1 6 3 7 2 5 12 
0 3 1 2 5 7 8 9 11 6 10 12 15 18 
4 3 5 7 8 9 11 6 10 12 15 18 
9 11 6 
3 7 2 5 12 11 9 19 10 13 
6 3 5 4 
9 19 10 13 15 14 16 17 
16 0 3 1 2 
12 15 18 14 16 0 3 
7 2 5 12 11 9 19 
11 6 10 12 15 18 14 16 0 3 1 2 5 
14 16 17 1 6 3 7 2 5 12 11 9 19 
13 15 14 16 17 1 6 3 
16 0 3 1 2 5 7 8 9 11 
8 9 11 6 10 12 15 18 14 16 0 
14 16 0 3 1 2 5 7 8 
14 16 0 3 1 2 5 7 8 9 11 6 10 
8 9 19 10 13 15 14 16 17 
4 3 5 12 11 9 19 10 13 15 
