10
5 3 20 4 23 5 12 8 17 9 16
1 3 12
7 0 16 1 21 3 16 4 14 5 21 7 23 8 19
8 0 22 1 19 2 15 4 22 5 19 6 22 8 24 9 17
3 2 15 5 12 6 19
7 0 12 1 18 2 17 3 20 4 21 7 24 8 21
2 0 16 5 18
1 0 12
2 4 23 6 20
7 0 21 1 22 2 18 3 20 4 15 5 13 6 19
3
4 2 0.0014
2 9 0.0013000000000000002
8 5 0.0018000000000000002
6
5 8 0.0019 0.11655405773177073
1 4 0.0014 0.12661432566173142
0 3 0.0021000000000000003 0.12257325873690962
3 9 0.0023 0.11536981489832818
8 3 0.0014 0.1319909734821956
2 5 0.0016 0.10429636814485482
