10
6 1 19 3 14 4 14 6 24 7 17 8 21
2 3 12 5 24
2 4 15 7 13
2 0 12 7 17
5 2 13 3 15 6 21 8 20 9 21
7 1 18 2 18 3 24 6 20 7 16 8 12 9 18
8 0 19 1 17 2 22 3 13 5 24 7 21 8 18 9 21
2 4 16 5 19
2 1 14 3 22
5 2 24 3 23 5 16 6 15 8 15
3
3 7 0.0012000000000000001
9 4 0.002
0 9 0.002
6
7 2 0.0021000000000000003 0.14860753141722943
6 4 0.0012000000000000001 0.11469730599271438
7 6 0.0016 0.1476159145751188
8 3 0.0017000000000000001 0.14323257622776137
2 8 0.0024000000000000002 0.14972843214724008
0 3 0.0016 0.10559887683842586
