10
5 1 16 3 16 5 24 6 21 7 21
8 0 22 3 13 4 12 5 17 6 24 7 19 8 17 9 13
5 3 19 5 12 7 17 8 15 9 19
3 2 19 4 13 7 13
6 1 24 2 21 5 14 6 15 7 14 8 23
3 1 18 2 18 3 22
5 2 14 4 18 5 23 8 19 9 18
8 0 13 1 13 3 15 4 13 5 17 6 19 8 14 9 13
7 0 18 1 24 2 13 4 19 5 22 7 12 9 20
4 2 12 5 22 6 22 8 17
3
1 4 0.0023
0 7 0.0017000000000000001
9 6 0.0024000000000000002
6
4 5 0.0016 0.11349824517004779
5 4 0.002 0.14589876223864195
3 9 0.0012000000000000001 0.13239150390695242
9 6 0.0019 0.1058170276213762
5 4 0.0012000000000000001 0.11479144997761188
4 1 0.0019 0.11065973628723456
