10
4 1 17 3 24 5 21 9 17
5 0 21 3 19 5 23 7 12 8 14
8 1 20 3 21 4 12 5 14 6 21 7 18 8 24 9 15
3 2 15 4 18 7 13
6 1 23 5 15 6 18 7 22 8 22 9 24
5 0 21 1 20 4 21 6 17 7 19
3 2 23 7 22 9 14
6 2 16 3 17 4 17 5 23 6 17 8 24
8 0 19 1 24 2 15 3 23 4 17 5 17 7 23 9 23
6 0 19 2 16 4 20 6 22 7 19 8 17
3
5 0 0.0021000000000000003
3 0 0.0016
5 3 0.0021000000000000003
6
2 7 0.002 0.12114765304320858
0 7 0.0021000000000000003 0.10491949335540753
8 2 0.0019 0.12061057932416297
5 2 0.0018000000000000002 0.10995327619750489
2 7 0.0023 0.14627944454243355
3 9 0.0022 0.1120473903232543
