10
1 2 23
6 2 20 3 17 5 24 6 18 7 14 9 21
5 3 13 4 12 6 19 8 21 9 24
7 0 17 1 15 2 13 4 24 6 18 7 12 9 13
8 0 19 1 15 2 19 3 15 6 17 7 16 8 13 9 19
6 1 15 2 18 3 15 4 24 8 17 9 14
5 0 23 1 14 4 21 5 19 8 16
3 1 19 5 14 9 20
3 0 18 5 13 9 20
6 1 14 2 15 3 14 4 19 5 24 6 14
3
7 8 0.0019
6 5 0.0021000000000000003
1 6 0.0023
6
1 3 0.0018000000000000002 0.11637328645198733
8 2 0.0024000000000000002 0.11162210596229817
7 0 0.0015 0.14695188671218082
6 7 0.0012000000000000001 0.14244205938284388
7 2 0.0021000000000000003 0.14778761804883575
2 3 0.0015 0.1180462097019367
