10
2 1 16 2 13
1 7 24
7 0 18 1 12 3 19 6 22 7 19 8 13 9 15
1 2 14
7 1 18 2 24 3 13 5 12 6 17 7 21 8 18
2 3 23 7 18
8 0 14 2 12 3 22 4 19 5 24 7 15 8 17 9 20
3 1 22 2 24 5 18
1 2 12
8 0 24 1 19 2 20 3 12 4 17 5 14 6 21 7 24
3
9 0 0.0012000000000000001
7 6 0.0013000000000000002
9 0 0.0013000000000000002
6
2 6 0.0012000000000000001 0.13300029162467752
9 3 0.0015 0.13857016971519162
3 5 0.0015 0.11705955348714152
0 7 0.0012000000000000001 0.10331230142821549
8 6 0.0016 0.10078887407963469
2 1 0.0016 0.11901612901396123
