10
7 1 12 3 15 5 16 6 15 7 16 8 21 9 18
7 0 15 2 14 4 24 5 18 6 21 7 15 9 14
5 0 16 1 23 4 16 7 19 8 21
5 0 14 2 14 7 15 8 23 9 15
7 0 19 1 20 2 17 3 19 5 19 7 24 9 23
8 0 24 2 12 3 14 4 14 6 20 7 14 8 21 9 19
6 3 24 4 19 5 23 7 15 8 18 9 12
6 0 19 1 18 2 14 5 12 6 22 8 18
6 1 21 2 15 3 20 5 17 6 20 9 24
1 5 20
3
6 1 0.0022
8 5 0.0017000000000000001
2 9 0.0015
6
7 1 0.0015 0.11754701905230275
8 3 0.0014 0.12022880097801213
2 1 0.0019 0.11900206700563966
7 8 0.0014 0.14401502157607649
3 5 0.0024000000000000002 0.12949382919339777
0 3 0.0016 0.1426909048698321
