10
4 3 16 4 19 8 17 9 12
8 2 18 3 22 4 18 5 21 6 15 7 17 8 15 9 22
8 0 23 1 13 3 20 4 21 5 15 7 16 8 14 9 13
7 0 19 2 24 4 16 6 18 7 13 8 23 9 18
5 2 16 5 21 7 18 8 22 9 24
8 1 21 2 21 3 22 4 19 6 20 7 19 8 22 9 12
6 0 16 2 16 3 24 7 18 8 22 9 13
3 4 13 6 13 8 16
3 2 17 5 16 9 21
4 3 23 4 20 6 24 8 12
3
6 0 0.0016
4 0 0.0023
8 5 0.0019
6
5 2 0.0016 0.12315159428916775
8 4 0.0023 0.13064464371746914
5 1 0.0021000000000000003 0.13334136723794895
7 5 0.0013000000000000002 0.12617068832264422
8 4 0.0016 0.11389072276065261
4 0 0.0017000000000000001 0.14157701857215318
