10
2 4 19 9 18
3 2 15 4 15 7 18
6 0 19 1 21 4 13 6 24 7 21 8 14
4 1 22 4 24 5 13 9 12
7 0 18 2 12 5 14 6 23 7 15 8 14 9 20
5 1 17 2 18 6 16 7 15 8 14
3 1 13 3 19 7 14
5 0 20 1 19 4 19 6 15 8 22
8 0 14 2 21 3 14 4 12 5 12 6 23 7 23 9 18
6 0 19 1 19 4 14 5 18 6 18 8 16
3
9 3 0.0024000000000000002
8 7 0.0024000000000000002
2 9 0.0017000000000000001
6
2 0 0.0019 0.14539750309796995
0 7 0.0022 0.10888674057293309
7 8 0.0016 0.11801565332214575
7 3 0.0023 0.1249012081266188
3 2 0.0023 0.1303301591812758
2 0 0.0023 0.1291784727686064
