10
7 1 21 2 13 3 18 4 15 5 15 7 18 8 18
5 2 13 4 12 5 17 6 21 8 15
3 3 20 4 23 7 21
6 1 22 2 24 4 12 6 12 8 21 9 17
6 0 12 1 14 3 24 6 18 7 15 8 21
6 0 23 1 13 2 17 3 19 6 19 7 18
1 8 23
3 0 14 6 19 9 22
2 1 23 2 21
7 0 21 3 18 4 23 5 23 6 22 7 19 8 21
3
1 3 0.0024000000000000002
8 2 0.0016
3 4 0.0024000000000000002
6
3 2 0.0021000000000000003 0.1459091955040503
0 9 0.0021000000000000003 0.1493870199191184
0 3 0.0013000000000000002 0.10170642911712735
8 4 0.0015 0.14929361514656622
8 6 0.002 0.12426231393734088
9 8 0.0016 0.13003243905829287
