10
5 1 23 3 16 7 20 8 12 9 23
1 0 18
5 0 19 1 23 3 14 5 20 7 22
8 0 24 1 23 2 22 4 21 5 24 6 21 8 24 9 23
5 2 13 3 18 5 21 8 20 9 18
1 7 20
5 0 22 2 23 4 14 5 12 8 19
7 0 20 1 16 2 16 3 15 5 22 6 12 8 20
5 0 20 2 18 4 14 5 21 9 23
7 0 17 1 16 2 23 3 14 4 24 5 21 8 23
3
8 6 0.0021000000000000003
0 7 0.0013000000000000002
8 7 0.002
6
5 1 0.0016 0.1449292171589967
2 4 0.0022 0.14413864678632196
4 8 0.0013000000000000002 0.1416748792889832
3 6 0.0013000000000000002 0.13992298749893964
4 3 0.0018000000000000002 0.1434451632741179
5 3 0.002 0.11563390193909723
