10
2 2 20 3 16
8 0 22 2 12 3 21 4 14 5 22 7 19 8 19 9 20
1 6 17
8 1 23 2 23 4 16 5 21 6 18 7 20 8 12 9 24
3 1 12 8 20 9 20
7 0 14 1 15 3 19 4 17 7 19 8 14 9 16
4 0 18 3 12 4 15 9 19
5 2 16 4 23 5 12 6 22 9 22
4 0 19 3 13 4 15 6 12
2 3 15 4 20
3
8 4 0.0024000000000000002
1 9 0.0022
9 4 0.0019
6
2 5 0.0014 0.12470802641227445
6 8 0.0013000000000000002 0.11702285543915872
3 6 0.0015 0.12645303666094046
7 0 0.0024000000000000002 0.11318929220677344
5 7 0.002 0.10562022800534226
4 0 0.0014 0.12533732956445864
