10
8 2 19 3 21 4 13 5 14 6 16 7 19 8 14 9 19
3 0 20 2 19 4 16
1 5 17
2 5 24 7 20
5 0 19 2 23 5 19 7 24 9 20
5 0 23 1 22 2 18 4 12 9 14
7 0 16 1 18 3 19 4 17 5 18 8 23 9 24
6 2 22 3 16 4 19 5 13 8 16 9 16
6 0 16 1 20 3 22 4 24 6 19 9 19
6 2 13 3 17 5 22 6 12 7 24 8 12
3
8 0 0.002
4 5 0.0019
8 4 0.0023
6
2 1 0.0023 0.14791446650498474
9 8 0.0016 0.14045006879312083
0 8 0.0019 0.11763626991650472
0 9 0.002 0.1247583342006165
0 4 0.0023 0.10662900906147722
0 7 0.0012000000000000001 0.1317198610585098
