20
4 6 14 7 16 9 20 17 15
9 0 23 4 21 6 17 7 24 8 14 9 15 11 16 13 21 15 23
9 0 21 5 22 10 14 12 21 13 22 14 15 15 24 17 14 18 17
12 0 24 2 22 4 13 5 24 6 23 8 19 12 20 13 12 14 14 15 17 17 13 18 15
16 0 23 1 18 2 19 3 21 5 15 6 17 8 22 9 21 10 22 12 13 13 13 14 17 15 16 16 20 17 15 18 19
3 7 22 10 20 17 21
6 0 18 5 15 9 17 13 18 14 16 18 16
9 2 14 4 20 5 16 6 15 9 15 11 18 13 15 16 20 17 14
13 1 14 4 20 5 21 6 21 9 15 12 23 13 23 14 23 15 12 16 14 17 15 18 15 19 24
4 5 23 6 15 7 21 19 17
1 11 14
1 9 12
10 0 18 1 23 3 16 4 23 8 23 10 12 13 23 15 19 17 21 19 13
18 0 21 1 19 2 14 4 15 5 14 6 24 7 23 8 21 9 15 10 23 11 17 12 24 14 19 15 13 16 18 17 19 18 22 19 14
8 1 17 3 22 5 17 6 22 7 12 11 20 17 15 19 24
7 0 24 6 13 7 12 9 12 10 13 18 16 19 15
12 0 16 1 12 4 13 5 18 7 23 8 23 9 17 11 13 12 17 15 15 17 18 19 22
3 4 22 9 16 18 16
12 2 17 3 21 6 23 7 13 8 19 10 22 12 24 13 12 14 12 16 24 17 21 19 13
8 1 17 4 19 5 15 7 15 9 13 13 21 15 17 18 17
6
2 15 0.0014
13 3 0.0023
2 13 0.0015
9 12 0.0024000000000000002
16 10 0.0022
17 9 0.0014
12
11 4 0.0015 0.12951283500798316
3 12 0.0024000000000000002 0.11267234921916819
11 5 0.0019 0.10572950651666982
17 12 0.0017000000000000001 0.1253272403469496
11 12 0.002 0.10146678621767527
12 13 0.0024000000000000002 0.13708390236239515
4 11 0.0013000000000000002 0.11097575573763921
10 13 0.0024000000000000002 0.12243769781339035
4 2 0.0022 0.1329994328897171
3 14 0.0019 0.11400089956621337
4 13 0.0022 0.13105051732888856
18 0 0.0015 0.11754371628202505
