20
14 1 17 3 22 4 21 6 14 7 23 8 24 10 19 11 12 12 20 13 20 15 15 17 22 18 21 19 12
4 0 20 10 16 12 15 16 16
8 3 15 6 19 8 24 13 22 16 15 17 17 18 17 19 23
10 0 19 2 24 4 12 5 22 6 15 8 23 9 21 10 23 14 19 17 12
17 0 23 1 18 2 18 3 20 5 18 6 22 7 23 8 22 10 19 11 15 12 19 13 15 15 23 16 17 17 24 18 18 19 16
15 0 15 2 14 6 23 7 18 8 20 9 14 10 17 11 20 12 24 13 12 15 22 16 17 17 18 18 20 19 22
7 1 21 2 23 7 16 12 12 14 12 18 16 19 24
1 12 12
7 4 12 5 20 6 15 10 15 11 14 15 16 17 19
2 1 13 15 24
13 0 19 1 16 2 18 4 12 9 12 11 20 12 14 13 22 14 17 15 17 17 22 18 15 19 22
4 9 16 13 19 14 19 16 22
3 9 19 11 13 17 17
15 1 20 2 24 4 22 5 20 6 19 7 18 8 16 9 22 11 14 12 21 14 17 15 19 16 17 17 23 19 17
7 4 22 5 23 10 21 12 24 13 15 17 13 18 12
7 0 18 4 14 5 21 9 21 14 20 16 19 17 20
2 0 15 3 21
10 1 17 3 19 6 16 7 20 10 19 11 12 12 19 13 15 15 20 18 23
13 0 21 2 14 3 22 4 12 7 12 8 24 9 18 10 19 12 24 13 16 14 20 17 12 19 12
16 0 24 1 15 2 23 3 12 4 20 5 20 6 22 9 23 10 12 11 20 12 16 14 24 15 13 16 24 17 16 18 23
6
10 11 0.0016
18 4 0.0021000000000000003
5 3 0.0016
17 6 0.0013000000000000002
0 1 0.002
18 16 0.0024000000000000002
12
18 14 0.0024000000000000002 0.14503511007059625
1 15 0.0018000000000000002 0.10581382406486979
14 3 0.0023 0.11880572292817318
13 4 0.002 0.12144256293015368
4 16 0.0023 0.14184742844347706
7 8 0.0021000000000000003 0.1383864257716551
19 13 0.0018000000000000002 0.14532059574972736
17 0 0.0014 0.1395317455047617
0 13 0.0015 0.12840845983627486
10 2 0.0014 0.1240882731784229
0 5 0.0013000000000000002 0.14466401845680926
19 10 0.0022 0.13440791438340768
