20
1 10 24
1 6 12
2 8 17 16 16
2 8 24 19 22
10 0 16 3 24 8 24 9 18 10 14 12 20 14 14 15 14 17 15 18 19
11 0 20 2 12 3 13 4 24 7 14 8 22 9 23 11 13 15 13 17 21 18 15
17 0 14 1 24 3 18 4 17 5 14 8 18 9 24 10 17 11 17 12 21 13 15 14 18 15 21 16 22 17 16 18 20 19 14
14 0 17 1 18 2 20 3 18 4 12 6 21 9 23 12 15 14 19 15 24 16 13 17 14 18 16 19 12
10 0 15 1 24 2 19 4 12 5 21 7 16 11 13 12 16 13 16 19 24
16 2 13 3 21 4 21 5 18 6 16 7 19 8 12 10 23 11 23 12 17 13 12 14 22 15 15 17 23 18 18 19 14
11 0 17 3 23 4 24 5 24 6 23 8 14 9 23 12 19 13 19 15 20 19 21
2 0 21 14 17
4 0 22 3 23 4 17 13 21
7 3 15 5 18 6 16 7 24 9 12 14 18 18 24
5 1 21 5 16 7 17 8 13 9 15
7 2 12 4 15 5 16 6 23 8 14 13 15 14 22
17 0 22 1 19 2 23 3 19 5 12 6 21 7 13 8 20 9 22 10 14 11 14 12 16 13 18 14 20 15 21 18 20 19 12
8 4 14 7 22 9 22 10 12 12 22 13 24 14 17 16 23
10 0 16 3 23 6 17 7 20 10 17 11 23 14 24 15 20 16 13 17 13
12 0 23 1 12 2 21 4 15 6 12 7 18 11 17 12 19 13 15 16 13 17 14 18 20
6
1 16 0.0013000000000000002
19 10 0.0016
8 14 0.0012000000000000001
16 14 0.0017000000000000001
7 19 0.0012000000000000001
13 19 0.0015
12
17 1 0.0012000000000000001 0.10177199554552853
11 12 0.0018000000000000002 0.1069721684031683
7 6 0.002 0.14643822865025702
8 16 0.0016 0.10244792033217057
9 10 0.0016 0.13024999270866688
16 10 0.0015 0.1425762843591702
6 0 0.0014 0.14168922365573178
9 17 0.0015 0.10981840875466295
7 1 0.0019 0.12439855474916682
16 13 0.0023 0.14222257423437645
11 19 0.0018000000000000002 0.13511833408185447
8 10 0.0018000000000000002 0.13920025327566687
