20
10 1 17 3 14 6 15 7 22 9 20 10 23 11 24 13 22 14 12 18 18
1 4 13
4 6 15 10 20 11 15 16 21
3 1 13 6 19 19 19
9 0 15 1 17 3 14 5 21 7 22 10 22 11 17 12 24 18 16
4 9 16 12 23 14 21 15 12
12 0 12 2 12 3 22 5 18 7 18 11 15 12 13 13 20 14 22 15 21 17 13 19 21
16 1 16 2 19 3 19 4 16 5 17 6 19 9 15 10 12 11 13 12 22 13 22 14 12 16 22 17 24 18 13 19 21
16 0 13 1 13 2 18 3 21 4 21 5 18 6 18 9 16 10 13 11 17 13 13 14 22 15 24 17 16 18 19 19 14
3 10 23 15 19 17 21
9 0 21 1 14 2 14 3 20 7 13 9 17 14 19 15 17 18 23
16 0 14 1 14 3 18 4 15 5 22 6 17 7 12 9 18 10 16 12 12 13 19 14 18 15 15 16 12 17 23 19 21
5 1 17 3 24 4 23 8 24 9 13
15 1 20 2 23 3 19 4 17 5 12 8 18 10 19 11 21 12 20 14 22 15 13 16 22 17 14 18 23 19 22
10 0 21 2 13 3 18 5 20 6 24 11 15 15 16 16 20 18 17 19 24
5 13 23 14 24 17 13 18 13 19 15
8 1 12 4 24 5 24 7 16 10 15 11 23 12 12 14 19
12 0 18 1 22 3 21 4 23 5 12 6 15 9 13 10 18 11 13 13 15 15 16 19 23
13 0 23 2 23 3 23 4 14 6 21 7 13 8 15 11 24 12 14 13 19 15 15 16 21 19 23
8 1 19 3 24 6 17 9 19 11 20 13 17 16 18 18 14
6
16 7 0.0012000000000000001
14 13 0.0019
8 2 0.0023
8 6 0.0015
0 7 0.0012000000000000001
3 15 0.0022
12
13 16 0.0018000000000000002 0.11695131101985823
6 15 0.0014 0.14592460628850984
17 9 0.0024000000000000002 0.1414386514251923
6 16 0.0013000000000000002 0.1259692961142973
15 19 0.0017000000000000001 0.10164095098681462
18 5 0.0014 0.10399439833158843
4 11 0.0017000000000000001 0.14357658937554255
11 16 0.002 0.14401869943497544
12 10 0.0021000000000000003 0.1270588935955108
18 8 0.0018000000000000002 0.14481995997573222
18 3 0.0013000000000000002 0.10126037535256315
4 6 0.0016 0.14095935232684434
