20
11 1 19 2 13 4 23 8 16 9 22 12 18 13 16 14 14 15 16 16 18 19 22
7 0 18 4 14 5 18 6 13 7 18 14 21 18 22
10 0 15 3 13 4 16 6 22 9 22 10 21 11 19 12 24 14 18 19 12
8 2 17 6 18 7 18 9 16 12 12 14 19 16 12 19 23
18 0 16 1 23 2 19 3 23 5 13 6 17 7 22 8 14 9 16 10 12 11 13 13 16 14 13 15 13 16 20 17 16 18 13 19 24
14 0 21 1 17 2 13 3 14 4 18 6 15 7 22 9 20 12 20 13 12 14 23 15 20 16 20 17 18
3 0 12 1 15 10 19
6 0 20 2 16 5 14 10 22 15 13 16 16
8 0 18 1 22 5 16 11 12 12 20 15 18 16 15 18 15
18 0 21 2 12 3 13 4 15 5 17 6 18 7 12 8 22 10 23 11 24 12 13 13 18 14 24 15 17 16 17 17 24 18 22 19 12
11 1 24 2 15 3 14 5 14 8 16 11 13 15 12 16 22 17 15 18 17 19 12
1 6 21
9 0 14 2 19 3 15 4 17 7 22 8 24 9 17 15 23 19 16
3 0 13 2 24 14 20
16 0 17 2 22 3 18 4 12 6 14 7 17 8 21 9 19 10 17 11 12 12 19 13 23 15 14 17 17 18 21 19 21
13 0 20 1 23 2 14 3 22 5 21 6 20 8 18 10 16 11 22 13 24 16 21 17 14 19 17
8 8 22 10 18 11 13 12 20 15 12 17 12 18 24 19 23
2 8 13 9 22
2 0 17 10 21
7 3 23 4 14 11 13 12 13 13 13 15 23 17 22
6
17 0 0.0017000000000000001
18 11 0.0023
7 3 0.0015
4 15 0.0022
14 15 0.0017000000000000001
4 9 0.0021000000000000003
12
9 14 0.0014 0.1330707152366209
9 11 0.0021000000000000003 0.1243466399930577
11 17 0.0015 0.14295863427800104
3 16 0.0014 0.11383071824690695
8 14 0.0014 0.13883916908478094
13 10 0.0012000000000000001 0.14226803823860346
16 12 0.0022 0.10632942459142357
1 16 0.0023 0.12687707215605676
5 0 0.0022 0.12567683666499482
7 12 0.0015 0.13284792430288808
1 14 0.0013000000000000002 0.13875939108098595
8 14 0.0019 0.11726122537184423
