20
8 1 22 2 18 3 17 5 20 7 21 10 20 14 20 18 14
3 0 21 12 15 17 20
7 4 17 6 12 10 20 13 21 14 17 15 12 16 20
12 2 24 4 19 5 16 6 23 7 23 8 13 10 15 13 24 14 15 15 23 17 13 18 13
13 1 12 5 19 7 20 8 14 9 17 11 19 13 24 14 16 15 19 16 15 17 17 18 22 19 17
9 1 12 2 17 3 17 4 16 9 21 10 12 13 21 17 13 19 12
3 0 18 1 15 14 16
12 0 13 1 14 2 23 3 24 5 15 6 23 8 19 9 13 10 23 13 20 15 19 18 18
9 2 16 3 20 4 20 5 23 14 20 15 19 16 24 18 18 19 15
8 0 21 4 17 5 12 12 14 13 15 16 24 18 19 19 12
12 0 23 1 22 2 23 4 16 7 18 8 19 9 16 11 18 12 21 17 17 18 15 19 13
6 1 16 5 16 15 17 16 15 18 14 19 24
8 0 14 1 23 7 12 11 20 13 13 15 13 16 22 17 21
12 0 16 2 12 3 18 4 19 5 21 9 13 10 17 11 13 12 21 14 15 18 23 19 15
9 1 15 2 20 3 12 5 22 6 19 9 17 13 12 16 23 18 14
17 0 22 1 21 2 16 3 13 4 16 5 16 6 23 7 21 8 21 9 14 10 22 12 12 13 22 16 19 17 22 18 24 19 20
1 10 17
12 0 14 2 13 4 22 5 20 7 23 8 18 9 14 12 19 14 16 15 21 18 20 19 23
7 0 14 5 20 7 21 12 23 13 15 14 15 17 14
4 0 22 1 12 3 23 8 23
6
12 3 0.002
16 3 0.0021000000000000003
7 14 0.0015
12 6 0.0014
8 15 0.0015
5 13 0.0021000000000000003
12
5 12 0.0016 0.12957027833143975
7 15 0.0022 0.11135204730072924
19 7 0.002 0.13634222703859564
11 18 0.0013000000000000002 0.13053267301488347
2 16 0.0012000000000000001 0.14704488534383459
4 19 0.0022 0.12196711476956873
7 6 0.0021000000000000003 0.12574313939326953
6 8 0.0022 0.13240196351874337
5 3 0.0014 0.14418911504603665
11 8 0.0013000000000000002 0.1475787753974368
17 5 0.0019 0.13160403473978322
18 9 0.0023 0.1471619324522008
