20
6 6 22 9 24 13 22 14 19 16 12 18 15
3 6 15 12 24 19 14
5 6 17 8 19 9 13 16 19 18 21
12 0 21 1 15 2 19 5 14 8 12 10 20 11 14 13 12 16 19 17 21 18 12 19 21
11 0 16 2 13 5 12 6 13 8 12 10 17 11 17 14 12 15 21 17 17 18 20
1 13 12
8 2 21 5 15 8 16 9 15 10 18 14 20 15 13 17 12
2 2 13 18 16
5 0 15 2 16 3 12 4 24 19 13
9 0 15 1 23 4 23 7 19 10 23 11 14 12 12 15 19 18 22
13 0 12 2 14 3 18 4 16 5 18 6 23 8 20 9 12 12 15 13 19 14 21 15 13 16 15
16 0 14 1 23 2 22 3 17 5 24 6 20 8 14 9 15 10 17 12 23 13 24 14 12 15 22 16 24 18 14 19 18
2 8 20 15 20
9 2 12 3 23 5 23 7 20 8 24 9 14 10 20 15 23 17 20
1 9 20
4 8 15 17 16 18 19 19 20
8 2 23 6 13 8 19 9 19 12 20 13 14 17 14 18 19
5 3 24 10 24 11 18 13 22 15 24
8 0 18 2 16 4 19 7 22 8 24 12 14 14 21 15 18
9 0 14 2 21 3 24 4 21 5 14 9 17 14 18 16 12 18 14
6
16 17 0.002
8 12 0.0022
18 16 0.0019
4 7 0.0013000000000000002
3 17 0.0017000000000000001
17 5 0.0017000000000000001
12
2 14 0.0023 0.11169726989376826
1 12 0.0012000000000000001 0.10689594786342223
17 8 0.0018000000000000002 0.13840947842145382
8 11 0.0022 0.13347964215168934
2 11 0.002 0.1178309821100757
4 12 0.0018000000000000002 0.10093958936727648
18 11 0.0013000000000000002 0.14470942862898817
10 7 0.0015 0.1190139630344702
12 2 0.002 0.11922987383901264
1 5 0.0018000000000000002 0.13207834195305757
12 1 0.002 0.14976267739240404
17 8 0.0017000000000000001 0.1073967346192425
