20
14 2 22 4 13 5 14 6 24 7 15 8 14 9 18 10 21 12 24 13 21 14 20 16 15 17 21 19 16
11 5 24 6 12 7 19 8 17 9 18 12 14 13 18 14 23 15 13 18 17 19 16
5 6 12 8 23 15 17 16 16 18 18
3 0 18 8 23 9 19
13 1 13 2 13 3 14 5 24 8 18 10 14 11 13 12 24 13 13 14 16 15 19 17 12 18 22
3 4 24 16 23 17 18
7 0 12 2 13 3 12 5 15 7 16 11 20 12 14
3 4 17 10 14 18 23
7 1 16 2 16 3 20 13 21 14 21 16 22 18 15
9 0 20 1 19 6 12 10 20 12 16 13 15 15 13 16 14 18 19
4 1 22 12 14 14 22 15 17
10 0 24 1 14 3 20 8 24 12 13 13 24 14 23 15 16 16 14 17 17
15 0 23 1 24 2 24 3 17 4 24 5 15 6 22 9 19 10 24 11 21 13 19 14 16 16 12 17 16 18 24
1 3 23
13 0 24 1 23 3 13 4 14 7 12 8 20 9 17 10 22 12 24 13 23 16 14 17 15 18 23
13 1 18 2 15 5 18 6 12 7 12 8 13 11 18 12 17 13 13 14 20 17 14 18 16 19 21
7 1 16 3 13 5 21 7 21 8 24 15 12 19 17
15 0 21 2 23 3 17 4 21 5 18 6 19 7 16 8 21 9 16 11 15 12 21 14 13 15 15 18 15 19 20
13 2 13 5 13 6 22 7 19 8 14 10 18 11 16 12 12 13 20 14 19 15 17 17 23 19 14
6 3 22 5 21 7 20 8 18 9 23 12 15
6
5 17 0.002
15 2 0.0015
18 3 0.002
17 1 0.0021000000000000003
14 8 0.0014
7 11 0.002
12
0 9 0.0015 0.14877587462631195
2 13 0.0016 0.14343093106615504
9 15 0.0013000000000000002 0.10644729858477443
7 8 0.0012000000000000001 0.1406987294330665
18 17 0.0021000000000000003 0.14996475613581944
14 18 0.0024000000000000002 0.13677115428214773
14 17 0.0015 0.14776951576823036
5 17 0.0019 0.11687194750698104
0 2 0.0024000000000000002 0.11047473929444028
1 10 0.0016 0.14085603806552308
13 0 0.0019 0.12360816637467839
13 17 0.0017000000000000001 0.1270999722742233
