20
3 6 16 14 20 17 16
4 0 24 2 18 7 15 9 23
15 0 21 1 22 3 21 4 20 6 16 7 13 8 18 9 19 10 19 11 21 13 17 14 23 16 16 18 24 19 12
13 0 18 1 18 2 18 4 18 5 17 8 22 9 19 10 20 12 12 14 14 15 16 17 17 18 12
4 1 22 5 22 9 20 16 21
8 0 17 2 17 4 16 9 17 10 14 12 20 13 13 18 14
2 4 17 14 23
16 0 13 1 23 2 18 3 16 4 14 5 17 6 21 9 22 10 16 12 12 13 24 14 18 15 21 16 14 18 13 19 21
12 1 12 3 18 4 22 5 24 6 14 7 19 9 21 11 24 13 18 15 12 16 12 19 21
12 0 14 1 16 2 16 3 17 5 23 6 17 7 16 10 12 15 15 17 17 18 19 19 21
1 17 14
10 0 15 1 24 2 21 5 19 8 16 10 15 15 17 16 19 18 24 19 24
9 0 23 1 18 5 24 6 22 7 15 8 22 9 17 16 13 18 20
11 3 17 4 14 6 12 7 18 8 12 10 23 11 18 12 16 15 22 17 12 19 17
7 6 13 8 24 10 16 12 22 13 16 15 16 17 23
14 2 18 3 12 4 22 5 19 6 21 7 23 8 20 9 16 11 15 12 22 13 21 14 14 17 12 19 20
3 0 19 6 22 10 16
8 3 22 5 20 6 21 10 22 12 12 13 13 16 13 18 21
17 0 13 1 12 2 17 4 24 6 14 7 19 8 14 9 13 10 16 11 21 12 20 13 12 14 13 15 18 16 21 17 21 19 20
17 0 18 1 19 2 20 4 24 5 20 6 16 7 21 8 15 9 13 10 20 11 19 12 19 13 17 15 20 16 22 17 24 18 19
6
19 0 0.0022
15 7 0.0021000000000000003
2 3 0.0019
9 10 0.0021000000000000003
11 18 0.0016
8 18 0.0022
12
18 9 0.0012000000000000001 0.12696815604457437
1 3 0.0015 0.11972793109476354
0 7 0.0017000000000000001 0.10710003849838948
6 0 0.0018000000000000002 0.1279482514720161
18 14 0.002 0.12927288282731594
5 17 0.0016 0.11972072973133155
3 5 0.0023 0.12054988164458766
4 18 0.0024000000000000002 0.133648476002062
0 4 0.0022 0.10245475769996532
13 10 0.0013000000000000002 0.14562721785624383
15 18 0.0021000000000000003 0.14417774468540637
1 19 0.0012000000000000001 0.1150545684341949
