20
14 1 21 2 21 3 22 6 21 8 24 9 24 10 23 11 18 12 16 14 15 15 20 16 18 17 22 18 24
5 3 13 10 21 11 23 16 13 17 13
7 5 23 6 21 10 23 12 22 15 17 16 17 18 13
6 0 12 5 16 6 14 14 14 16 18 17 21
12 0 16 5 24 6 13 7 15 8 20 11 23 12 20 13 24 16 21 17 17 18 13 19 17
5 4 12 8 13 13 15 14 18 17 18
11 1 22 3 22 5 22 7 24 8 12 12 19 13 13 14 20 15 21 16 12 18 20
9 0 24 1 18 3 14 6 16 8 20 11 19 13 15 15 22 18 12
7 1 14 2 17 5 14 9 22 10 13 11 24 18 24
7 1 22 3 16 5 21 7 24 10 12 14 15 17 20
9 1 20 3 19 6 23 8 21 12 13 13 13 14 17 16 14 17 21
8 1 17 2 23 3 18 8 20 10 14 12 22 17 24 18 22
12 0 17 2 19 3 14 5 22 6 16 7 19 10 12 13 15 14 24 15 17 17 20 18 14
8 0 18 3 21 4 20 6 19 11 24 14 12 16 21 17 22
6 1 13 3 18 5 16 8 22 15 23 19 16
1 11 19
7 2 13 7 13 9 19 10 22 11 20 14 13 17 16
14 0 20 2 21 3 16 4 24 6 19 7 17 9 19 10 14 12 14 13 21 14 24 15 21 16 23 19 23
2 6 19 9 15
15 0 21 1 22 2 14 3 19 6 21 7 23 9 17 11 22 12 19 13 12 14 14 15 23 16 15 17 12 18 22
6
12 14 0.0021000000000000003
5 19 0.0013000000000000002
0 7 0.0017000000000000001
18 7 0.0015
1 15 0.0012000000000000001
12 16 0.0013000000000000002
12
10 9 0.0015 0.12434321033502099
5 18 0.002 0.13184723240036994
6 13 0.0012000000000000001 0.12267204869425967
9 6 0.0024000000000000002 0.13842727925991175
5 14 0.0014 0.10437378166806835
2 5 0.002 0.1089197823184602
6 17 0.0015 0.11131275484447854
9 12 0.002 0.14118849576983744
4 7 0.0014 0.13972433929984893
19 13 0.002 0.13911393020882912
6 17 0.0023 0.10885391143590797
3 2 0.002 0.1299266461791786
