20
18 1 17 2 14 3 12 4 23 5 14 6 21 7 23 9 14 10 18 11 19 12 16 13 12 14 20 15 18 16 15 17 15 18 21 19 21
6 2 15 3 17 5 23 11 16 13 15 16 13
2 6 19 7 22
10 1 24 5 20 7 17 9 17 10 12 12 24 13 20 14 13 17 13 19 23
15 0 23 1 14 2 20 3 14 5 17 6 15 7 23 8 14 10 20 11 16 12 12 15 14 16 18 17 13 19 14
18 0 17 1 19 2 14 3 16 4 17 6 19 7 12 8 18 9 16 10 19 11 14 12 23 13 22 14 23 16 12 17 19 18 21 19 20
3 0 20 5 22 15 23
9 3 21 4 22 5 20 8 21 10 21 12 18 16 13 18 24 19 18
13 0 17 2 24 3 17 5 20 7 24 10 18 11 22 12 15 13 18 16 24 17 12 18 19 19 13
2 6 17 18 16
1 4 23
1 2 17
9 2 23 4 23 6 13 7 15 8 20 10 13 16 21 17 19 19 22
11 1 13 5 14 6 17 7 20 8 14 9 23 10 20 11 24 14 16 17 24 19 13
10 0 23 4 20 5 22 6 22 7 12 9 20 12 22 15 23 16 23 17 19
13 0 18 1 23 2 22 3 17 4 22 5 21 8 12 9 15 11 23 12 13 13 15 18 14 19 16
4 1 16 4 24 11 23 17 20
17 0 12 1 24 2 15 3 17 4 24 5 16 6 13 7 14 8 15 9 21 10 17 11 23 12 16 13 14 16 24 18 15 19 15
11 3 19 5 17 7 17 9 24 11 24 12 15 14 18 15 18 16 18 17 16 19 12
10 0 16 2 17 3 18 4 24 7 18 9 23 14 13 15 17 17 22 18 15
6
8 0 0.0016
13 5 0.0012000000000000001
16 18 0.0023
10 13 0.0019
14 18 0.002
6 11 0.0021000000000000003
12
7 13 0.0022 0.10780764803408786
11 9 0.002 0.11924313544718561
0 9 0.0015 0.1484281449014353
10 0 0.0024000000000000002 0.14873807676359316
14 2 0.0012000000000000001 0.11575243838621717
6 3 0.0016 0.1376983105731505
9 13 0.0021000000000000003 0.13432297557611803
4 14 0.0019 0.12145478169763779
11 15 0.0013000000000000002 0.13790875749110257
11 0 0.0019 0.11162866931082853
5 15 0.0016 0.14441773002089742
8 13 0.0024000000000000002 0.1429215204486337
