20
18 1 21 2 21 3 23 4 18 5 13 6 17 7 14 8 21 10 16 11 17 12 23 13 22 14 22 15 20 16 18 17 21 18 24 19 14
17 0 15 2 22 3 19 4 16 5 14 6 18 7 15 9 12 10 19 12 21 13 18 14 19 15 17 16 24 17 15 18 12 19 16
8 4 22 6 21 7 20 9 18 10 21 12 12 15 21 16 18
18 0 18 1 14 2 21 4 23 5 14 6 13 7 18 8 12 9 12 10 14 11 17 13 15 14 21 15 17 16 17 17 15 18 18 19 21
18 1 19 2 17 3 18 5 19 6 20 7 16 8 20 9 13 10 13 11 12 12 13 13 13 14 21 15 16 16 21 17 24 18 22 19 16
3 11 19 13 18 19 19
10 2 21 7 13 11 22 12 18 14 23 15 22 16 21 17 16 18 17 19 17
1 11 21
6 0 22 6 24 11 12 14 17 15 16 17 20
6 2 23 3 22 4 20 13 24 15 17 16 13
2 4 12 19 16
11 0 16 2 23 6 23 7 24 12 13 13 24 14 18 15 21 17 23 18 23 19 12
3 6 21 17 14 18 18
10 0 19 2 21 3 18 5 24 7 23 9 13 12 23 15 15 18 16 19 21
9 2 18 3 23 4 13 5 20 7 23 9 15 10 17 15 14 16 23
1 5 24
7 0 16 8 21 9 24 12 23 13 15 17 19 18 22
18 0 15 1 18 2 17 3 16 4 18 5 18 6 15 7 16 8 23 9 16 10 13 12 21 13 15 14 24 15 21 16 16 18 19 19 20
12 0 22 1 23 2 14 3 13 4 14 5 12 6 19 7 22 8 17 11 16 12 24 19 19
15 0 12 1 22 2 16 3 20 4 12 5 17 6 21 8 15 9 21 10 22 12 12 13 15 14 16 15 19 16 19
6
4 6 0.0015
13 7 0.0023
13 2 0.0017000000000000001
2 7 0.0023
3 17 0.0018000000000000002
12 10 0.0024000000000000002
12
19 2 0.0015 0.11080079213945206
0 18 0.0024000000000000002 0.11222946455017284
10 11 0.002 0.10313313470875599
19 17 0.0021000000000000003 0.1322569841151433
6 1 0.0022 0.1283470820337484
13 15 0.0023 0.1453325104230636
11 18 0.0012000000000000001 0.10725414558222154
18 4 0.0017000000000000001 0.10302591344510638
19 3 0.0017000000000000001 0.10062301289065409
17 11 0.0015 0.12911248562787017
3 13 0.0017000000000000001 0.14308331597982754
10 6 0.0023 0.13709749922928777
