20
11 1 18 2 18 3 20 5 17 6 24 7 12 8 17 10 13 13 15 14 23 19 24
10 2 21 6 13 7 16 8 14 9 18 11 24 12 15 13 12 15 22 17 19
7 0 14 4 19 7 15 14 12 15 20 17 12 18 17
15 0 13 1 12 2 24 4 23 5 20 7 20 11 23 12 13 13 15 14 13 15 23 16 22 17 15 18 14 19 21
13 0 22 1 12 2 20 3 12 5 13 8 13 10 24 11 12 12 21 13 24 15 14 16 17 18 15
18 0 14 1 14 2 22 3 18 4 19 6 18 7 13 9 16 10 15 11 17 12 14 13 19 14 14 15 15 16 18 17 12 18 20 19 16
4 7 17 8 19 11 13 19 19
15 0 14 1 20 2 12 3 18 4 20 5 23 6 23 8 19 9 17 10 22 11 20 14 21 16 13 17 18 18 12
12 1 20 2 15 4 24 5 19 6 16 9 16 11 12 12 12 13 22 15 24 16 17 17 20
15 0 24 1 20 4 16 5 20 6 20 8 15 10 21 11 21 13 24 14 23 15 15 16 24 17 21 18 24 19 21
12 0 16 1 24 3 21 5 24 9 22 11 21 13 20 14 24 15 15 17 19 18 13 19 13
12 0 17 2 14 5 20 6 14 7 16 8 15 9 22 12 22 15 14 16 13 18 14 19 17
14 0 22 1 19 3 13 4 21 7 18 8 18 10 23 13 13 14 23 15 22 16 18 17 14 18 12 19 14
4 10 21 12 13 14 16 19 24
4 0 16 5 21 15 23 16 12
9 2 13 4 24 5 21 8 19 9 13 11 22 12 22 14 22 17 13
4 0 17 4 13 5 22 19 20
11 0 16 2 17 4 21 5 19 10 23 12 20 13 23 14 24 16 21 18 13 19 19
13 0 22 1 23 3 14 4 17 5 21 6 14 7 22 8 23 9 22 11 22 13 21 15 24 16 14
18 0 17 1 21 2 17 3 17 4 19 5 12 6 14 7 21 8 23 9 23 10 23 11 14 13 19 14 21 15 15 16 24 17 24 18 16
6
13 7 0.0016
0 9 0.0015
5 9 0.0021000000000000003
8 5 0.0014
6 17 0.0024000000000000002
16 14 0.0018000000000000002
12
8 6 0.0022 0.13465208041595983
11 1 0.0019 0.14742195395346344
1 7 0.0024000000000000002 0.13064965209762797
4 11 0.002 0.13847486671977438
1 2 0.0016 0.13727097735451296
6 4 0.0024000000000000002 0.12171733451213854
12 16 0.0012000000000000001 0.12449951425796384
7 9 0.0021000000000000003 0.10375076616225747
0 8 0.0022 0.10653073764354669
18 17 0.0017000000000000001 0.13329092620326738
5 9 0.0016 0.11889076291028684
12 15 0.0012000000000000001 0.13485010254011912
