20
2 15 15 17 14
3 5 20 8 18 12 24
17 0 19 1 22 3 18 4 18 5 22 6 19 8 19 9 20 10 21 12 21 13 17 14 12 15 15 16 23 17 12 18 19 19 12
10 0 24 1 12 2 22 4 18 5 12 6 13 12 17 14 12 15 21 16 24
10 0 12 1 13 5 19 11 14 12 22 13 16 14 18 15 15 16 19 17 14
13 0 22 1 23 2 18 3 23 6 21 7 13 10 24 11 19 12 18 13 12 14 14 17 18 19 22
9 0 17 5 24 7 18 8 22 15 15 16 18 17 15 18 24 19 14
9 1 23 2 16 5 12 8 16 9 15 10 15 13 21 18 19 19 13
6 1 12 2 13 4 14 14 18 18 13 19 15
18 1 21 2 16 3 15 4 18 5 20 6 19 7 14 8 13 10 12 11 14 12 13 13 13 14 22 15 18 16 21 17 21 18 20 19 21
4 5 23 7 21 11 23 18 17
17 0 13 2 23 3 15 4 16 5 12 6 22 7 20 8 18 9 19 10 12 12 19 13 14 14 15 15 20 16 19 18 13 19 18
3 5 16 8 22 19 14
7 0 19 1 20 3 12 7 14 12 16 15 12 17 13
7 0 12 1 18 2 14 3 23 4 12 11 21 12 22
5 1 14 5 23 10 18 13 16 17 16
4 11 15 13 13 14 21 18 15
11 0 12 3 16 6 19 7 12 8 16 9 12 11 12 12 23 13 12 14 14 16 16
18 0 19 1 23 2 16 3 13 4 24 6 17 7 17 8 13 9 19 10 16 11 18 12 18 13 15 14 19 15 15 16 21 17 24 19 19
11 0 18 1 12 3 24 7 19 8 14 9 13 11 21 12 16 13 21 15 20 18 17
6
13 1 0.0021000000000000003
7 18 0.0021000000000000003
19 17 0.0019
17 16 0.0018000000000000002
11 0 0.002
9 6 0.0019
12
8 2 0.0022 0.11744112884170878
17 19 0.0018000000000000002 0.11767694110196225
7 11 0.0021000000000000003 0.12005180424263172
19 13 0.0018000000000000002 0.1462159187257694
16 11 0.0019 0.13740482290375047
3 7 0.0018000000000000002 0.1383375293204545
13 17 0.0014 0.11780269155486003
0 17 0.0019 0.1270057175154888
6 19 0.0018000000000000002 0.11411092880492146
4 19 0.0017000000000000001 0.13783956409005016
6 16 0.0015 0.12064649122796464
15 17 0.0012000000000000001 0.1361187530999335
