20
7 2 19 9 17 10 13 11 24 13 22 17 22 19 13
16 0 23 3 12 4 23 5 12 6 21 7 21 8 17 9 21 11 20 12 13 13 13 14 23 15 19 16 23 17 18 18 21
17 0 18 1 19 3 23 4 16 5 22 6 23 8 19 9 22 10 22 11 23 12 15 13 23 14 15 15 13 16 15 17 23 19 14
1 7 17
6 0 16 1 15 10 16 11 19 13 23 16 15
3 8 20 9 16 14 18
1 9 13
7 3 21 4 18 6 17 10 17 16 21 17 18 18 17
15 0 15 1 23 2 14 3 14 4 17 6 14 7 14 11 19 12 20 13 24 14 14 15 17 17 14 18 20 19 16
8 0 24 3 20 4 21 7 22 12 12 15 22 17 17 18 18
8 0 13 1 23 2 20 4 21 5 17 6 16 9 23 16 23
12 4 20 6 13 7 16 9 21 10 16 13 24 14 24 15 23 16 20 17 19 18 18 19 23
7 2 15 4 17 6 22 8 24 11 13 15 18 17 13
11 0 19 2 22 3 17 4 14 5 21 9 14 10 16 11 21 12 23 15 18 16 16
15 1 23 3 19 4 18 5 15 6 18 7 18 8 19 9 22 10 12 11 13 12 12 13 14 15 17 16 14 19 14
18 0 16 1 13 2 19 3 14 4 21 5 21 6 15 7 20 8 13 9 12 10 15 11 17 12 19 13 17 14 22 16 22 18 16 19 19
3 3 24 4 20 8 20
11 0 21 1 14 3 24 5 20 6 22 8 15 9 24 13 20 16 14 18 24 19 18
3 3 24 5 14 7 19
6 3 20 8 23 10 14 11 23 13 14 18 24
6
17 0 0.0013000000000000002
12 4 0.0016
3 13 0.0023
8 18 0.0022
17 18 0.0022
11 5 0.002
12
16 17 0.0018000000000000002 0.14865692340317874
18 14 0.0013000000000000002 0.14962118393552104
7 1 0.0016 0.12121495979441091
14 3 0.0017000000000000001 0.1425239437946522
13 6 0.0016 0.12875202919804427
4 19 0.0023 0.14086652989330345
19 12 0.0022 0.10138823298716583
10 8 0.0012000000000000001 0.12885214998509598
19 5 0.0016 0.12969697227543717
13 9 0.0021000000000000003 0.12469359388663807
17 18 0.0022 0.14020028907588114
6 17 0.0015 0.14470592510040042
