20
11 4 15 5 22 6 16 7 20 9 20 10 21 11 12 13 19 17 22 18 21 19 19
6 2 18 9 12 12 20 13 13 16 14 18 17
1 7 23
5 2 20 5 22 13 16 14 12 16 18
14 0 17 1 13 3 12 5 23 7 12 8 19 9 18 10 23 11 17 13 20 15 19 16 13 18 23 19 17
2 1 16 6 13
14 0 15 1 21 2 18 3 16 4 24 5 14 7 12 8 24 11 20 12 18 13 23 17 21 18 21 19 14
10 0 12 2 20 5 17 8 18 10 21 11 24 13 15 15 20 18 14 19 19
14 2 17 3 19 5 24 6 15 9 20 11 20 12 12 13 19 14 14 15 18 16 24 17 23 18 24 19 21
2 0 15 8 19
1 2 23
18 0 18 1 16 2 23 3 12 4 19 5 19 7 19 8 22 9 13 10 14 12 21 13 14 14 20 15 15 16 19 17 19 18 17 19 13
5 0 16 2 13 7 24 17 23 18 16
13 0 17 1 21 2 13 3 19 4 18 6 20 7 18 8 24 9 24 12 19 14 19 15 19 16 17
7 0 20 1 23 4 15 5 20 8 12 15 22 18 19
5 0 21 7 19 10 19 18 20 19 18
6 1 23 5 19 8 16 9 12 11 13 14 14
8 1 18 9 24 11 23 12 14 13 12 14 17 18 24 19 20
6 0 20 1 18 7 12 9 18 10 16 14 19
12 1 24 3 23 4 15 5 18 6 12 7 18 9 19 12 12 13 16 15 21 17 14 18 19
6
7 4 0.0016
13 3 0.0014
19 11 0.0024000000000000002
2 11 0.0022
16 17 0.002
2 10 0.0022
12
5 4 0.002 0.13502303415276315
18 1 0.0014 0.14624337661036127
15 11 0.0016 0.11428029272556743
15 0 0.0021000000000000003 0.14357942210129926
3 14 0.0017000000000000001 0.13043334862358558
2 5 0.0019 0.11435085118357849
15 14 0.0014 0.13632532166450126
6 0 0.0012000000000000001 0.11833465717114913
2 7 0.0012000000000000001 0.11916664431352797
17 14 0.002 0.1346018198265797
9 3 0.0017000000000000001 0.1085990253006298
16 13 0.0016 0.12563160356153033
