20
12 4 22 5 17 6 21 7 24 9 17 10 23 11 13 13 13 15 22 16 21 18 24 19 12
8 3 13 6 21 8 15 10 23 13 14 15 21 18 18 19 17
14 0 22 4 22 5 17 6 18 7 14 8 15 10 13 11 24 12 23 13 17 14 17 15 12 17 12 19 14
14 0 22 1 23 2 12 4 17 5 21 7 17 8 18 9 17 10 15 12 12 15 23 16 16 18 21 19 23
18 0 21 1 13 2 15 3 17 5 15 6 23 7 12 8 14 9 18 10 22 11 24 12 20 13 16 14 19 15 17 17 15 18 15 19 16
12 0 21 6 19 7 19 9 14 10 20 11 18 13 19 14 22 15 19 16 18 18 21 19 17
8 1 15 3 17 8 17 9 13 12 15 14 13 17 17 18 23
7 1 15 8 23 12 12 13 14 14 20 17 15 18 13
3 10 17 11 21 13 14
9 1 24 3 18 4 21 7 24 10 16 12 24 15 24 17 17 19 15
14 1 14 2 18 3 22 4 20 5 20 7 20 8 14 9 13 11 22 14 19 16 20 17 19 18 24 19 12
15 1 12 2 22 3 21 4 24 6 12 7 13 9 12 10 21 12 19 13 20 15 13 16 19 17 22 18 18 19 16
18 0 23 1 15 2 18 3 20 4 16 5 15 6 20 7 19 8 16 9 13 10 22 11 24 13 17 14 17 15 15 16 23 17 12 18 24
17 0 23 1 19 2 21 4 15 5 14 7 23 8 13 9 21 10 17 11 13 12 13 14 13 15 20 16 16 17 19 18 17 19 18
1 12 21
14 0 24 1 20 2 21 3 13 4 13 5 18 7 16 8 16 10 21 11 14 13 14 14 22 18 21 19 14
2 1 21 10 22
10 0 24 2 18 3 15 5 13 7 24 9 19 10 13 11 17 12 12 14 13
3 3 24 4 21 19 24
17 0 18 1 22 2 22 3 15 4 23 5 15 6 16 7 21 8 22 9 16 10 18 11 18 12 20 13 13 15 12 16 21 17 23
6
8 15 0.0019
14 8 0.0022
1 14 0.0014
5 2 0.0023
0 8 0.0018000000000000002
16 15 0.0016
12
16 10 0.0014 0.14243125013225255
16 18 0.0024000000000000002 0.1015473980485488
2 9 0.0016 0.13396200036577413
5 0 0.0017000000000000001 0.10089638863359078
0 2 0.0013000000000000002 0.12757573800661362
19 18 0.0023 0.10821423140639541
9 4 0.0017000000000000001 0.12223332429647471
10 4 0.0021000000000000003 0.14478674529068086
9 14 0.0016 0.1082888235640683
2 7 0.0012000000000000001 0.14161757867768962
15 0 0.0024000000000000002 0.14518165870411687
8 4 0.0014 0.1334583452095315
