15
10 1 14 2 18 3 20 4 18 5 14 6 18 7 20 10 20 12 13 14 15
3 5 21 6 15 14 21
12 0 17 1 13 3 21 4 17 5 23 6 13 7 17 8 18 9 21 10 18 11 21 12 13
4 4 18 5 15 6 12 10 24
9 0 14 1 16 2 24 6 24 8 23 9 20 12 15 13 18 14 23
13 0 21 1 14 2 15 3 22 4 15 6 17 7 23 8 13 9 16 10 14 11 24 12 14 14 13
11 0 20 1 22 3 18 5 19 8 13 9 20 10 19 11 23 12 14 13 13 14 15
9 0 19 1 12 4 22 5 20 6 18 9 15 10 17 11 23 14 23
2 6 24 13 17
4 1 18 5 14 6 22 12 20
10 0 16 1 22 2 22 4 24 5 17 6 22 8 14 11 15 13 17 14 18
13 0 15 1 20 2 14 3 18 4 15 5 14 7 12 8 17 9 18 10 22 12 22 13 24 14 14
10 1 14 2 19 4 24 6 13 7 17 8 13 9 24 10 16 11 20 13 19
12 0 15 1 19 2 19 3 21 4 17 6 13 7 16 9 12 10 21 11 16 12 13 14 16
13 0 22 1 23 2 18 3 21 4 24 5 14 6 16 7 18 8 20 9 21 10 17 11 22 13 21
9
13 4 0.0022
4 8 0.0023
2 12 0.0013000000000000002
14 8 0.0018000000000000002
3 13 0.0015
12 0 0.0018000000000000002
4 0 0.0013000000000000002
12 1 0.0012000000000000001
12 4 0.0021000000000000003
9
4 14 0.0012000000000000001 0.12137660870753932
14 3 0.0018000000000000002 0.12075389141939767
9 3 0.0023 0.14511888777557153
8 9 0.0019 0.1206847652047078
3 8 0.0012000000000000001 0.12691681053050038
9 11 0.002 0.11739954482839746
0 14 0.002 0.12328830566792447
9 4 0.0014 0.13748139626981254
3 14 0.0014 0.12344696884425387
