15
5 1 12 8 19 11 24 12 15 14 17
2 0 23 10 19
4 4 16 12 19 13 21 14 16
10 0 22 2 21 6 12 7 15 8 18 9 17 10 21 11 16 13 16 14 13
10 0 19 2 15 3 22 5 15 6 21 8 18 9 17 11 22 12 15 14 22
13 0 16 1 18 2 17 3 18 4 23 7 15 8 18 9 21 10 19 11 23 12 20 13 14 14 18
2 1 14 12 21
8 0 15 1 12 2 17 3 20 5 22 6 23 8 13 10 16
5 6 20 9 23 12 18 13 19 14 22
4 1 15 6 14 10 17 11 15
5 0 18 3 12 6 21 8 18 11 20
11 0 17 1 18 2 15 3 15 5 12 6 15 7 14 8 14 9 19 10 15 12 16
2 4 24 8 17
2 11 14 14 17
5 0 18 2 21 3 22 7 22 10 16
9
3 12 0.0021000000000000003
2 12 0.0018000000000000002
9 5 0.0016
13 9 0.0016
11 13 0.0017000000000000001
5 13 0.0023
13 5 0.0013000000000000002
9 2 0.0022
7 13 0.0014
9
5 7 0.0015 0.10301612057366
14 9 0.0017000000000000001 0.10015874747775755
1 7 0.0013000000000000002 0.112092355949211
1 8 0.0012000000000000001 0.11320127234037268
13 7 0.0012000000000000001 0.12114511782807
12 11 0.0017000000000000001 0.13580981438968603
14 9 0.0018000000000000002 0.12165719283720115
11 10 0.0014 0.10966886826248058
2 10 0.0019 0.12857554699984752
