15
5 1 20 4 16 8 20 9 24 10 22
7 3 22 4 12 5 12 7 21 10 21 11 18 13 13
2 1 15 14 17
13 0 23 1 14 4 19 5 19 6 13 7 18 8 18 9 16 10 23 11 19 12 14 13 23 14 23
7 0 21 3 12 7 16 9 24 11 12 12 18 13 17
9 0 23 2 15 3 24 6 18 9 22 10 13 11 20 13 12 14 19
11 0 14 2 24 3 20 4 23 7 15 8 12 9 14 11 19 12 23 13 19 14 24
5 0 18 1 24 2 24 5 13 6 14
2 5 16 14 13
4 0 16 1 14 2 21 14 17
8 2 22 3 15 5 18 6 20 8 18 12 24 13 13 14 20
5 3 14 5 12 6 15 9 23 12 17
5 1 12 3 22 7 17 8 21 10 23
5 2 17 3 22 6 16 7 14 12 18
11 0 16 1 13 2 21 3 18 4 15 5 17 6 13 8 24 10 15 11 23 13 20
9
12 4 0.0024000000000000002
2 8 0.0021000000000000003
1 3 0.0013000000000000002
2 11 0.0016
9 1 0.0012000000000000001
13 10 0.0014
14 12 0.0012000000000000001
12 2 0.0016
0 6 0.0018000000000000002
9
8 0 0.0014 0.1150772375043394
12 6 0.0016 0.1010366622776759
2 6 0.0024000000000000002 0.14888404749909312
8 6 0.0022 0.1255166305739391
11 3 0.0023 0.11079895909962087
2 11 0.0015 0.13723770118861123
8 12 0.002 0.11090952959120252
7 12 0.0013000000000000002 0.13835384945599455
0 6 0.0023 0.124481161081375
