15
8 1 19 2 23 6 21 7 21 8 17 9 20 11 21 13 13
4 4 20 7 24 10 15 13 14
9 0 13 1 22 4 22 5 12 6 23 8 13 10 12 11 23 13 17
4 4 14 11 21 12 22 13 18
6 2 14 7 17 9 16 11 15 13 12 14 18
2 7 20 9 15
13 0 24 1 17 2 20 3 14 5 23 7 23 8 12 9 19 10 24 11 16 12 17 13 15 14 14
5 5 24 10 12 11 13 12 19 14 18
11 0 19 1 13 2 16 3 14 4 19 6 22 7 19 9 20 11 21 13 22 14 12
8 0 12 3 20 4 23 6 22 7 16 8 21 11 24 13 15
5 2 24 3 18 6 24 7 17 14 18
6 2 22 6 20 7 17 8 24 10 23 12 15
2 8 24 11 24
9 0 20 3 19 4 12 6 13 8 16 9 24 11 15 12 21 14 17
7 3 20 4 16 6 24 8 20 9 19 11 19 12 12
9
1 14 0.002
11 12 0.0022
4 9 0.0017000000000000001
9 14 0.0019
7 8 0.0023
12 6 0.0023
8 13 0.0018000000000000002
5 2 0.0016
2 7 0.0022
9
3 0 0.0018000000000000002 0.12033083721801477
14 8 0.0024000000000000002 0.11938243537397401
10 14 0.002 0.11589906744568236
1 8 0.0017000000000000001 0.13051821122482654
0 10 0.0014 0.14054838977635484
11 1 0.0013000000000000002 0.13643100646280273
13 2 0.0012000000000000001 0.10410725338927745
6 4 0.002 0.13464520807565336
11 2 0.0021000000000000003 0.11772011136536602
