15
12 1 22 2 23 5 18 6 21 7 18 8 19 9 14 10 19 11 19 12 15 13 19 14 20
4 3 17 4 18 8 12 10 18
3 6 21 10 17 14 24
1 12 21
5 0 17 2 16 8 14 11 15 13 19
2 1 18 2 20
2 4 18 5 17
9 0 17 1 14 3 20 6 22 9 20 10 24 12 14 13 16 14 14
6 0 18 1 23 2 20 5 16 10 14 14 20
9 1 23 2 15 3 24 5 20 6 24 8 13 10 16 12 13 13 18
13 0 17 1 21 2 15 3 21 5 13 6 15 7 12 8 22 9 23 11 17 12 15 13 14 14 21
11 1 18 2 20 4 15 5 21 6 22 7 17 9 16 10 15 12 18 13 20 14 18
9 0 17 2 19 4 18 5 16 6 20 7 17 9 16 10 13 13 22
9 0 20 2 17 5 19 6 12 7 15 8 20 9 19 11 14 12 20
7 2 21 3 18 4 21 7 13 9 19 11 23 13 14
9
2 3 0.0024000000000000002
0 3 0.0012000000000000001
2 13 0.0024000000000000002
7 8 0.0022
1 13 0.0018000000000000002
2 11 0.0016
0 10 0.0024000000000000002
9 10 0.0014
14 13 0.0012000000000000001
9
0 10 0.0012000000000000001 0.13210963748029292
2 1 0.0013000000000000002 0.13930915792443926
9 3 0.0019 0.1362369611508738
7 14 0.0018000000000000002 0.1419931437974837
14 5 0.0018000000000000002 0.14432539191029942
5 13 0.0017000000000000001 0.12547186946276828
2 8 0.0021000000000000003 0.13259785130742485
9 6 0.0018000000000000002 0.10268176791675421
10 3 0.0014 0.11473069365591161
