15
2 2 24 7 19
1 10 12
7 0 21 4 16 6 13 7 23 8 12 10 20 14 19
2 7 16 10 17
1 12 13
1 3 15
8 2 19 3 13 4 21 5 22 8 21 9 17 11 24 12 21
1 5 16
10 0 20 1 12 2 22 3 20 6 14 7 15 9 23 11 18 13 24 14 21
8 0 21 5 16 6 18 7 12 10 15 11 22 13 18 14 13
6 1 17 3 23 5 16 8 13 9 19 11 17
4 2 23 4 16 5 12 10 24
7 0 19 3 22 4 12 6 20 7 21 9 17 13 15
10 0 19 1 17 2 21 3 23 4 22 6 14 8 19 11 20 12 23 14 15
10 0 15 3 16 5 24 6 23 7 24 8 14 9 18 10 15 12 22 13 16
9
12 11 0.0015
3 8 0.0016
0 14 0.0018000000000000002
13 9 0.0016
9 7 0.0022
13 0 0.0015
10 7 0.0024000000000000002
13 4 0.0015
3 13 0.0012000000000000001
9
8 2 0.002 0.14549859197116036
12 2 0.0013000000000000002 0.10652457913143056
7 2 0.0023 0.12909881358516864
4 6 0.0014 0.14577178396181034
7 9 0.0012000000000000001 0.10673298506901706
11 0 0.0015 0.1385574048257679
9 3 0.0016 0.14157450663789523
3 9 0.0024000000000000002 0.113449543524084
13 10 0.0015 0.10480188717292792
