15
3 1 22 9 24 14 23
9 0 13 2 19 6 17 7 16 8 20 11 24 12 20 13 19 14 13
9 0 20 3 23 4 19 5 22 6 13 8 18 9 24 11 12 14 13
8 0 13 2 15 7 19 8 20 9 21 10 14 12 16 14 12
11 0 24 1 22 2 13 3 21 5 13 6 23 7 18 11 16 12 15 13 23 14 16
4 0 13 3 23 10 22 13 18
13 0 20 1 18 3 21 4 16 5 18 7 22 8 21 9 16 10 20 11 17 12 19 13 14 14 18
5 3 14 4 19 9 24 11 19 13 19
2 3 15 11 17
13 0 23 1 13 2 16 3 15 4 12 6 22 7 16 8 15 10 18 11 17 12 23 13 13 14 14
6 0 14 1 17 3 18 4 15 7 16 8 12
11 2 24 3 22 4 13 5 13 6 13 7 13 9 18 10 23 12 24 13 15 14 16
9 1 21 2 14 3 18 4 13 6 22 8 23 9 15 11 21 14 18
12 0 21 1 20 2 23 3 23 4 20 5 17 6 24 7 16 9 23 10 21 12 16 14 20
2 8 22 13 24
9
7 13 0.0017000000000000001
1 9 0.002
3 10 0.0019
9 4 0.0023
6 9 0.0024000000000000002
2 4 0.0022
14 9 0.0017000000000000001
0 12 0.0018000000000000002
11 2 0.0017000000000000001
9
7 10 0.0021000000000000003 0.11966346010645301
2 11 0.0013000000000000002 0.14741929212109683
0 5 0.0017000000000000001 0.1401864246440878
6 10 0.0016 0.10838562731706931
14 8 0.0018000000000000002 0.14950026981348297
12 11 0.0018000000000000002 0.12785974944146106
4 0 0.0024000000000000002 0.10142969495841375
4 0 0.0018000000000000002 0.1303178348463641
0 9 0.0021000000000000003 0.12370939023042828
