15
9 1 19 2 18 5 19 6 21 7 24 11 15 12 21 13 12 14 14
3 3 12 4 13 10 12
7 4 12 6 24 9 15 10 19 11 13 13 12 14 16
8 0 22 2 24 4 13 5 16 6 13 11 14 12 24 13 12
4 0 21 2 17 10 23 14 24
11 1 24 2 12 3 18 4 16 6 17 7 18 8 21 9 21 10 24 11 14 14 20
10 0 23 2 15 3 17 5 14 7 19 8 13 9 24 11 16 13 16 14 20
10 0 15 1 24 3 20 4 17 8 13 9 22 10 17 11 17 12 19 13 16
3 7 19 10 19 12 24
7 2 17 6 12 10 24 11 22 12 14 13 21 14 20
8 0 13 2 19 3 16 4 18 6 24 7 22 8 21 14 21
1 10 19
12 0 12 1 12 2 24 3 23 4 14 5 21 6 19 7 18 8 16 9 20 11 24 14 21
1 1 14
8 2 23 4 14 6 19 8 22 10 13 11 21 12 14 13 20
9
1 0 0.0017000000000000001
9 11 0.0023
1 14 0.0014
0 1 0.0016
7 5 0.0017000000000000001
4 9 0.0023
13 5 0.0019
9 13 0.0012000000000000001
4 9 0.0015
9
14 7 0.0015 0.14865078395026685
5 8 0.0019 0.13857107928482065
7 6 0.0018000000000000002 0.1455297023185842
14 5 0.0019 0.119234683648456
9 10 0.0023 0.14918384834112444
7 11 0.0018000000000000002 0.11674280402036459
8 13 0.0022 0.12746617354731435
14 8 0.0013000000000000002 0.1209208850492489
6 2 0.0024000000000000002 0.11865703504082918
