15
8 1 23 3 16 7 16 9 23 10 18 11 13 13 12 14 14
4 6 20 11 21 12 19 14 20
12 0 20 1 23 3 16 4 15 5 18 6 13 7 17 8 17 10 16 11 17 13 20 14 24
3 1 16 12 22 14 12
8 0 17 1 14 2 16 3 22 5 20 8 14 9 20 12 21
6 3 17 4 24 6 15 8 24 10 12 14 18
9 1 17 2 17 3 15 4 13 5 14 9 22 11 15 12 15 14 14
7 2 22 4 16 5 16 9 13 10 21 11 23 14 14
7 1 19 2 19 3 13 4 13 9 21 10 18 11 20
7 0 19 4 24 6 12 7 14 10 22 11 19 12 19
3 3 13 11 16 13 13
12 0 21 1 13 3 20 4 19 5 13 6 23 7 12 8 23 9 17 10 20 13 14 14 16
2 6 21 8 18
7 0 18 3 14 4 15 5 20 7 19 8 23 10 16
6 0 21 1 15 3 21 5 24 10 16 13 21
9
7 12 0.0023
2 3 0.0016
0 2 0.0023
12 3 0.0012000000000000001
7 6 0.0016
2 13 0.0016
0 1 0.0018000000000000002
11 14 0.0024000000000000002
6 0 0.0018000000000000002
9
6 14 0.0012000000000000001 0.10991512435949327
4 2 0.0023 0.14007017036331723
12 6 0.0017000000000000001 0.14864675426572863
11 13 0.0018000000000000002 0.12216720086694079
10 12 0.0023 0.1063101627082674
5 6 0.0021000000000000003 0.10492341790605952
14 9 0.0018000000000000002 0.11762442041395944
6 10 0.0023 0.13661064582680735
4 8 0.0023 0.14350923429080134
