15
6 2 21 3 23 5 18 8 12 12 23 13 21
3 0 22 10 14 11 17
2 5 21 11 18
2 5 18 12 19
8 0 24 3 13 5 24 6 22 7 17 8 20 9 19 11 21
9 1 13 4 16 6 13 8 20 9 22 10 18 12 17 13 16 14 13
1 0 20
7 0 24 3 15 5 12 6 16 9 15 10 17 12 17
2 1 23 7 23
12 0 15 2 16 3 20 4 22 5 23 6 14 7 13 8 13 11 18 12 18 13 14 14 22
11 0 23 1 13 2 14 3 17 4 21 6 13 7 19 8 14 9 21 11 23 14 18
10 0 12 3 18 4 20 5 16 6 23 7 21 8 24 9 17 13 13 14 23
3 2 16 11 24 14 24
4 3 18 8 18 9 12 11 14
4 4 24 7 17 8 22 13 22
9
4 13 0.0019
0 14 0.0016
12 1 0.0015
7 11 0.0018000000000000002
1 12 0.0014
8 6 0.0019
7 8 0.0019
7 8 0.0017000000000000001
2 12 0.0024000000000000002
9
9 1 0.0016 0.10176588197689306
4 12 0.0015 0.1354222957825838
5 7 0.0012000000000000001 0.11168986218612335
2 11 0.0017000000000000001 0.14482934004037254
9 1 0.0017000000000000001 0.13718894635312034
2 14 0.002 0.10772869715388599
1 9 0.0022 0.14923649255462795
9 5 0.0012000000000000001 0.12412086193136294
8 5 0.0019 0.10577182523609022
