15
9 1 23 2 13 4 20 5 17 6 12 7 16 8 18 9 17 12 18
12 0 22 2 12 3 12 4 18 5 16 7 17 9 19 10 24 11 12 12 12 13 20 14 19
7 0 22 1 19 3 17 4 23 5 20 6 14 7 24
12 0 17 1 16 2 19 5 13 6 14 7 17 8 18 9 18 10 22 11 22 13 22 14 18
7 3 19 5 24 8 24 9 13 11 13 12 17 14 20
13 0 15 1 21 2 24 3 15 4 13 6 23 7 18 8 14 10 18 11 14 12 19 13 18 14 21
11 0 15 1 19 2 15 3 21 4 12 5 21 7 21 11 17 12 18 13 22 14 17
1 5 22
6 1 18 2 23 5 22 7 21 9 22 13 23
8 1 15 2 21 3 17 4 13 5 16 10 21 11 22 13 17
6 2 13 4 12 6 17 7 13 9 23 13 13
2 0 13 14 21
9 0 16 2 23 3 14 4 15 5 15 7 19 10 17 13 23 14 17
7 0 21 1 19 3 16 7 17 8 24 9 22 12 24
1 1 18
9
0 5 0.0018000000000000002
13 10 0.0022
11 14 0.0012000000000000001
6 2 0.0021000000000000003
3 6 0.0017000000000000001
14 6 0.0016
14 8 0.0014
3 1 0.0013000000000000002
2 1 0.0019
9
8 2 0.0012000000000000001 0.14246179756784916
8 6 0.0024000000000000002 0.11362208294858563
6 9 0.0024000000000000002 0.13442229669482048
12 5 0.0022 0.14223306921191692
10 11 0.0016 0.10073868617996794
10 4 0.002 0.12689769524591732
3 11 0.002 0.12486426453972387
1 12 0.0013000000000000002 0.11490973494443542
9 6 0.0012000000000000001 0.1467711708424257
