15
8 1 16 3 24 6 23 7 18 8 24 9 17 10 24 14 18
8 0 16 4 12 5 16 6 23 7 23 9 23 10 23 14 14
10 0 13 1 15 3 14 4 18 5 24 9 17 10 21 11 16 12 16 14 13
8 0 22 2 23 5 19 6 14 11 17 12 18 13 15 14 14
3 1 22 5 20 12 13
12 0 20 1 23 2 18 3 17 6 18 7 20 8 17 9 21 10 18 11 14 12 12 13 24
7 2 17 3 24 5 14 7 12 11 24 12 20 14 15
9 0 14 1 23 4 22 6 22 10 21 11 13 12 23 13 23 14 14
7 0 14 3 13 6 22 11 22 12 18 13 23 14 19
12 0 20 1 12 2 21 3 16 4 15 5 18 7 20 8 16 10 13 11 16 12 24 13 16
5 2 13 4 21 5 16 7 22 9 21
6 4 15 5 19 8 24 10 22 12 24 14 19
5 0 22 4 12 9 18 10 17 11 15
10 1 14 2 14 3 21 5 24 6 14 8 12 9 13 10 13 12 19 14 18
6 2 18 6 14 8 24 10 12 11 17 12 13
9
0 13 0.0021000000000000003
12 1 0.0021000000000000003
11 13 0.0017000000000000001
7 2 0.0016
4 6 0.0016
7 14 0.0017000000000000001
8 4 0.0021000000000000003
3 0 0.0021000000000000003
4 7 0.0018000000000000002
9
11 0 0.0023 0.1441253024252318
7 11 0.0022 0.10706893448187303
0 7 0.002 0.14242225802201497
1 10 0.0016 0.11396679107691454
12 2 0.0022 0.1275730313818827
10 0 0.0012000000000000001 0.10162379890868381
7 2 0.0023 0.133674663561956
5 14 0.0022 0.12335218409203694
2 0 0.0018000000000000002 0.12302108992760524
