15
3 2 14 12 18 13 20
1 8 19
3 0 12 7 15 8 24
5 0 23 5 21 6 23 7 23 10 21
7 0 14 5 16 8 24 10 17 11 21 12 13 14 22
1 0 20
8 1 20 2 23 3 14 7 18 9 22 12 18 13 24 14 24
1 12 14
9 0 22 3 18 7 20 9 17 10 12 11 18 12 19 13 22 14 12
10 0 19 1 16 3 15 6 19 7 23 10 24 11 16 12 14 13 17 14 18
9 0 13 2 15 4 18 6 17 8 22 9 15 11 19 13 16 14 24
10 0 14 1 13 2 12 3 14 4 22 6 20 7 16 10 12 13 21 14 24
5 7 18 8 13 11 22 13 20 14 12
10 0 18 1 14 2 22 3 17 6 15 7 15 8 14 10 23 12 24 14 15
7 0 13 1 16 3 13 4 22 6 14 12 24 13 12
9
7 5 0.0019
0 8 0.0015
4 7 0.0017000000000000001
11 7 0.0012000000000000001
0 5 0.0022
3 5 0.0015
12 8 0.0017000000000000001
5 3 0.0014
10 5 0.0023
9
14 8 0.0013000000000000002 0.10076095941079574
2 8 0.0019 0.1024967482180431
7 6 0.0024000000000000002 0.12746799838801426
6 3 0.0017000000000000001 0.1254043645621408
1 4 0.0018000000000000002 0.10876294395259799
5 12 0.0019 0.10982680923326148
6 10 0.0016 0.12405724208434123
1 4 0.0017000000000000001 0.14617644390359974
12 4 0.0024000000000000002 0.13922004959129952
