15
7 2 17 3 15 4 15 5 14 8 17 9 16 11 14
4 0 17 10 22 12 23 13 19
13 1 21 3 18 4 24 5 20 6 17 7 22 8 18 9 24 10 23 11 19 12 13 13 12 14 12
8 0 20 4 15 7 14 8 19 10 20 12 15 13 12 14 15
13 0 17 1 24 2 15 3 18 5 13 6 14 7 16 8 21 9 19 10 20 12 21 13 20 14 14
12 0 13 2 18 3 16 4 17 7 21 8 16 9 15 10 23 11 20 12 12 13 17 14 12
5 1 16 3 20 8 24 13 18 14 16
8 2 12 3 14 8 12 9 14 10 16 11 19 12 22 14 14
8 3 12 4 12 5 15 6 12 7 12 12 24 13 19 14 17
4 0 16 7 24 8 16 14 15
13 0 18 1 14 2 17 3 15 4 24 5 19 6 23 7 20 8 20 9 21 11 20 12 17 14 12
6 1 17 3 14 4 17 5 19 9 24 14 13
13 0 24 1 23 2 22 3 21 4 13 5 24 6 22 7 17 8 12 9 14 11 23 13 19 14 18
4 1 20 3 19 7 17 9 13
11 1 14 2 16 3 17 5 14 6 19 8 22 9 21 10 23 11 17 12 12 13 20
9
4 6 0.0013000000000000002
10 8 0.0022
2 11 0.0016
6 12 0.0014
9 10 0.0013000000000000002
11 7 0.0021000000000000003
10 0 0.0023
8 1 0.0019
7 6 0.0021000000000000003
9
7 8 0.0014 0.11768812227691086
1 14 0.0016 0.11063861054382053
1 11 0.0019 0.1080362548194385
5 3 0.0021000000000000003 0.1366424484835053
7 5 0.0016 0.1169215074723857
11 6 0.0014 0.13542437912135363
9 3 0.0023 0.1453188320240932
4 5 0.0013000000000000002 0.14814373071667858
14 10 0.0019 0.12182484045417974
