15
3 7 24 10 24 12 14
11 0 22 2 15 3 19 4 12 5 12 6 21 7 14 8 23 9 15 10 24 12 19
13 0 24 1 20 3 23 5 22 6 13 7 15 8 14 9 24 10 14 11 23 12 12 13 18 14 22
8 0 18 2 17 5 22 7 19 9 15 10 23 12 22 13 12
10 0 12 1 23 5 19 6 20 8 21 9 17 10 18 11 18 12 16 13 23
12 0 15 1 15 2 24 4 20 6 24 7 21 8 20 9 14 10 17 11 19 13 13 14 15
8 0 15 5 12 7 13 8 18 11 23 12 21 13 18 14 21
2 1 20 6 14
11 0 17 1 13 2 18 3 24 5 18 7 14 9 14 10 24 12 22 13 15 14 23
7 2 16 6 14 7 21 8 22 11 24 13 14 14 23
3 8 14 12 15 13 19
8 1 22 3 20 4 20 6 19 7 23 9 21 12 13 13 20
1 5 20
3 6 13 8 15 14 15
4 0 15 1 13 4 18 13 20
9
10 11 0.0022
5 14 0.0021000000000000003
2 1 0.0023
5 7 0.0018000000000000002
0 11 0.0015
1 2 0.0021000000000000003
12 10 0.0021000000000000003
14 0 0.0017000000000000001
8 7 0.0017000000000000001
9
7 2 0.0014 0.10650020424335735
10 5 0.0015 0.13947284106276203
0 8 0.0024000000000000002 0.13722863063015
13 4 0.0019 0.14116426073714133
8 13 0.0016 0.13121737271969836
5 0 0.0018000000000000002 0.13376740912763485
9 7 0.002 0.1357478938770644
4 13 0.0017000000000000001 0.11876032259653557
1 6 0.0024000000000000002 0.12286347131241968
