15
5 1 12 2 23 4 12 6 12 8 22
13 0 16 2 15 3 14 4 24 5 18 6 13 7 13 8 18 9 14 10 17 12 15 13 13 14 18
10 1 20 3 13 4 13 5 16 6 21 7 21 8 17 10 17 12 22 14 23
10 1 23 2 16 6 21 7 16 9 19 10 20 11 19 12 20 13 19 14 14
6 0 24 1 23 8 13 9 22 11 23 13 18
9 0 13 2 18 4 12 6 13 8 13 9 14 10 23 11 13 14 19
13 0 15 1 23 2 23 3 13 4 17 5 14 7 21 9 18 10 24 11 16 12 18 13 14 14 13
5 1 13 3 20 9 20 11 18 13 16
9 1 24 4 20 5 24 6 23 9 22 10 21 12 17 13 14 14 18
9 0 17 3 15 4 19 5 23 6 19 7 22 8 15 12 23 14 14
6 0 15 4 18 5 18 8 15 9 18 13 14
9 1 22 3 21 5 22 6 18 7 21 9 21 12 20 13 23 14 24
11 1 14 2 19 4 19 5 15 7 19 8 17 9 20 10 22 11 24 13 20 14 19
4 0 23 6 19 11 16 14 23
13 0 16 1 14 3 13 4 23 5 24 6 22 7 19 8 21 9 14 10 21 11 21 12 18 13 12
9
10 4 0.0014
9 7 0.0012000000000000001
4 8 0.0019
11 5 0.0016
13 4 0.0014
10 3 0.0017000000000000001
9 5 0.0021000000000000003
10 8 0.0017000000000000001
7 10 0.0012000000000000001
9
12 14 0.0023 0.14406398896505906
4 14 0.0024000000000000002 0.12173711456847564
2 1 0.0012000000000000001 0.14443402530315747
3 4 0.0021000000000000003 0.12667185089154054
8 7 0.0015 0.12431957859749321
3 4 0.0017000000000000001 0.12857118627612243
0 8 0.0013000000000000002 0.10464883230621264
2 0 0.0013000000000000002 0.12596066594713928
10 13 0.0015 0.13240066528654182
