15
9 1 21 2 12 3 22 4 12 6 17 7 15 8 20 12 14 14 20
11 2 21 3 18 4 12 5 20 7 24 9 18 10 12 11 15 12 12 13 22 14 20
12 0 21 1 24 3 13 4 18 5 12 6 19 7 21 8 18 9 24 10 13 13 22 14 18
2 0 18 9 19
10 0 14 1 16 3 19 5 14 7 13 8 13 9 15 10 17 11 19 12 22
10 2 21 3 21 6 22 7 19 8 14 9 17 10 23 11 15 13 21 14 16
5 1 18 3 20 10 13 11 13 14 19
7 1 16 3 14 5 19 6 17 9 20 10 22 14 16
13 0 21 1 23 2 19 4 12 5 12 6 21 7 16 9 13 10 13 11 14 12 21 13 24 14 20
12 0 17 1 23 2 18 3 12 4 14 5 23 6 17 8 17 10 14 11 24 12 17 13 15
9 0 22 1 12 2 13 4 24 6 14 8 16 11 18 13 18 14 19
12 0 19 2 13 3 19 4 20 5 19 7 17 8 20 9 23 10 13 12 24 13 12 14 16
11 1 12 2 12 3 19 4 17 5 19 7 23 8 19 9 23 10 23 13 13 14 14
1 4 19
2 4 13 13 22
9
9 2 0.0012000000000000001
14 13 0.002
14 11 0.0015
14 13 0.0012000000000000001
9 0 0.002
13 10 0.0013000000000000002
11 10 0.0019
0 13 0.0022
7 1 0.0012000000000000001
9
11 5 0.0015 0.14220002686085265
13 11 0.0018000000000000002 0.13262231398361574
2 6 0.0012000000000000001 0.1214969334485311
6 1 0.002 0.11784336033981734
4 13 0.0019 0.11696638777864185
6 10 0.0021000000000000003 0.1430051193804936
6 11 0.0019 0.1265727736606916
0 1 0.0021000000000000003 0.13652176011383713
14 4 0.0018000000000000002 0.14567578095860728
