15
13 1 13 2 21 3 13 4 22 5 21 6 15 7 15 8 22 10 23 11 22 12 15 13 22 14 17
11 3 22 4 20 5 14 6 23 7 22 8 16 9 13 10 23 11 12 12 18 14 14
9 1 21 4 15 5 15 6 15 9 23 10 20 11 24 13 20 14 13
4 4 13 7 21 9 24 10 20
6 0 21 1 14 2 20 7 20 8 15 11 16
3 2 16 3 15 9 15
11 1 22 2 19 3 22 4 18 5 24 9 17 10 14 11 12 12 15 13 22 14 12
5 1 13 2 23 6 17 9 15 12 14
7 0 23 2 19 3 16 7 15 9 18 10 19 14 12
7 1 13 2 19 4 18 8 20 10 13 11 15 13 18
12 0 22 1 20 2 24 3 12 4 13 6 12 7 15 8 19 9 13 12 16 13 18 14 24
1 7 24
3 3 17 7 14 9 19
8 0 21 1 21 4 23 6 20 8 14 9 16 12 15 14 14
5 2 16 7 16 10 14 12 17 13 20
9
4 2 0.0024000000000000002
4 10 0.002
14 11 0.0014
8 4 0.0014
4 13 0.0022
14 11 0.0023
1 11 0.0016
9 5 0.0015
1 3 0.0024000000000000002
9
9 0 0.0014 0.14675613485247763
2 4 0.0013000000000000002 0.11531751129051211
8 1 0.0015 0.11912470320192742
9 1 0.0021000000000000003 0.127046632746823
5 0 0.0015 0.14047617447107372
5 3 0.0013000000000000002 0.14731143676127428
10 1 0.0017000000000000001 0.12105056427547119
5 8 0.0018000000000000002 0.13755978869830848
0 12 0.0017000000000000001 0.14591842082391962
