15
12 2 18 3 24 4 20 5 19 6 22 7 17 8 18 9 14 11 13 12 19 13 20 14 13
7 4 24 5 24 6 18 8 15 9 13 10 23 13 15
4 1 13 9 18 12 17 13 21
2 0 17 6 20
13 0 12 2 16 3 12 5 18 6 18 7 14 8 20 9 16 10 16 11 17 12 14 13 14 14 19
10 0 22 1 18 2 15 3 18 4 13 6 12 10 15 11 13 13 17 14 24
3 2 13 7 17 8 23
5 0 16 1 18 3 18 5 19 13 20
3 5 13 9 12 10 13
7 1 23 2 16 3 23 6 13 12 17 13 17 14 19
11 1 14 2 21 4 23 5 17 6 17 7 14 9 19 11 20 12 12 13 20 14 24
11 1 14 2 17 3 20 4 14 6 20 7 13 8 14 9 20 12 17 13 19 14 15
2 0 13 13 19
4 1 12 5 15 7 18 9 17
2 12 14 13 13
9
3 0 0.0013000000000000002
9 11 0.0018000000000000002
9 11 0.0014
6 1 0.0024000000000000002
4 5 0.0015
7 9 0.0016
12 1 0.0012000000000000001
7 10 0.0022
10 9 0.0024000000000000002
9
1 2 0.0018000000000000002 0.12047849085867961
5 10 0.0017000000000000001 0.10041474188351589
9 4 0.0014 0.11931372665763994
14 8 0.0023 0.12703832261381512
10 4 0.0014 0.1216991809702811
0 14 0.0012000000000000001 0.13381244658600774
13 10 0.0017000000000000001 0.11556715380710827
8 14 0.0022 0.11838114446080016
5 4 0.0012000000000000001 0.12039273111549695
