15
13 1 12 2 12 3 19 4 24 5 24 6 20 7 15 8 17 10 12 11 24 12 20 13 20 14 22
11 0 22 2 23 4 22 5 21 6 16 8 24 9 21 11 23 12 14 13 12 14 20
12 0 14 3 24 4 13 5 15 7 19 8 15 9 14 10 12 11 17 12 15 13 22 14 17
6 4 22 5 14 6 16 12 19 13 16 14 19
5 1 12 7 14 9 13 11 22 12 17
8 0 23 1 16 3 14 4 14 6 23 8 19 9 13 12 19
9 0 24 1 12 2 17 3 13 5 22 7 23 8 23 9 13 10 12
1 8 15
4 3 17 5 16 11 20 14 12
1 7 21
2 6 18 13 20
1 12 16
6 1 18 2 20 9 20 10 13 11 16 13 23
7 0 20 1 20 5 14 6 21 7 18 8 19 10 19
4 1 13 2 19 11 12 13 18
9
11 14 0.0017000000000000001
3 6 0.0019
8 10 0.0014
2 7 0.0014
2 0 0.0023
4 8 0.0015
11 10 0.0018000000000000002
12 8 0.0024000000000000002
9 2 0.0019
9
12 8 0.002 0.12838639469492397
3 13 0.0023 0.14797052303812255
1 5 0.0013000000000000002 0.13209703801969624
10 9 0.0015 0.11035626012248191
12 3 0.0016 0.1096100469299267
12 2 0.0013000000000000002 0.11064789315379449
12 10 0.0019 0.12915916414584988
14 7 0.0022 0.138385556285829
4 2 0.0021000000000000003 0.11055126702905914
