15
8 2 21 3 16 4 23 6 13 8 15 9 16 10 12 11 19
3 0 14 4 20 13 15
3 6 19 7 15 13 12
2 2 13 12 18
12 1 14 2 20 3 13 5 21 6 15 8 22 9 23 10 19 11 15 12 22 13 22 14 13
3 7 19 10 14 14 17
2 8 23 10 13
1 13 19
9 0 16 1 16 3 17 5 19 6 12 7 17 9 12 11 23 14 13
6 1 19 5 12 6 17 7 13 8 14 14 22
2 0 15 8 20
11 0 14 1 24 5 18 6 23 7 19 8 22 9 19 10 22 12 12 13 17 14 14
9 1 15 2 20 3 17 5 23 6 20 7 23 8 13 10 23 14 21
8 2 15 3 18 4 23 8 20 9 18 10 24 11 16 12 15
2 4 20 5 22
9
0 2 0.0012000000000000001
9 7 0.0016
2 12 0.0013000000000000002
2 6 0.0022
10 11 0.0013000000000000002
3 12 0.0023
11 7 0.0024000000000000002
7 11 0.0012000000000000001
7 8 0.0013000000000000002
9
10 12 0.0016 0.13170641674644074
2 6 0.002 0.14088010852141655
7 14 0.002 0.1333451514922649
11 7 0.0022 0.14379769441540144
7 2 0.002 0.13226159942474613
3 6 0.0012000000000000001 0.10456499528002305
0 2 0.0016 0.1460042992653273
0 13 0.0024000000000000002 0.12247279452821218
5 13 0.0015 0.14850208758988032
