10
5 3 21 5 24 7 12 8 20 9 20
1 6 15
1 5 24
3 2 21 4 14 5 23
3 0 12 2 15 6 22
1 4 17
4 0 23 1 20 8 22 9 19
6 1 22 2 22 4 18 6 23 8 21 9 23
1 3 20
1 4 21
3
2 4 0.0024000000000000002
5 9 0.0018000000000000002
6 9 0.0013000000000000002
12
9 2 0.0013000000000000002 0.11476656877709035
5 8 0.0013000000000000002 0.11637387031938429
3 2 0.002 0.1250925455106222
2 7 0.0017000000000000001 0.14987236234422335
6 8 0.0016 0.13929385310279663
1 6 0.0022 0.125795389222587
8 9 0.0018000000000000002 0.10826974350083757
3 9 0.0024000000000000002 0.10685774183903977
9 6 0.0019 0.13756434068965143
5 8 0.0024000000000000002 0.10414299032700378
8 4 0.0019 0.14940722451435054
3 6 0.0015 0.14255674164044507
