10
3 2 16 3 24 9 22
2 5 21 8 21
8 0 15 1 18 3 23 4 23 5 13 6 17 8 21 9 24
2 0 20 8 21
3 1 21 3 15 5 14
3 3 21 7 18 9 15
6 1 15 2 23 4 20 5 14 8 20 9 17
4 0 14 2 16 4 18 5 24
2 5 15 6 22
5 0 24 4 23 6 24 7 22 8 23
3
6 4 0.0017000000000000001
1 4 0.0023
6 7 0.0019
12
9 2 0.0012000000000000001 0.1261824938669874
7 4 0.0024000000000000002 0.13455044891331752
9 2 0.0018000000000000002 0.13075462681306405
2 6 0.0023 0.14027539679777004
4 9 0.0021000000000000003 0.12390377887282074
7 9 0.002 0.12140847701614595
8 2 0.0019 0.1375952622101692
8 3 0.0014 0.11442362026389392
6 7 0.002 0.12204199661290671
5 9 0.0021000000000000003 0.14972921662677385
4 5 0.0018000000000000002 0.13984919055984515
1 4 0.002 0.11345634705944958
