10
4 2 13 4 24 5 12 8 12
5 0 15 2 15 4 18 5 14 9 15
2 1 21 8 20
6 1 19 2 18 4 22 6 24 7 12 9 13
7 0 19 1 14 3 16 6 16 7 16 8 15 9 12
2 3 14 8 18
2 1 22 8 21
4 1 23 3 17 5 13 8 16
5 1 23 3 18 5 19 7 19 9 18
4 1 24 2 18 4 14 7 15
3
1 9 0.0016
5 3 0.0015
4 0 0.0023
12
0 4 0.0017000000000000001 0.1122914851718659
7 9 0.0016 0.13714128571805675
9 8 0.0014 0.1055090950916892
3 2 0.0012000000000000001 0.12942235700904242
1 5 0.0014 0.11715701813498058
8 6 0.0023 0.1373376575643333
4 2 0.0013000000000000002 0.14344859690864095
9 7 0.0021000000000000003 0.14783675942988028
6 7 0.0017000000000000001 0.10919701748163681
1 7 0.0023 0.13739560093030018
4 3 0.0018000000000000002 0.10199664685233992
1 8 0.0017000000000000001 0.14449478423587148
