10
2 5 22 6 22
6 2 16 4 17 5 14 6 23 7 13 8 24
4 0 14 1 18 6 19 7 24
6 0 22 1 14 2 19 5 14 7 12 8 18
8 0 16 1 20 2 12 3 23 5 14 6 24 7 24 9 13
4 1 14 3 21 4 19 6 21
1 8 12
5 2 16 3 18 4 14 6 14 8 17
1 4 16
5 1 24 2 19 4 13 5 15 8 13
3
3 2 0.002
9 8 0.0023
1 7 0.0013000000000000002
12
9 8 0.002 0.1296327638951351
0 6 0.0021000000000000003 0.12358641385575928
0 6 0.0016 0.13286763582160163
5 6 0.0018000000000000002 0.10168803870286655
4 3 0.0014 0.13075587898512583
0 8 0.0024000000000000002 0.11317074284260978
2 7 0.0019 0.1253643869377927
8 3 0.0019 0.10365531354222927
3 6 0.0012000000000000001 0.11837800636574806
3 8 0.0012000000000000001 0.1452026118314936
7 3 0.0013000000000000002 0.1277534620770199
2 9 0.0023 0.1292213273968499
