10
6 1 16 5 21 6 19 7 24 8 22 9 16
7 0 22 2 16 3 18 6 16 7 23 8 14 9 12
4 3 18 5 18 7 14 8 13
6 0 15 2 22 4 15 5 16 6 21 8 21
8 0 18 2 15 3 20 5 24 6 21 7 23 8 23 9 15
2 7 24 9 21
4 2 22 4 17 5 16 9 23
5 0 20 2 12 6 18 8 12 9 21
6 0 19 1 20 4 15 5 23 7 16 9 16
8 0 15 1 16 2 18 3 18 4 17 5 12 7 24 8 15
3
4 0 0.0022
2 9 0.0012000000000000001
4 0 0.0024000000000000002
12
7 6 0.0012000000000000001 0.1004330403943299
7 8 0.0018000000000000002 0.1425779309551037
2 8 0.0015 0.13188056642742135
7 2 0.0016 0.132010799742438
1 0 0.0022 0.10653238962969912
1 5 0.0015 0.12415842534862472
2 5 0.0024000000000000002 0.1389411133827988
3 1 0.002 0.12289467403072904
3 7 0.0021000000000000003 0.11190310607455138
6 0 0.0012000000000000001 0.1430051463364742
3 0 0.0024000000000000002 0.1156300777189071
8 0 0.002 0.12416434274022006
