10
1 9 13
8 0 20 2 16 3 23 4 19 6 18 7 18 8 24 9 19
7 0 17 1 14 3 14 5 15 6 22 7 15 8 18
1 8 20
3 1 23 8 21 9 16
5 0 22 2 19 6 20 8 22 9 21
2 4 19 7 19
3 2 23 6 18 8 24
8 0 14 1 15 2 20 3 19 4 13 5 19 6 18 7 24
5 2 22 4 20 6 23 7 20 8 15
3
1 8 0.0012000000000000001
8 9 0.0017000000000000001
8 2 0.0022
12
7 8 0.0014 0.1212655335938739
4 7 0.002 0.13733218018221444
8 9 0.0014 0.1272580131857926
8 4 0.0016 0.11454844406527458
9 5 0.0017000000000000001 0.14976741570302046
1 4 0.0014 0.1402534558337125
1 7 0.0013000000000000002 0.1281427062859649
1 2 0.0019 0.10462121773054243
3 8 0.0022 0.13767223534539455
6 2 0.0013000000000000002 0.13250422065385875
4 7 0.0014 0.13801146531689434
3 9 0.0017000000000000001 0.11519302732294341
