10
5 1 13 4 12 5 24 6 24 7 14
8 0 23 3 19 4 20 5 19 6 23 7 20 8 19 9 17
5 0 14 1 12 5 24 8 21 9 22
5 0 17 1 24 2 24 5 23 6 16
1 8 20
6 0 18 1 22 3 23 7 17 8 18 9 22
1 8 14
1 6 21
4 4 12 5 12 7 24 9 19
1 3 20
3
6 2 0.0022
0 9 0.0024000000000000002
2 9 0.0024000000000000002
12
2 6 0.0012000000000000001 0.12863109350832094
8 4 0.0024000000000000002 0.10279489547011432
6 0 0.0022 0.10856549406371134
4 9 0.0016 0.1405037175009394
0 7 0.002 0.14019242868759668
9 1 0.0013000000000000002 0.12520000634121306
7 4 0.0015 0.11141605122747207
8 9 0.0012000000000000001 0.11210582375410455
1 3 0.0022 0.1334922744826467
4 0 0.0012000000000000001 0.10314497838237499
1 5 0.0012000000000000001 0.12022228898328549
9 4 0.0022 0.1482073449507079
