10
3 2 24 4 20 9 21
6 2 14 4 19 5 18 7 24 8 24 9 13
4 1 23 4 20 5 18 8 23
6 0 17 1 20 2 19 6 16 8 20 9 21
1 5 19
8 0 17 1 22 2 17 3 24 4 12 6 15 7 14 8 15
4 1 23 2 19 3 13 5 13
3 3 14 6 12 8 13
5 0 21 3 19 4 13 5 22 7 24
2 5 24 8 21
3
1 3 0.0021000000000000003
8 9 0.002
8 9 0.002
12
1 7 0.0013000000000000002 0.13941136893018552
2 9 0.0018000000000000002 0.1476862571570302
6 5 0.0018000000000000002 0.12883933075963624
0 2 0.0019 0.13480054376344372
5 1 0.0021000000000000003 0.10489284993398741
6 5 0.0013000000000000002 0.12932542985907491
5 4 0.0019 0.1172253122041722
2 8 0.0024000000000000002 0.13919834622629818
1 0 0.0021000000000000003 0.14335096456046875
2 0 0.0019 0.1360077654500966
6 9 0.0021000000000000003 0.13511033782924164
2 5 0.002 0.14394932120044385
