10
8 2 21 3 16 4 24 5 13 6 13 7 24 8 18 9 21
8 0 14 2 13 3 21 4 17 5 17 7 14 8 17 9 18
6 1 23 5 16 6 13 7 16 8 16 9 17
8 0 24 1 13 2 21 4 15 5 14 7 13 8 19 9 16
1 7 20
8 0 19 1 15 2 14 3 14 4 19 7 21 8 19 9 12
7 0 13 1 22 3 23 4 13 5 18 7 15 8 23
2 2 24 5 22
6 0 22 1 19 2 24 5 19 7 16 9 24
6 0 23 2 12 4 15 5 15 6 24 8 20
3
7 9 0.0012000000000000001
0 3 0.002
3 6 0.0019
12
3 9 0.0021000000000000003 0.10652423036146891
0 5 0.0021000000000000003 0.13077474447005685
2 3 0.0014 0.10683339149126578
1 7 0.0015 0.10373601157390092
4 5 0.002 0.11602690411394494
3 6 0.0021000000000000003 0.12888628015364462
8 7 0.0019 0.10930869519490208
7 0 0.0014 0.12046408748245785
6 2 0.0013000000000000002 0.14016833934100262
4 8 0.0012000000000000001 0.10734465718208282
0 5 0.0013000000000000002 0.10061957682264028
2 9 0.0018000000000000002 0.13179886465056673
