10
5 2 23 4 20 5 14 6 14 9 14
7 0 16 3 17 4 16 5 13 6 13 8 23 9 20
2 3 15 5 20
6 0 16 1 18 2 15 4 24 6 16 7 17
7 0 23 3 12 5 16 6 20 7 14 8 19 9 22
2 0 15 4 21
6 1 23 2 13 3 22 4 19 8 21 9 12
5 1 16 3 20 5 23 6 23 8 16
8 0 22 1 18 2 20 3 24 4 16 5 15 7 14 9 23
8 0 23 1 13 2 15 3 24 4 18 5 17 6 14 8 13
3
7 8 0.0015
1 0 0.0017000000000000001
5 0 0.002
12
7 3 0.0013000000000000002 0.10448815249435832
6 7 0.0017000000000000001 0.13337765888317177
5 2 0.0013000000000000002 0.1004510142557849
0 2 0.0018000000000000002 0.12512669275813285
7 4 0.0012000000000000001 0.12389173027552527
2 8 0.0024000000000000002 0.1373966668252258
1 0 0.0024000000000000002 0.10438717360829848
6 8 0.0021000000000000003 0.11588310155569954
3 5 0.0022 0.10067119352723428
8 1 0.0019 0.1404494207878921
7 3 0.0012000000000000001 0.14301709156839698
2 6 0.0018000000000000002 0.13136054863942265
