10
5 1 21 3 20 5 12 6 24 8 18
2 3 24 6 15
7 0 16 4 12 5 19 6 13 7 22 8 20 9 14
2 1 17 6 22
3 7 24 8 22 9 22
2 3 18 7 15
3 3 12 5 16 8 15
7 0 21 1 19 2 13 3 24 6 23 8 24 9 13
1 9 17
3 2 18 3 20 6 18
3
1 6 0.0015
1 2 0.0012000000000000001
4 1 0.0019
12
7 5 0.0018000000000000002 0.11109858870339871
7 9 0.0017000000000000001 0.12929955181494437
6 8 0.0022 0.1319700038361926
6 7 0.0016 0.13504624447162228
8 3 0.0024000000000000002 0.13571618423252868
2 3 0.0022 0.11769103747516294
8 9 0.0018000000000000002 0.1335938463913069
2 9 0.0016 0.14488745509948198
1 6 0.0018000000000000002 0.13451219310798554
3 6 0.0012000000000000001 0.13708959946087607
3 1 0.0024000000000000002 0.10428537169035748
3 0 0.0015 0.13963618883080806
