10
3 3 18 7 18 9 18
8 0 23 2 18 3 16 4 13 6 20 7 23 8 18 9 14
3 1 22 6 18 8 22
4 2 19 4 24 5 15 9 23
5 0 17 2 14 5 23 7 23 9 17
3 0 14 2 20 9 19
8 0 15 2 20 3 22 4 17 5 16 7 19 8 24 9 14
8 1 13 2 16 3 13 4 13 5 15 6 20 8 19 9 16
1 0 14
2 3 13 8 24
3
2 8 0.0018000000000000002
6 4 0.0013000000000000002
6 1 0.0022
12
3 5 0.0022 0.1145786942833411
9 4 0.0016 0.12717616577474927
8 9 0.002 0.1140902147892988
0 5 0.0015 0.12856542039258245
9 7 0.0014 0.13198924715893554
4 3 0.002 0.14693112582429582
4 1 0.0014 0.11524165174844317
0 3 0.0013000000000000002 0.11950346740085589
5 1 0.0014 0.11928462370161885
2 1 0.0016 0.11898542369275858
8 3 0.0012000000000000001 0.11759908823884832
3 0 0.0018000000000000002 0.10470589002980567
