10
8 1 20 2 23 3 22 4 16 5 19 6 22 7 20 8 17
8 0 16 2 16 3 16 4 13 5 17 6 14 7 24 9 16
3 0 19 1 18 4 24
3 1 14 2 23 4 22
5 1 17 3 14 7 13 8 16 9 16
5 0 14 1 18 2 19 3 21 8 18
4 1 12 3 16 4 23 8 15
7 0 19 1 23 2 22 4 19 5 19 6 14 9 23
7 0 17 1 21 3 16 4 21 6 23 7 20 9 17
8 0 13 1 21 2 19 3 24 4 18 6 21 7 15 8 15
3
2 4 0.0016
8 0 0.0014
6 2 0.0023
12
9 0 0.002 0.13592500849696296
4 0 0.0017000000000000001 0.14847743958006943
5 8 0.0016 0.1341704939796729
4 5 0.0018000000000000002 0.1445940802491581
3 5 0.0019 0.12191804521879976
2 8 0.0021000000000000003 0.1395475845133694
0 8 0.002 0.12695455679787698
6 8 0.0021000000000000003 0.11100722559388013
6 1 0.002 0.1441551437701925
9 4 0.0019 0.11953644578226846
5 3 0.0021000000000000003 0.11202700085574706
3 4 0.0015 0.14451959475280593
