10
4 1 12 4 16 5 17 7 18
6 0 12 2 14 3 13 4 19 6 14 7 14
4 0 16 6 22 7 17 9 17
6 0 22 4 14 5 15 7 21 8 16 9 24
5 0 19 3 20 7 18 8 12 9 20
4 2 23 4 24 6 21 9 18
6 0 24 1 23 2 14 5 18 7 16 9 19
1 6 18
7 0 15 3 23 4 19 5 21 6 14 7 12 9 21
1 0 20
3
8 1 0.002
2 1 0.0019
7 4 0.0012000000000000001
12
3 7 0.0012000000000000001 0.14544484433924992
3 7 0.0021000000000000003 0.14702763974261618
9 2 0.0012000000000000001 0.12644126358232607
0 3 0.0024000000000000002 0.14070088754071466
5 4 0.0012000000000000001 0.14891758351849868
1 6 0.0023 0.10724744906478141
6 0 0.0012000000000000001 0.10092705063989874
9 6 0.0024000000000000002 0.12213480703718275
6 2 0.0015 0.1380994280761722
7 3 0.0017000000000000001 0.10018738339977183
4 1 0.0014 0.14469646502732394
5 0 0.0013000000000000002 0.13166927876206566
