10
8 2 14 3 21 4 23 5 13 6 15 7 19 8 13 9 13
6 0 13 2 20 3 20 5 20 6 23 7 17
3 0 22 5 22 9 22
2 1 18 5 24
4 3 13 5 20 6 24 7 23
6 0 20 1 14 2 21 3 17 6 23 7 24
8 0 17 1 15 2 17 3 24 4 23 7 24 8 20 9 15
2 1 24 8 19
7 0 19 1 14 2 15 4 23 5 14 6 20 9 19
2 0 22 6 23
3
5 8 0.0018000000000000002
8 5 0.0019
9 0 0.0013000000000000002
12
2 4 0.0022 0.14414947118576282
7 3 0.0024000000000000002 0.11121229766557345
8 2 0.002 0.13609107244313892
1 6 0.0018000000000000002 0.12294139718282711
5 2 0.0019 0.1368920735514546
7 3 0.0023 0.14133952177955802
4 6 0.0014 0.10635627876433107
8 6 0.002 0.1486688775285006
7 6 0.0021000000000000003 0.11427853846161824
4 6 0.0014 0.14345965049893783
3 8 0.0012000000000000001 0.13234045984960144
1 4 0.0019 0.14260943576866192
