10
4 4 14 5 16 7 23 8 18
3 2 23 4 21 6 23
8 0 24 1 15 3 19 4 14 5 22 6 21 7 19 9 19
2 0 13 6 24
1 0 18
5 0 17 1 22 2 23 7 24 8 16
8 0 17 2 19 3 21 4 21 5 12 7 13 8 20 9 17
4 3 16 5 13 8 19 9 18
8 0 22 1 19 2 22 4 23 5 19 6 17 7 13 9 18
1 3 16
3
3 9 0.0012000000000000001
7 2 0.0023
6 8 0.0012000000000000001
12
9 0 0.0016 0.10430825872250801
2 9 0.0021000000000000003 0.12991735816270875
2 3 0.0019 0.14142256164720657
1 4 0.0019 0.13872475797933362
5 8 0.0023 0.13553272584550943
8 6 0.0019 0.13388377613597702
5 0 0.0024000000000000002 0.13791731033146315
1 4 0.0017000000000000001 0.10021697911904762
4 2 0.0022 0.14001620219313946
2 5 0.0023 0.12351029069129349
2 3 0.0024000000000000002 0.11654468723917599
2 8 0.0017000000000000001 0.14003882713160076
