10
5 1 23 4 12 5 21 7 13 9 15
8 0 19 2 20 3 20 4 12 5 20 6 14 7 21 8 21
7 0 19 1 13 3 15 5 12 6 21 7 18 8 22
2 2 14 9 23
1 7 12
4 1 16 4 15 6 17 7 24
8 1 24 2 15 3 18 4 12 5 18 7 16 8 14 9 21
2 8 19 9 21
1 9 20
4 0 22 3 15 4 17 6 17
3
8 4 0.0012000000000000001
8 6 0.0018000000000000002
3 9 0.0013000000000000002
12
9 1 0.0022 0.14173724284160027
5 8 0.0021000000000000003 0.1169187623079129
3 9 0.0023 0.14609393774848012
7 4 0.002 0.1365490722301192
7 8 0.0019 0.1438933594581026
0 2 0.0013000000000000002 0.10426055881448548
3 8 0.0016 0.14689208583220412
6 5 0.0015 0.11254256991829005
6 4 0.0019 0.11258532122750543
8 5 0.0018000000000000002 0.1447196388749344
4 3 0.002 0.12235539396083196
8 9 0.0012000000000000001 0.12085583989908626
