10
7 1 21 2 12 3 16 4 24 5 22 6 15 7 19
4 2 18 5 21 7 16 9 13
8 0 23 1 23 3 17 4 17 5 15 6 22 7 23 9 12
3 2 14 5 16 6 17
8 0 21 1 16 2 17 3 19 5 20 6 15 7 15 8 16
7 0 17 1 15 2 23 3 18 6 18 8 16 9 21
5 1 12 3 12 5 18 7 14 8 18
2 0 24 4 15
5 0 18 2 20 3 24 7 24 9 16
3 0 15 1 13 5 18
3
2 5 0.0018000000000000002
6 4 0.0023
7 2 0.002
12
5 4 0.0016 0.11698370282323549
8 0 0.0015 0.12456711945032606
8 1 0.0019 0.10820895049780262
7 5 0.0016 0.11383805067820009
5 6 0.0013000000000000002 0.13735258250987126
4 0 0.0014 0.11561818286852181
8 4 0.0022 0.13402837210054427
1 2 0.0016 0.14422436756760945
7 4 0.0015 0.13749573758588735
0 3 0.0015 0.1191110431321057
4 9 0.0014 0.13331024156392424
2 4 0.0024000000000000002 0.12331556077154723
