10
3 1 24 2 12 3 14
8 0 15 2 20 4 18 5 16 6 14 7 17 8 22 9 13
4 3 24 4 16 6 16 7 16
1 5 12
8 0 21 1 24 2 15 3 21 5 21 6 24 8 18 9 13
5 1 17 3 13 6 23 7 15 9 13
8 0 17 1 14 2 16 3 20 4 20 5 21 7 18 9 12
8 0 12 1 24 2 16 3 22 4 23 5 15 6 16 9 19
1 4 21
8 0 18 1 24 2 22 4 12 5 13 6 17 7 16 8 19
3
4 5 0.0019
1 7 0.0017000000000000001
4 5 0.0021000000000000003
12
0 5 0.0015 0.14471799589842918
5 0 0.0018000000000000002 0.10900360271109871
0 7 0.0017000000000000001 0.10216020353782294
3 9 0.0014 0.14189404688678312
8 4 0.0012000000000000001 0.12593554448388794
8 0 0.0012000000000000001 0.10675045338144326
8 0 0.0017000000000000001 0.1362338573679261
8 6 0.0013000000000000002 0.10616194783171563
4 6 0.0023 0.10951192769534038
5 7 0.0024000000000000002 0.1321839544308092
4 9 0.0016 0.1341111908083753
7 4 0.0021000000000000003 0.14561520926701782
