10
3 3 17 5 23 7 22
4 3 19 4 16 6 22 7 19
5 1 14 4 18 7 17 8 23 9 17
8 1 23 2 23 4 16 5 15 6 17 7 18 8 12 9 19
5 1 15 2 22 3 19 7 17 9 21
5 0 12 1 19 2 20 7 14 8 19
6 0 19 1 19 5 19 7 19 8 16 9 18
5 0 15 3 17 4 13 5 23 6 24
5 0 20 1 16 3 12 6 21 7 21
6 0 14 2 16 4 22 6 22 7 23 8 18
3
4 5 0.0023
8 4 0.0024000000000000002
1 9 0.0014
12
8 7 0.0017000000000000001 0.12602844417563935
9 2 0.002 0.11900487458071761
7 2 0.0022 0.11500032914111492
9 7 0.0017000000000000001 0.10362335135425314
2 7 0.0014 0.10309513065327758
6 9 0.0021000000000000003 0.13739435949496526
3 4 0.0016 0.13789036067088237
0 1 0.0018000000000000002 0.11579022698200568
8 0 0.0021000000000000003 0.13746935178886246
8 9 0.0013000000000000002 0.11690244075341658
3 9 0.0021000000000000003 0.1162227986229014
4 9 0.0016 0.14167050962428368
