20
15 1 21 2 16 3 18 4 14 5 23 6 22 7 24 9 12 10 16 11 23 12 16 14 18 15 24 17 20 18 21
7 6 12 7 23 8 18 9 12 12 24 14 20 18 21
15 1 16 3 23 4 21 5 20 6 20 7 24 8 14 9 16 10 21 11 14 12 12 13 20 16 13 18 17 19 14
4 4 23 8 23 15 21 19 13
2 8 22 18 22
15 0 22 2 16 3 23 4 19 6 24 7 21 8 14 12 23 13 16 14 23 15 13 16 14 17 24 18 13 19 22
2 12 17 17 14
2 14 18 18 21
5 2 12 3 24 5 23 10 17 15 15
16 0 14 1 22 2 14 3 12 4 21 5 13 6 16 7 14 8 18 10 19 11 19 14 24 15 14 16 15 18 14 19 22
12 0 18 3 22 5 13 6 15 7 13 11 17 12 13 14 15 15 21 17 22 18 16 19 22
18 0 22 1 12 3 18 4 20 5 19 6 19 7 21 8 20 9 12 10 15 12 23 13 21 14 16 15 13 16 16 17 21 18 19 19 22
11 0 17 2 19 3 18 8 20 10 18 11 16 15 24 16 17 17 18 18 14 19 20
2 4 12 6 24
12 0 20 1 22 3 12 4 13 8 20 9 16 10 12 11 18 12 13 15 22 16 15 17 20
5 4 17 8 20 10 21 12 21 14 17
15 1 20 2 16 3 20 4 18 6 17 7 13 8 20 9 14 10 15 12 13 13 23 14 23 17 16 18 19 19 12
5 5 24 9 20 12 24 18 14 19 21
3 6 16 9 17 13 24
1 2 16
6
0 16 0.0019
17 12 0.002
17 2 0.002
11 1 0.0022
3 15 0.0022
9 0 0.0014
18
3 6 0.0024000000000000002 0.13957991876683867
2 19 0.0014 0.12632980023801704
9 10 0.0024000000000000002 0.10791341840949469
2 8 0.0019 0.10428692967883489
7 19 0.0014 0.11537279981601847
14 19 0.0015 0.10679324578032004
1 4 0.0017000000000000001 0.11151350153803312
11 10 0.0023 0.11352979226043342
6 16 0.0017000000000000001 0.12448501292093664
18 17 0.0018000000000000002 0.1431879698258725
13 7 0.0024000000000000002 0.11585752568025287
6 13 0.0024000000000000002 0.11317280459558614
4 1 0.0024000000000000002 0.1461371179964472
3 11 0.0023 0.13524787589564746
16 8 0.0019 0.12251767212991033
17 5 0.002 0.14548802344127082
10 11 0.0024000000000000002 0.1240479058113114
10 13 0.0015 0.14841017437968967
