20
18 1 13 2 17 3 20 4 23 5 15 6 21 7 23 8 22 9 12 10 17 11 12 12 15 13 17 14 17 16 21 17 17 18 12 19 19
16 0 16 2 21 3 19 4 16 5 24 6 23 7 23 8 13 9 18 10 14 12 24 13 24 14 17 15 15 16 18 17 12
10 0 23 4 21 5 22 7 15 10 14 12 17 14 24 15 22 16 12 19 22
18 0 22 1 15 2 14 4 19 5 23 6 23 7 22 8 23 9 20 10 24 11 13 12 21 13 23 14 23 15 19 16 12 18 24 19 20
6 0 15 11 21 13 15 15 24 17 15 18 22
1 10 16
17 0 12 2 12 3 13 4 14 5 23 7 13 8 24 9 13 10 14 11 22 12 21 13 21 14 13 15 21 16 17 17 20 18 16
3 2 18 11 22 18 24
4 3 14 6 24 13 24 14 13
1 15 13
2 8 22 18 18
18 0 22 1 21 2 18 4 14 5 12 6 21 7 20 8 12 9 18 10 14 12 21 13 19 14 13 15 13 16 14 17 15 18 13 19 22
17 0 22 1 15 2 13 3 22 4 24 5 18 6 14 8 19 10 17 11 17 13 13 14 20 15 18 16 12 17 15 18 21 19 24
11 0 21 1 24 2 23 3 17 6 23 7 22 11 13 14 22 15 15 16 19 19 15
11 0 15 3 20 5 24 6 13 7 21 9 20 10 21 11 18 13 19 16 22 18 16
12 1 24 2 24 3 14 6 16 7 14 9 12 10 20 11 23 12 23 14 12 16 15 19 16
9 0 16 1 23 3 21 4 20 6 24 7 24 10 22 12 22 15 12
14 0 19 1 12 2 16 3 22 4 13 7 22 8 14 11 16 13 17 14 24 15 24 16 15 18 21 19 12
3 10 12 13 13 16 13
15 0 13 1 17 2 16 3 15 5 12 6 21 8 18 10 22 11 22 12 24 13 20 14 12 15 20 16 21 18 21
6
4 5 0.002
6 0 0.0023
1 3 0.0018000000000000002
1 7 0.0023
15 19 0.0017000000000000001
16 13 0.002
18
18 12 0.0021000000000000003 0.12878543889041694
13 19 0.0018000000000000002 0.1362901614476074
8 14 0.0013000000000000002 0.14063327585476648
5 16 0.0017000000000000001 0.12948713981202906
7 19 0.0023 0.13465689676695228
1 3 0.0017000000000000001 0.14453884552566848
9 11 0.002 0.11644845759993665
17 14 0.0024000000000000002 0.14105729922684349
8 15 0.0015 0.10733872109193222
8 5 0.0018000000000000002 0.13605665113356935
13 12 0.0016 0.10323652253983451
3 10 0.0015 0.11338835670696068
9 5 0.0019 0.10129721318799396
17 3 0.0023 0.14919484992311238
13 0 0.0022 0.13594847624939144
13 16 0.0018000000000000002 0.10459197405247797
4 9 0.0019 0.12620322114634355
11 13 0.0012000000000000001 0.1228654247454136
