20
9 1 21 2 17 5 20 7 13 9 12 12 19 16 23 18 14 19 20
5 0 19 5 17 6 19 14 18 17 24
8 3 19 5 14 9 21 10 22 13 16 14 15 15 21 17 14
18 0 13 1 16 2 16 4 12 5 18 6 22 7 13 8 15 9 18 10 24 11 15 12 23 13 23 14 22 15 18 16 18 18 14 19 19
17 0 24 1 21 3 13 5 16 6 22 8 24 9 23 10 16 11 12 12 14 13 12 14 12 15 24 16 17 17 17 18 24 19 22
3 8 12 16 22 17 23
15 1 24 3 19 4 24 5 22 7 19 8 20 9 24 10 23 11 15 12 18 14 21 15 12 16 14 18 16 19 24
5 11 20 12 22 15 18 17 13 18 17
9 1 12 5 12 6 23 7 24 9 17 13 16 14 22 16 20 17 13
17 0 17 1 17 2 12 4 17 5 17 6 19 8 24 10 19 11 17 12 14 13 22 14 16 15 13 16 18 17 13 18 23 19 19
14 0 16 1 20 3 22 4 19 5 16 6 13 7 20 8 18 11 16 12 18 13 18 14 22 15 17 17 18
6 2 19 6 12 9 12 12 18 17 18 19 12
13 0 17 2 23 4 17 5 21 6 13 7 16 8 12 10 23 11 12 14 19 16 14 18 18 19 24
15 0 14 1 20 2 17 3 22 5 15 6 24 7 17 8 19 9 20 11 24 12 24 14 18 15 24 18 20 19 23
15 0 17 1 12 2 14 3 16 4 17 5 20 6 24 7 17 8 15 10 18 11 21 12 20 15 12 17 18 18 19
13 1 24 2 13 4 18 5 13 6 13 8 19 10 24 12 17 14 17 16 12 17 17 18 15 19 22
14 0 13 1 23 2 12 3 15 4 19 7 15 8 17 9 22 10 15 12 16 14 16 15 24 17 17 19 24
10 0 20 2 22 3 22 5 15 6 24 12 22 13 12 14 16 15 12 16 22
12 3 18 4 15 6 22 7 19 8 19 9 14 10 22 13 19 15 15 16 21 17 20 19 23
15 2 19 3 22 4 12 5 16 6 12 7 20 8 22 9 20 10 21 11 24 13 17 14 14 16 14 17 24 18 15
6
6 1 0.0022
10 4 0.0023
8 17 0.0021000000000000003
14 0 0.0016
5 12 0.0024000000000000002
8 7 0.0015
18
1 16 0.002 0.13344809678218206
7 16 0.0023 0.14009656118812078
1 7 0.0014 0.11243491183820893
1 3 0.0014 0.10812825467508524
19 11 0.002 0.13798658189999083
1 8 0.0016 0.13367390872195062
19 4 0.0012000000000000001 0.13982899742362503
15 3 0.0024000000000000002 0.137039266617622
7 1 0.0024000000000000002 0.10618153072366987
7 10 0.0024000000000000002 0.149054683786652
12 11 0.0022 0.14488409713223216
12 8 0.0021000000000000003 0.12325648699107694
9 18 0.0021000000000000003 0.13982405736484016
5 1 0.0018000000000000002 0.12939267129645848
17 14 0.0019 0.12015183515460431
16 13 0.0024000000000000002 0.11723813975239099
4 1 0.0024000000000000002 0.11292085079920358
8 4 0.0016 0.11463597669444026
