20
10 1 19 3 16 5 19 6 22 11 17 12 19 13 20 14 15 17 13 19 23
1 16 19
14 3 17 4 18 5 23 6 12 7 21 8 17 10 14 11 22 12 22 14 13 15 22 16 24 18 13 19 16
6 1 20 2 18 9 14 13 12 17 21 19 22
3 1 21 15 23 16 22
14 0 24 1 17 2 17 3 21 4 17 6 15 7 16 8 12 10 23 13 18 14 16 15 15 16 16 19 15
16 0 13 1 21 2 15 4 22 5 14 7 18 8 18 9 13 10 22 12 13 13 21 14 17 15 13 17 16 18 17 19 13
13 0 17 3 15 4 15 5 15 8 16 10 20 11 17 13 17 15 15 16 23 17 15 18 14 19 13
6 1 24 2 15 4 23 11 12 14 13 16 14
4 0 14 14 23 17 19 18 20
13 0 15 1 16 3 12 5 15 6 20 7 19 11 16 13 20 14 17 15 13 16 13 17 21 18 21
17 0 12 2 13 3 13 4 22 5 18 7 23 8 16 9 15 10 18 12 13 13 17 14 24 15 18 16 19 17 17 18 15 19 14
10 1 21 2 19 3 23 4 16 10 24 14 23 15 23 16 21 17 23 18 18
12 0 13 2 20 5 24 6 14 8 21 9 21 10 21 11 14 12 21 14 14 16 21 19 23
9 0 16 1 24 3 18 4 17 5 17 6 22 8 13 9 17 10 22
13 0 18 2 16 3 22 4 16 6 14 7 21 8 15 9 23 11 20 12 21 14 24 17 16 18 13
3 7 20 18 16 19 12
8 0 13 4 19 5 24 8 18 12 24 14 23 16 12 18 13
10 2 14 3 12 5 24 6 24 10 22 11 14 12 19 13 24 15 14 19 17
18 0 13 1 23 2 24 3 18 4 24 5 19 6 18 8 23 9 23 10 19 11 24 12 21 13 21 14 21 15 18 16 21 17 22 18 23
6
2 15 0.0013000000000000002
15 3 0.0017000000000000001
1 10 0.0018000000000000002
14 5 0.0022
19 18 0.0017000000000000001
10 16 0.0014
18
5 10 0.0018000000000000002 0.11051496567900693
14 3 0.002 0.10678100560239359
12 13 0.0022 0.11237351281787038
8 7 0.0021000000000000003 0.14387526668328038
3 5 0.0016 0.11709993810298489
14 4 0.002 0.14183810242544825
5 13 0.0017000000000000001 0.10277391914312235
3 10 0.0024000000000000002 0.11593176027820276
0 18 0.0012000000000000001 0.10973826575780705
8 10 0.0015 0.14806080760280507
3 5 0.0024000000000000002 0.1458364306147918
15 11 0.0018000000000000002 0.13403604472356762
9 5 0.0016 0.11027977663413373
2 6 0.0018000000000000002 0.10431970490235529
8 12 0.0012000000000000001 0.12362941595291084
5 14 0.0014 0.1118249720086547
7 19 0.0014 0.14295228472588167
0 6 0.002 0.12800389297120046
