20
18 1 18 2 19 3 24 4 21 6 12 7 16 8 15 9 20 10 24 11 20 12 14 13 22 14 21 15 23 16 15 17 15 18 19 19 18
4 3 12 8 19 16 20 18 17
7 0 16 1 17 5 12 9 20 10 18 11 23 19 19
9 0 23 2 21 6 19 8 22 9 14 10 20 15 23 16 13 18 20
7 2 12 5 24 7 13 12 16 14 18 15 22 18 13
2 7 23 18 16
4 7 12 9 12 13 22 18 13
15 0 20 1 23 2 12 3 20 4 20 5 22 8 20 9 14 10 14 11 19 13 18 14 17 16 14 17 19 18 21
8 0 12 3 19 6 16 12 12 13 24 15 22 16 20 19 19
1 10 22
13 1 15 2 18 3 23 4 21 6 18 7 20 8 13 9 24 11 24 12 18 13 12 15 13 19 19
8 0 20 1 19 3 13 4 20 10 22 12 15 14 18 19 17
13 1 14 4 18 5 15 6 14 7 21 8 20 9 13 10 24 13 21 14 13 15 20 17 20 18 19
9 3 16 6 20 9 15 10 14 11 17 14 15 15 15 17 17 19 20
6 2 14 3 24 5 21 8 22 9 18 11 13
10 1 12 3 17 4 23 9 19 10 22 11 23 12 21 14 20 16 18 18 21
16 0 17 1 24 2 14 3 24 5 24 6 18 7 12 8 15 9 23 10 12 12 20 13 19 14 20 15 14 17 13 18 13
12 0 21 1 19 2 24 3 16 4 13 6 12 7 14 10 18 13 13 14 18 16 13 19 20
16 0 20 1 23 4 13 5 15 6 19 7 14 9 24 10 17 11 19 12 19 13 22 14 15 15 19 16 13 17 15 19 18
9 0 12 2 17 3 24 6 22 9 23 13 20 14 14 17 15 18 18
6
3 14 0.002
18 12 0.0019
15 10 0.0015
14 3 0.0019
19 2 0.0013000000000000002
14 19 0.0024000000000000002
18
14 16 0.0019 0.1422054912321969
4 2 0.0013000000000000002 0.11409318087776156
7 8 0.0023 0.14459767150103137
4 13 0.0013000000000000002 0.1137404769690605
11 8 0.0024000000000000002 0.13042923212415897
18 8 0.0013000000000000002 0.13097247801573145
6 5 0.0021000000000000003 0.14987773138469593
17 18 0.0012000000000000001 0.14952944714834288
12 13 0.0017000000000000001 0.13168090045472142
7 3 0.0022 0.13702697638555444
5 15 0.0017000000000000001 0.10838252911199475
8 16 0.0012000000000000001 0.1492454540294585
4 16 0.0014 0.11669316425091569
2 11 0.002 0.10909988367614745
4 15 0.0012000000000000001 0.10734055208911189
14 9 0.002 0.14186747843472844
0 10 0.0019 0.11949470886501723
0 3 0.0012000000000000001 0.10157073427704824
