20
12 2 19 4 13 7 16 8 13 9 20 10 13 14 20 15 18 16 20 17 23 18 16 19 24
8 0 22 3 23 4 15 5 23 10 24 15 15 16 19 17 12
2 9 22 12 21
9 0 15 1 12 4 21 7 24 8 17 9 13 11 18 12 24 16 20
9 1 23 2 15 5 21 7 23 12 12 14 18 15 17 18 16 19 19
3 13 17 17 15 19 18
16 1 24 2 22 3 22 5 12 7 13 8 19 9 14 10 15 11 12 12 16 13 22 14 15 15 14 16 20 18 13 19 18
5 1 23 4 14 5 23 9 18 15 15
3 2 14 12 21 15 19
6 2 22 6 18 11 15 16 20 17 17 18 22
9 1 14 2 15 4 15 6 23 8 20 12 12 14 23 18 17 19 24
6 2 12 4 24 13 20 16 12 17 23 19 13
17 0 17 1 13 2 23 3 23 4 18 5 21 6 15 7 14 8 14 9 12 10 14 11 13 13 20 16 15 17 24 18 13 19 20
5 4 19 7 20 10 21 11 18 14 19
5 0 15 3 12 9 20 12 13 19 13
17 0 17 1 18 2 24 3 13 4 24 5 20 6 17 7 22 9 14 10 22 11 20 13 18 14 17 16 15 17 15 18 14 19 16
3 2 23 18 18 19 20
5 0 18 3 15 9 21 11 21 19 21
16 0 12 1 21 2 12 3 24 4 20 5 23 6 22 8 19 10 12 11 21 12 24 13 22 14 24 15 15 17 12 19 16
4 4 14 7 19 8 24 15 12
6
5 2 0.0018000000000000002
18 10 0.0014
1 16 0.0017000000000000001
6 19 0.0012000000000000001
7 8 0.0024000000000000002
17 5 0.0014
18
1 11 0.0024000000000000002 0.11423469424320369
18 17 0.0015 0.11390798605833663
13 19 0.0014 0.14905358500245788
10 14 0.0023 0.10431454399950837
4 11 0.0018000000000000002 0.12908400353344773
12 15 0.0014 0.13462680568209268
2 8 0.0019 0.13356987569884965
15 14 0.0013000000000000002 0.11281084935194712
12 0 0.002 0.12700358980185034
6 19 0.0016 0.140479909757299
2 15 0.0022 0.14155879015065395
4 6 0.0023 0.12122927877092461
16 6 0.0017000000000000001 0.12540017108160206
12 5 0.0016 0.13533938493550426
8 17 0.0018000000000000002 0.137337086487425
15 13 0.0012000000000000001 0.13188165049652195
12 8 0.0012000000000000001 0.11718512192492002
15 0 0.0013000000000000002 0.1422393516684683
