20
12 3 21 4 17 7 19 8 19 9 12 11 24 12 22 14 20 15 18 16 18 17 12 18 16
17 0 13 2 24 3 14 5 24 7 20 8 22 9 16 10 23 11 14 12 12 13 22 14 22 15 23 16 14 17 21 18 24 19 23
15 0 16 1 13 3 21 4 22 6 23 7 18 9 14 10 18 11 21 12 15 13 22 15 12 16 23 17 12 19 13
16 0 12 1 24 2 17 4 22 5 19 6 18 7 22 8 18 9 20 10 12 12 20 14 24 15 12 16 12 17 19 18 12
15 0 22 1 21 3 16 5 15 6 16 7 13 10 15 11 16 12 17 13 18 14 22 15 13 16 18 17 14 18 19
13 1 21 2 23 3 23 4 12 8 12 10 20 11 20 12 14 14 24 16 20 17 17 18 22 19 21
10 0 14 1 24 2 19 3 15 5 13 12 15 14 12 17 23 18 20 19 15
14 0 14 1 24 2 15 3 16 4 18 6 12 8 21 11 20 13 15 14 13 15 22 16 21 17 14 18 14
1 17 22
17 0 15 1 24 2 12 3 24 4 21 6 24 7 13 8 13 11 22 12 13 13 14 14 17 15 23 16 23 17 22 18 13 19 16
15 0 16 1 12 2 21 3 12 4 12 5 18 6 20 7 17 8 23 12 17 13 17 14 20 16 12 18 21 19 24
9 0 21 3 18 6 17 7 17 10 24 13 17 14 18 16 13 19 16
1 16 22
11 2 22 3 22 8 24 9 19 11 15 12 24 14 14 15 15 16 24 18 13 19 17
3 5 23 10 19 17 21
17 0 18 1 15 2 23 3 20 4 16 5 16 6 13 7 13 8 14 9 21 11 15 12 19 13 12 14 17 16 12 17 23 18 12
7 1 12 6 21 8 19 10 19 13 22 17 22 19 21
1 2 24
8 3 12 4 21 7 14 11 12 12 17 13 16 14 17 16 13
2 11 24 15 24
6
5 3 0.0017000000000000001
17 4 0.0017000000000000001
7 12 0.0024000000000000002
7 2 0.0013000000000000002
0 9 0.0024000000000000002
12 1 0.0017000000000000001
18
13 3 0.0017000000000000001 0.1382045373763156
11 16 0.0014 0.1491464778316049
5 11 0.002 0.13115318852238206
10 17 0.0014 0.14548867758000225
15 17 0.0021000000000000003 0.12986333616732323
4 13 0.0021000000000000003 0.12355583759693559
12 16 0.0012000000000000001 0.10603292995207775
14 16 0.002 0.11429648008266409
12 2 0.0022 0.14327764418906097
10 9 0.0023 0.13386380047268406
17 7 0.0024000000000000002 0.11912549244981813
10 19 0.0023 0.11345401245954881
9 3 0.0021000000000000003 0.11046535035353268
3 12 0.0017000000000000001 0.11081044382040772
3 15 0.0013000000000000002 0.12060603710494874
4 15 0.0012000000000000001 0.10033573663790869
16 5 0.0024000000000000002 0.12474419208751208
11 15 0.0012000000000000001 0.11104405058107797
