20
5 1 12 7 24 12 21 16 24 17 14
7 0 24 5 23 8 18 9 18 10 15 11 21 14 23
14 0 12 1 22 3 23 4 19 9 23 10 24 11 22 12 15 13 18 15 21 16 21 17 14 18 19 19 13
15 0 14 2 13 4 12 6 22 7 20 8 14 9 14 10 20 11 20 12 17 13 22 14 20 15 12 17 18 18 22
5 3 20 5 23 6 13 11 13 16 24
3 12 20 14 24 15 21
14 2 19 3 19 4 24 5 23 7 16 8 23 10 18 12 20 14 16 15 17 16 19 17 23 18 13 19 24
16 0 16 1 21 2 14 3 24 4 20 5 22 9 14 10 13 12 21 13 19 14 12 15 19 16 15 17 13 18 24 19 23
4 0 14 4 17 9 13 13 16
12 0 17 1 21 4 20 5 21 6 14 10 14 11 22 13 18 15 15 16 22 17 14 19 22
15 1 12 2 12 3 18 4 22 5 16 8 19 9 21 11 15 12 19 14 16 15 12 16 13 17 23 18 23 19 23
18 0 21 1 24 2 14 3 15 4 18 6 23 7 23 8 23 9 22 10 20 12 19 13 14 14 20 15 12 16 23 17 20 18 24 19 15
17 0 15 1 23 2 14 3 22 5 18 7 19 8 16 9 24 10 12 11 12 13 13 14 14 15 21 16 21 17 24 18 12 19 23
17 0 13 1 20 3 20 5 14 6 16 7 23 8 12 9 20 10 16 11 16 12 23 14 21 15 12 16 13 17 23 18 15 19 23
12 0 19 1 21 4 17 5 15 8 22 10 18 11 24 13 23 15 13 16 21 17 14 19 16
3 0 19 1 17 8 12
11 0 21 1 24 2 16 3 22 5 14 6 12 7 21 12 19 13 19 18 16 19 18
11 0 24 2 20 3 20 10 12 12 22 13 15 14 21 15 22 16 19 18 17 19 14
16 0 16 2 18 3 13 4 22 5 23 6 22 8 15 9 22 10 20 11 19 12 12 13 19 15 18 16 18 17 18 19 18
7 1 13 2 19 7 19 8 24 9 22 14 15 17 12
6
7 2 0.002
5 6 0.0019
15 11 0.0018000000000000002
7 17 0.0013000000000000002
7 16 0.0015
1 16 0.0012000000000000001
18
8 4 0.0016 0.13821504122224446
4 17 0.002 0.11937764677350204
10 12 0.0016 0.1480440328100082
8 5 0.0023 0.10971469967352993
2 10 0.0024000000000000002 0.11444693601514841
6 10 0.0015 0.1432528438325496
9 18 0.0013000000000000002 0.1421184281611736
15 7 0.0023 0.14102480745466436
2 0 0.0016 0.12364646019105963
0 1 0.0024000000000000002 0.1423166026969166
9 1 0.0024000000000000002 0.10912436762780633
8 15 0.0017000000000000001 0.13296004433043085
9 1 0.0022 0.13761215790076037
15 10 0.0013000000000000002 0.13857092198430127
13 14 0.0016 0.14457684225778214
10 7 0.0016 0.10449024263775844
15 7 0.0022 0.11167617763702034
5 0 0.0019 0.1326806169540586
