20
3 4 12 9 23 11 16
2 8 23 12 12
3 6 21 10 16 17 24
15 0 14 1 14 4 18 5 22 7 12 8 22 9 17 10 16 11 20 12 17 13 13 14 15 15 23 17 21 19 12
11 5 24 7 21 8 17 10 13 11 13 12 12 14 23 16 15 17 21 18 17 19 13
1 6 22
10 0 14 1 19 3 14 8 12 10 18 11 23 14 22 16 21 17 18 18 18
3 10 13 11 18 13 21
13 1 12 3 22 5 14 6 21 7 17 9 16 11 23 12 14 13 22 14 18 17 12 18 16 19 21
3 0 21 6 13 8 14
8 0 14 1 21 2 16 5 17 7 20 11 16 12 15 17 23
12 0 18 1 23 3 12 5 13 7 17 8 20 9 15 10 17 12 13 15 20 17 17 18 18
10 0 15 1 24 2 15 3 17 4 16 7 18 8 23 9 22 11 23 19 20
7 2 19 3 22 6 23 9 18 12 17 16 13 19 14
16 0 23 2 22 3 22 5 19 6 24 7 18 8 22 9 19 10 19 12 13 13 24 15 20 16 24 17 14 18 24 19 24
2 9 23 16 21
10 0 20 2 14 3 15 8 20 9 13 11 15 12 19 14 17 17 19 18 16
4 10 15 15 18 18 12 19 14
15 0 23 2 19 3 15 4 20 5 18 6 12 7 18 8 23 9 18 12 13 13 24 14 22 15 22 16 17 17 20
12 0 16 1 12 3 18 5 22 6 15 7 24 9 16 10 15 12 14 14 22 15 23 18 19
6
9 1 0.0012000000000000001
13 16 0.0018000000000000002
6 7 0.0013000000000000002
2 8 0.0018000000000000002
4 8 0.0019
8 13 0.0012000000000000001
18
11 16 0.0021000000000000003 0.10158468001165043
19 2 0.0018000000000000002 0.1276533972986605
12 1 0.0013000000000000002 0.10505960666548364
6 8 0.0021000000000000003 0.1052481937297225
10 19 0.0017000000000000001 0.11541101633681947
7 2 0.002 0.11154132333004106
15 18 0.0024000000000000002 0.11237933575973899
8 18 0.0012000000000000001 0.10393648273322953
12 0 0.0017000000000000001 0.12194749372836362
12 6 0.0016 0.14426635816137795
19 14 0.0018000000000000002 0.1434905674449848
14 9 0.0012000000000000001 0.1496844791361597
5 0 0.0022 0.14516311733385032
13 15 0.0017000000000000001 0.12469633771108245
0 9 0.0014 0.10319064331695535
14 0 0.0017000000000000001 0.1091319172554748
14 12 0.0022 0.14421183022649575
11 9 0.0019 0.14725423194635873
