20
9 2 19 4 23 5 19 8 22 11 23 13 20 14 22 16 14 17 17
12 2 12 4 19 5 21 7 13 9 17 10 24 11 20 12 15 13 18 17 19 18 20 19 23
6 1 22 6 16 10 18 11 21 16 12 17 18
5 0 24 5 21 8 20 10 19 13 12
8 0 22 2 23 3 20 5 16 9 23 10 19 11 15 16 17
17 0 20 1 20 2 19 3 22 4 21 6 20 9 24 10 24 11 18 12 21 13 23 14 23 15 19 16 12 17 18 18 21 19 16
18 0 18 1 22 2 12 3 13 4 15 5 12 7 23 8 22 9 20 10 24 11 17 12 24 13 12 14 23 16 13 17 20 18 18 19 17
12 1 17 3 21 4 20 8 24 9 22 12 21 13 18 14 16 15 22 16 15 18 16 19 24
11 1 14 4 14 7 13 9 14 10 16 12 22 13 17 15 23 17 19 18 22 19 14
1 14 21
4 4 21 9 19 14 22 15 21
11 0 15 1 16 2 16 4 17 5 22 7 24 8 19 9 13 13 14 14 14 19 23
2 9 16 17 23
13 0 17 2 12 4 18 5 14 6 14 9 17 10 12 12 16 14 21 15 19 16 24 17 19 19 15
6 2 12 3 22 6 18 7 21 16 16 17 21
10 1 22 5 23 6 18 7 22 10 12 11 18 14 24 16 12 18 20 19 24
3 0 13 9 14 17 22
11 0 17 4 21 6 14 7 17 8 14 9 14 11 15 12 12 14 23 15 22 19 16
1 2 23
7 2 20 4 22 5 12 8 21 9 12 15 17 16 20
6
10 19 0.0012000000000000001
9 8 0.002
6 14 0.0018000000000000002
4 19 0.0024000000000000002
19 16 0.0018000000000000002
1 8 0.0012000000000000001
18
1 2 0.0021000000000000003 0.12345597975946851
16 15 0.0023 0.12027101491456563
6 9 0.0014 0.1476072969477512
13 12 0.0024000000000000002 0.119862945962486
12 3 0.0019 0.10178572099516503
8 1 0.0012000000000000001 0.12548279149758645
9 6 0.0016 0.1426078007592701
0 12 0.0012000000000000001 0.12078197946628066
12 14 0.0016 0.12965016422507253
2 3 0.0019 0.10086639268238229
0 3 0.0021000000000000003 0.11208681436804807
8 16 0.0019 0.14290917235202977
5 14 0.0023 0.13436835155748292
4 18 0.0024000000000000002 0.13437554565125717
1 13 0.0022 0.14885917767325266
12 14 0.0024000000000000002 0.1036287379675105
18 2 0.0024000000000000002 0.1287173375036166
14 7 0.002 0.12900597828873026
