20
17 1 14 3 22 4 12 5 19 6 15 7 14 9 16 10 18 11 12 12 19 13 23 14 16 15 17 16 18 17 13 18 22 19 24
2 11 23 14 16
11 0 17 1 16 3 24 5 18 7 22 11 23 12 13 14 18 15 14 16 13 18 15
14 0 17 1 12 2 23 4 23 5 13 7 22 8 24 10 19 11 16 13 22 14 20 15 18 17 21 18 23
17 0 13 2 12 3 22 5 14 6 21 8 14 9 18 10 17 11 18 12 19 13 18 14 19 15 20 16 18 17 14 18 19 19 13
6 0 21 3 16 6 16 7 18 8 22 19 20
16 0 19 1 15 2 21 3 13 4 19 5 15 8 15 10 15 11 15 12 20 13 22 15 16 16 21 17 13 18 20 19 24
13 0 19 2 17 3 19 5 14 6 13 9 24 10 23 11 22 13 22 14 15 17 12 18 18 19 17
13 2 18 3 16 4 20 5 20 6 24 7 24 9 21 11 16 13 23 14 13 16 12 18 19 19 21
17 0 12 2 19 3 13 4 22 5 13 6 21 7 13 8 15 10 16 11 20 12 19 13 20 15 16 16 24 17 23 18 21 19 19
18 0 13 1 15 2 15 4 18 5 24 6 19 7 15 8 17 9 21 11 21 12 14 13 23 14 23 15 21 16 23 17 16 18 19 19 18
9 1 24 2 14 5 21 6 20 7 20 9 21 13 23 16 18 17 20
13 0 19 1 17 2 24 3 16 4 19 5 16 6 22 7 21 8 24 13 19 15 24 16 17 19 22
14 0 15 1 21 2 12 3 12 4 24 5 13 7 17 8 13 9 17 11 17 12 19 15 16 17 23 18 14
9 1 13 2 17 5 18 6 13 7 16 10 12 11 13 12 18 18 19
15 0 15 1 15 2 21 3 15 4 20 5 16 6 13 8 19 9 22 10 18 11 24 12 14 14 19 17 13 19 18
10 0 19 1 14 2 17 3 17 6 13 7 20 11 17 13 19 15 19 18 21
16 0 20 1 22 2 24 5 21 6 20 7 15 8 12 9 19 10 24 11 13 12 14 13 19 15 21 16 17 18 15 19 15
15 0 21 2 23 3 13 5 23 7 17 8 12 9 20 10 15 11 18 12 12 13 13 14 16 15 19 16 15 19 23
5 2 17 4 23 5 14 7 24 8 13
6
3 9 0.0014
12 11 0.0016
3 15 0.0022
6 8 0.0015
8 13 0.0018000000000000002
17 7 0.0017000000000000001
18
12 10 0.0017000000000000001 0.11593679711733942
11 8 0.0021000000000000003 0.1086031218177751
17 3 0.0019 0.12443642403776682
18 19 0.0022 0.14830814812176035
19 10 0.0019 0.1165460971839856
2 14 0.002 0.11945189249029706
2 4 0.0023 0.11849621216849288
18 16 0.0022 0.12192530700504398
19 15 0.002 0.1134426680301462
9 8 0.0021000000000000003 0.1117095227373209
12 5 0.0012000000000000001 0.1000891433093545
14 15 0.0017000000000000001 0.11927805234413505
7 3 0.0021000000000000003 0.10332214021379374
9 19 0.0013000000000000002 0.13588103491808404
8 17 0.0017000000000000001 0.13890983491213035
10 11 0.0018000000000000002 0.11779360636457488
8 15 0.0013000000000000002 0.1111596977410977
4 11 0.0013000000000000002 0.12863274013095308
