20
12 1 12 2 24 4 12 5 22 6 22 8 16 10 17 12 17 13 20 14 20 15 12 17 15
8 5 17 8 24 9 21 11 14 15 16 16 14 18 13 19 14
1 12 15
18 0 15 1 21 2 14 4 20 5 19 6 16 7 15 8 16 9 18 10 21 11 17 12 24 13 14 15 22 16 16 17 12 18 13 19 20
1 11 17
17 0 16 1 15 2 19 3 19 4 14 6 21 7 13 8 18 9 14 10 19 11 18 12 18 13 12 14 14 16 16 17 17 18 23
6 2 18 3 15 4 17 5 12 11 17 19 23
8 0 23 2 21 5 19 9 14 11 23 13 15 16 15 19 20
4 3 13 6 20 12 15 19 17
13 0 14 1 14 2 21 3 21 4 15 6 19 10 17 14 13 15 21 16 22 17 13 18 17 19 23
4 0 19 2 15 7 15 11 15
2 0 16 12 15
16 0 16 1 13 2 21 3 23 4 12 5 24 6 13 7 17 8 12 9 19 11 16 13 17 14 15 15 22 16 17 18 23
10 0 21 1 21 3 12 5 24 6 17 7 18 9 15 11 15 15 21 19 24
5 0 18 7 24 10 18 12 16 16 17
18 0 23 1 18 2 18 3 17 4 12 6 24 7 17 8 19 9 12 10 20 11 23 12 15 13 14 14 14 16 16 17 22 18 19 19 18
15 0 13 1 20 3 16 5 23 7 14 8 14 9 14 10 14 11 16 13 14 14 19 15 17 17 22 18 24 19 16
4 2 21 16 24 18 13 19 20
12 1 23 2 22 3 12 4 19 7 15 8 16 9 21 13 15 15 20 16 18 17 19 19 15
15 0 13 1 17 2 23 3 18 4 12 5 16 6 17 7 12 8 15 11 17 12 19 13 24 16 23 17 16 18 16
6
14 19 0.0019
3 10 0.002
2 3 0.0018000000000000002
9 17 0.0015
5 7 0.0012000000000000001
18 12 0.0018000000000000002
18
9 14 0.0019 0.10098180049776304
5 14 0.0023 0.1390522356853081
11 13 0.0012000000000000001 0.12014615291266958
8 1 0.0019 0.11039023116658743
16 4 0.0023 0.11927972272346501
6 14 0.0022 0.12087561300488373
16 19 0.002 0.13840593158904818
18 19 0.0014 0.1325831156691481
6 19 0.0023 0.10405846430306358
12 14 0.0012000000000000001 0.13456027496127765
6 17 0.0017000000000000001 0.11483125953146485
9 15 0.0017000000000000001 0.11111946535987456
15 14 0.0022 0.12472396524178055
15 9 0.0022 0.14890330615265338
4 15 0.0018000000000000002 0.14720171631042706
8 13 0.0016 0.14792212395663937
8 2 0.0024000000000000002 0.13046205915743653
5 4 0.0024000000000000002 0.1477110701750839
