20
4 5 17 6 15 11 19 15 18
1 2 19
14 0 15 1 13 4 18 7 22 9 13 10 18 11 24 13 14 14 17 15 17 16 21 17 17 18 24 19 24
18 1 21 2 15 4 18 5 12 6 20 7 19 8 21 9 23 10 23 11 16 12 12 13 12 14 18 15 18 16 16 17 18 18 15 19 13
5 3 22 9 14 13 24 14 15 16 20
8 1 17 6 15 7 18 10 14 11 21 13 17 14 23 16 13
5 0 15 7 20 12 12 16 20 18 15
5 0 15 1 19 3 23 8 21 19 13
10 0 18 1 22 3 17 4 19 6 19 9 17 10 15 11 15 14 21 19 20
8 1 22 5 20 6 18 7 17 8 18 14 18 15 13 16 15
14 0 13 1 14 2 21 3 20 4 18 5 21 6 16 8 16 9 17 12 17 14 18 15 13 17 16 19 14
8 1 12 2 19 3 13 4 13 8 14 13 18 17 19 19 12
6 9 23 10 14 14 20 15 12 16 21 18 14
12 2 20 3 19 5 13 7 24 8 19 9 14 10 12 11 19 14 12 15 19 16 21 17 20
16 0 24 1 13 2 23 4 16 5 14 6 22 7 19 8 23 9 24 10 24 12 15 13 20 15 13 17 23 18 13 19 15
5 5 18 8 19 11 23 16 13 19 22
18 0 24 1 15 2 17 3 21 4 16 5 17 6 24 7 24 8 21 9 22 10 17 11 20 12 20 13 20 14 21 15 22 17 17 18 23
11 0 22 2 20 4 20 6 12 8 18 9 16 10 22 12 19 13 20 14 12 15 12
5 2 22 8 24 11 17 15 16 16 22
9 0 23 1 15 2 23 6 24 9 18 12 20 14 15 16 23 17 15
6
1 4 0.0019
1 7 0.0016
11 6 0.002
16 0 0.0014
17 4 0.0019
11 6 0.0019
18
3 15 0.0018000000000000002 0.1318918640306812
6 14 0.0024000000000000002 0.12263298513736806
6 4 0.0014 0.12143311861769682
6 0 0.0015 0.12180312955265242
19 4 0.0024000000000000002 0.12338395107907178
7 3 0.0018000000000000002 0.11263222215581012
3 17 0.0012000000000000001 0.12682475618056357
19 3 0.002 0.12458264559433364
17 13 0.0018000000000000002 0.12262804811675776
10 5 0.002 0.1431714057004993
15 19 0.002 0.14621515775628843
7 4 0.0023 0.14099135600334964
0 19 0.0024000000000000002 0.13019573878278834
13 5 0.0014 0.11510809936133384
9 4 0.0023 0.10332772027993502
10 9 0.0024000000000000002 0.12060554200328331
13 4 0.0014 0.14008864357929565
12 15 0.0019 0.11747221261025459
