20
7 1 22 3 21 6 17 8 21 11 22 16 24 19 14
4 2 13 12 15 16 21 19 18
9 3 20 5 16 7 22 9 24 10 19 14 22 16 23 17 22 19 24
3 7 13 15 17 19 14
12 0 14 2 24 3 23 5 15 6 14 7 21 8 24 9 13 10 15 14 20 16 12 19 13
5 12 15 13 24 17 24 18 19 19 19
2 1 13 8 19
11 0 19 1 12 2 23 3 14 5 19 6 23 10 22 11 17 13 22 14 20 18 24
17 0 21 1 22 2 17 4 13 6 18 7 23 9 16 10 13 11 22 12 17 13 19 14 22 15 13 16 16 17 14 18 12 19 23
12 0 24 2 23 4 24 5 22 6 12 7 21 10 19 11 24 12 16 13 24 14 20 17 13
13 0 22 1 24 2 20 4 14 7 12 8 22 9 15 11 19 12 23 13 23 17 18 18 19 19 16
3 7 12 8 23 18 23
7 2 14 4 14 6 13 7 17 11 12 13 18 16 21
4 1 23 2 22 7 14 12 15
12 0 23 2 18 3 14 5 15 6 19 7 14 8 18 12 14 13 20 15 12 17 16 19 22
9 1 15 3 15 9 23 12 16 13 14 14 14 16 22 17 23 18 20
18 0 20 1 14 2 15 3 18 4 24 5 22 6 15 7 21 8 24 9 24 10 13 11 20 12 24 14 13 15 19 17 13 18 24 19 24
15 0 21 2 22 3 17 4 24 5 20 6 14 9 20 10 18 12 15 13 15 14 19 15 14 16 13 18 19 19 21
4 1 21 2 12 10 12 11 15
8 2 12 3 13 4 18 6 20 8 13 9 15 11 13 12 21
6
15 13 0.0016
18 13 0.0019
8 11 0.0019
16 14 0.0021000000000000003
2 3 0.0019
18 19 0.0018000000000000002
18
0 8 0.0024000000000000002 0.14526857747253466
1 15 0.0022 0.14099983408721906
18 0 0.0014 0.10288537808689834
11 13 0.0023 0.1449674589967396
2 9 0.0022 0.1290315196756105
2 9 0.0022 0.1068025757929035
12 4 0.0015 0.14247394417982
11 9 0.0017000000000000001 0.1204350597681681
18 16 0.0018000000000000002 0.10596756251911105
11 16 0.0018000000000000002 0.14999155079501544
18 17 0.0014 0.13418875739179675
15 12 0.0014 0.14656835273254729
7 13 0.0022 0.10673670638097457
16 0 0.0022 0.14247066386030544
16 15 0.0013000000000000002 0.13251437990632625
9 19 0.0013000000000000002 0.1229664971745392
7 15 0.0022 0.14905706526817714
14 6 0.0019 0.1076866075277858
