20
10 1 13 7 19 9 20 10 13 11 19 12 18 14 18 16 15 18 17 19 14
11 0 19 2 13 5 17 6 20 7 19 8 16 9 12 11 18 14 15 16 22 17 24
14 0 19 1 16 3 15 5 16 6 14 7 15 9 22 10 16 11 17 12 21 13 14 17 15 18 13 19 21
12 1 22 4 22 5 21 6 24 8 15 10 20 12 22 13 23 14 19 15 22 18 20 19 18
17 0 14 1 18 2 18 3 17 5 24 6 24 7 21 8 18 10 23 11 16 13 22 14 14 15 18 16 23 17 13 18 20 19 18
14 0 12 1 18 2 18 3 15 4 18 6 14 8 13 10 13 12 22 13 21 15 20 16 16 17 18 19 19
3 3 13 4 17 15 12
11 1 21 3 23 4 21 6 15 8 21 9 13 10 21 12 22 13 21 14 17 16 23
8 6 13 10 18 11 12 13 21 15 19 16 14 17 19 18 17
13 1 21 4 18 5 16 6 14 7 18 8 18 10 14 11 19 12 22 13 15 15 18 17 16 19 14
13 0 14 1 14 2 14 4 20 5 23 7 21 8 13 12 21 13 20 16 15 17 21 18 20 19 18
8 3 21 4 17 10 16 12 19 14 13 16 20 17 23 18 18
3 1 16 7 19 19 22
8 2 15 6 12 10 13 11 14 12 16 16 19 17 20 18 20
7 1 15 2 15 3 18 6 18 7 22 11 15 15 17
16 1 13 2 20 5 12 6 21 7 19 8 17 9 23 10 12 11 14 12 16 13 22 14 20 16 12 17 18 18 19 19 14
6 1 16 5 23 10 21 12 15 15 17 17 12
4 0 19 1 22 8 19 13 12
16 0 22 1 20 3 19 5 15 7 22 8 24 9 21 10 20 11 21 12 12 13 13 14 14 15 22 16 21 17 23 19 13
2 1 22 3 19
6
15 10 0.0016
15 14 0.0022
3 13 0.002
13 17 0.0013000000000000002
12 13 0.0022
14 4 0.0023
18
7 6 0.0012000000000000001 0.11772672901166524
4 18 0.0013000000000000002 0.13102011250417095
13 15 0.0016 0.132748376449768
14 9 0.0015 0.1088060477221756
9 17 0.0015 0.13364662193713436
17 3 0.002 0.11028173254466662
7 11 0.0016 0.11964501492811688
6 11 0.0022 0.14656129325447273
12 19 0.0016 0.12045538699776161
18 5 0.0021000000000000003 0.12636006608245692
17 15 0.0021000000000000003 0.11369655637913602
5 11 0.0015 0.13852410513046307
3 15 0.0014 0.1424738989246038
17 12 0.0012000000000000001 0.11073537530493442
5 11 0.0013000000000000002 0.10583392626190687
14 9 0.0014 0.1484376857225761
4 3 0.0019 0.11514489810626517
10 3 0.0017000000000000001 0.11162073898884399
