20
10 1 17 2 15 4 16 5 19 7 19 14 21 16 14 17 21 18 24 19 16
8 0 23 3 16 5 15 6 20 11 18 13 14 17 19 18 12
7 1 21 4 24 6 21 9 15 10 13 14 17 15 19
15 0 14 1 18 2 12 4 23 5 14 7 18 9 18 10 23 11 16 12 23 14 20 15 16 16 21 17 18 19 15
18 0 16 1 18 2 22 3 23 5 18 6 23 7 15 8 15 9 18 10 15 11 21 13 12 14 23 15 22 16 24 17 16 18 17 19 24
2 9 20 18 17
2 9 15 12 12
11 0 12 1 19 2 12 5 21 6 21 8 21 10 14 11 24 15 21 16 20 17 12
11 0 19 2 12 4 22 6 24 10 12 13 14 14 12 16 14 17 21 18 24 19 14
9 1 24 4 23 5 21 6 23 10 20 14 15 17 18 18 23 19 23
4 7 20 8 19 9 14 18 17
4 0 12 10 13 14 22 15 17
12 0 16 1 23 3 19 4 23 5 15 7 18 11 22 13 22 15 13 16 13 17 16 19 21
5 6 14 9 12 12 23 14 15 16 24
7 0 15 1 12 3 16 4 18 5 21 8 18 19 23
2 17 19 19 21
2 10 13 19 12
7 0 16 2 14 5 17 6 19 7 24 10 15 11 16
9 0 16 1 15 6 21 7 13 8 23 9 23 10 23 12 22 13 22
10 1 15 4 21 5 13 6 23 7 13 9 12 12 15 16 24 17 16 18 15
6
12 4 0.0024000000000000002
17 18 0.0023
14 1 0.0019
19 12 0.0015
1 19 0.0018000000000000002
17 7 0.0012000000000000001
18
12 14 0.0012000000000000001 0.13497416122324288
6 12 0.0017000000000000001 0.11157054178031585
14 7 0.0021000000000000003 0.10672097261548127
16 9 0.0013000000000000002 0.13876190641336253
13 1 0.0015 0.11113906287513087
9 14 0.0024000000000000002 0.1382261319888708
13 18 0.0017000000000000001 0.1385261784688415
0 12 0.0013000000000000002 0.14721990279193709
12 7 0.0014 0.13057794688700447
7 19 0.0022 0.1221619799254907
9 12 0.0012000000000000001 0.13572563409824304
13 3 0.0019 0.1458979395261277
7 0 0.0015 0.10399917844978693
10 11 0.0013000000000000002 0.10163479574977069
17 14 0.0015 0.11526496345954738
8 6 0.0012000000000000001 0.14694809819133647
0 19 0.0021000000000000003 0.13264365924831872
14 12 0.0024000000000000002 0.141764942549939
