20
5 6 16 11 24 12 14 13 15 18 24
3 2 24 6 12 13 12
10 0 21 1 16 3 18 4 24 9 20 10 17 11 19 12 19 13 13 19 15
1 7 19
10 2 12 3 22 5 17 6 24 11 21 12 22 13 22 15 24 17 23 19 17
13 2 18 3 13 4 12 6 20 7 18 11 23 13 15 14 17 15 20 16 21 17 22 18 15 19 17
3 5 14 12 20 18 14
17 0 14 1 24 2 15 4 17 5 14 6 19 8 13 9 13 10 20 11 23 12 21 13 19 14 23 15 22 16 21 17 23 19 23
6 6 22 7 20 11 21 13 20 15 14 17 23
4 0 21 6 22 11 12 18 23
5 0 15 3 14 9 13 15 17 19 13
1 19 20
11 0 14 1 24 3 17 5 12 9 22 10 16 11 21 13 16 15 19 17 14 18 19
3 9 16 10 12 11 20
17 1 23 2 12 3 16 4 16 6 22 7 12 8 23 9 16 10 21 11 21 12 22 13 23 15 12 16 12 17 21 18 17 19 17
10 0 19 1 20 2 24 3 17 4 24 9 14 13 24 14 16 17 13 19 13
14 0 13 2 23 3 20 5 12 6 24 8 15 9 24 10 19 12 12 13 23 14 14 15 19 17 15 18 15
10 0 12 2 23 7 22 8 19 9 18 10 20 11 22 13 22 14 14 15 20
1 3 16
14 0 23 2 23 5 13 6 14 7 13 8 22 9 19 10 21 12 17 13 14 15 23 16 15 17 17 18 19
6
11 4 0.0017000000000000001
6 1 0.0015
13 14 0.0017000000000000001
19 11 0.0015
14 9 0.0021000000000000003
0 14 0.0015
18
11 7 0.0023 0.11017261581749367
11 1 0.0013000000000000002 0.1156418304528128
6 17 0.0017000000000000001 0.14733036101766855
2 8 0.0018000000000000002 0.14455428469227777
9 8 0.0015 0.12881088524991685
18 2 0.0012000000000000001 0.10134402173055237
15 1 0.0021000000000000003 0.12923480713609972
7 8 0.0015 0.14617140042669244
3 2 0.0019 0.14245879111239365
16 3 0.0012000000000000001 0.14799541569121402
9 13 0.0015 0.13808505441353033
5 12 0.0017000000000000001 0.14263199714008507
15 12 0.0021000000000000003 0.13683327232427378
19 6 0.0014 0.1484641345977853
10 16 0.0023 0.14295064577272684
10 9 0.0015 0.1302923567260952
3 0 0.0022 0.10423836652525467
13 16 0.0018000000000000002 0.1467146330564074
