20
5 5 24 11 16 12 16 14 19 15 21
17 0 24 2 15 3 23 4 22 5 12 6 15 7 17 8 21 9 17 10 14 11 12 12 18 13 20 15 24 17 13 18 18 19 14
4 9 19 11 24 14 24 18 12
14 0 22 4 13 5 19 6 24 7 18 8 19 9 23 13 15 14 19 15 21 16 23 17 21 18 24 19 22
10 1 12 3 20 8 23 9 23 10 14 14 15 15 17 17 19 18 17 19 13
13 1 14 2 17 3 21 4 21 6 24 7 20 9 14 10 17 12 23 13 22 14 20 15 20 16 17
14 0 13 1 17 4 22 5 22 7 17 8 24 9 24 10 13 12 18 13 14 14 12 17 18 18 19 19 16
15 0 12 1 13 2 21 3 13 5 23 9 23 10 24 11 13 12 21 13 17 14 12 15 20 17 23 18 13 19 21
10 0 15 1 22 2 17 5 18 9 21 10 23 12 21 17 15 18 14 19 12
11 0 20 1 17 3 17 4 24 5 18 8 20 11 17 12 16 13 16 16 19 17 13
12 2 15 5 19 6 19 8 18 11 14 12 18 14 13 15 21 16 14 17 22 18 24 19 12
15 0 17 4 16 5 12 6 16 7 12 9 14 10 18 12 17 13 18 14 23 15 18 16 15 17 12 18 15 19 16
4 7 23 15 12 16 22 19 20
2 9 14 18 20
12 1 18 2 17 3 13 5 20 9 21 11 18 12 14 15 19 16 19 17 17 18 19 19 21
1 13 22
6 1 14 4 23 5 15 9 20 12 24 17 12
16 1 21 2 13 3 16 4 24 5 16 6 22 8 16 9 13 11 21 12 18 13 20 14 12 15 16 16 24 18 16 19 24
6 0 22 2 23 10 15 11 17 16 22 19 18
14 1 19 4 24 5 16 6 12 7 20 8 13 9 16 10 15 13 14 14 13 15 16 16 19 17 20 18 23
6
8 11 0.0018000000000000002
14 0 0.0012000000000000001
19 6 0.0013000000000000002
0 6 0.0019
10 9 0.002
6 2 0.0013000000000000002
18
10 9 0.0017000000000000001 0.1467829237111073
1 15 0.0018000000000000002 0.14339075861598288
2 7 0.0022 0.13512111505530336
2 14 0.0024000000000000002 0.1197052504298621
8 16 0.0024000000000000002 0.105630791670771
0 7 0.002 0.12541179549782738
11 10 0.0023 0.12664219371365848
8 14 0.0021000000000000003 0.13060745023016646
12 2 0.0016 0.11642687327593662
4 1 0.0023 0.14094329877557296
17 3 0.0023 0.11559795109784599
7 4 0.0018000000000000002 0.1430756988383417
16 9 0.0018000000000000002 0.12145053018373035
9 18 0.0024000000000000002 0.1314135661512454
10 13 0.0018000000000000002 0.1320927147098135
18 3 0.0012000000000000001 0.12126148345056052
10 11 0.0017000000000000001 0.14780478645682854
10 13 0.0016 0.12951375964127995
