20
4 7 19 9 24 15 17 18 20
2 2 24 10 13
2 17 16 19 20
18 0 16 1 15 2 12 4 23 5 23 6 19 7 15 8 16 9 22 10 20 11 14 13 13 14 24 15 16 16 22 17 17 18 23 19 12
2 9 19 18 14
16 0 12 1 23 2 22 3 16 4 20 7 21 8 19 9 20 10 19 11 19 13 14 14 18 16 17 17 16 18 20 19 19
15 0 21 1 13 2 19 3 17 4 12 9 17 10 18 12 17 13 22 14 18 15 24 16 21 17 13 18 12 19 15
10 1 16 5 20 6 15 10 23 12 22 13 15 15 12 16 16 17 19 19 17
7 3 20 7 15 11 12 12 14 14 19 16 21 17 14
7 3 24 4 15 10 13 12 23 13 22 16 21 17 12
5 8 21 9 12 13 15 14 21 17 17
3 1 14 9 24 16 19
12 0 15 1 21 3 21 4 20 5 24 7 18 8 23 9 14 13 13 15 16 16 20 18 18
11 0 19 3 19 6 15 7 15 9 15 10 13 11 12 12 21 14 23 18 17 19 20
8 1 15 2 24 3 19 4 17 5 16 9 16 10 15 12 23
5 1 19 7 23 16 24 18 17 19 17
8 3 23 4 23 6 23 9 19 10 15 14 24 18 18 19 17
8 2 23 3 12 5 14 9 13 11 23 12 22 16 17 18 20
5 0 19 1 14 10 18 12 24 17 23
2 3 21 9 16
13
16 3 0.0022
0 4 0.0012000000000000001
14 0 0.0022
8 16 0.0024000000000000002
6 10 0.0024000000000000002
1 11 0.0022
18 2 0.0023
15 14 0.0019
2 12 0.0023
7 12 0.0013000000000000002
0 4 0.0022
2 17 0.0023
19 17 0.0014
26
5 14 0.0018000000000000002 0.13318772914452662
10 12 0.002 0.13147001109198597
5 6 0.0019 0.13344468829561465
19 12 0.0022 0.14065007750105918
0 1 0.0016 0.12923887553348354
16 17 0.0022 0.10451813994955106
3 11 0.0013000000000000002 0.10103205379837149
1 16 0.0015 0.12890534965596548
5 11 0.0017000000000000001 0.12901124142331508
13 6 0.0014 0.14188816314123348
5 0 0.0014 0.11380099565942152
10 3 0.0012000000000000001 0.12008795572077434
4 2 0.0012000000000000001 0.14528369350618492
7 10 0.0016 0.14794489868708438
4 3 0.0023 0.1055557612215447
12 16 0.0019 0.13833046198853097
2 6 0.0023 0.11069201057496693
17 6 0.0014 0.11762191724853642
6 13 0.0013000000000000002 0.11895646793123398
16 4 0.002 0.12417911731654013
13 0 0.0022 0.14039111793203238
11 2 0.0022 0.10329416371891927
2 15 0.0021000000000000003 0.13864226205905253
0 13 0.0012000000000000001 0.13083251932002737
12 8 0.0016 0.14906848893657643
12 1 0.0018000000000000002 0.11554692259364922
