20
11 2 19 3 18 5 18 10 17 11 24 12 19 14 13 16 23 17 20 18 14 19 17
7 2 13 7 21 12 21 13 22 17 24 18 23 19 17
11 0 12 1 13 3 15 4 23 5 12 8 15 10 23 11 19 15 17 16 14 17 19
6 0 16 1 19 9 21 10 17 11 23 13 14
3 0 15 7 18 10 17
13 1 23 2 23 3 19 4 13 6 20 7 17 8 12 12 13 13 17 14 16 15 15 17 14 18 22
12 0 20 2 23 4 14 7 18 8 19 9 21 11 16 13 17 15 13 16 18 18 18 19 23
6 1 18 3 13 4 21 9 18 14 19 19 16
11 0 12 1 18 2 23 3 12 4 23 5 12 10 21 11 20 12 15 15 13 17 17
9 0 22 2 18 4 20 5 24 6 15 8 21 11 22 13 14 18 21
4 0 17 16 17 17 22 19 18
1 1 24
10 1 22 3 15 4 18 5 17 6 18 7 22 8 23 14 21 15 16 18 17
2 2 12 15 13
10 1 12 2 24 3 16 5 23 6 23 9 19 15 16 16 15 18 19 19 23
1 9 13
14 0 18 1 18 3 22 4 15 5 14 6 24 8 12 9 12 11 23 12 13 13 14 15 21 18 24 19 22
12 2 16 3 17 4 21 5 15 6 17 8 24 10 12 11 22 13 23 14 21 16 16 18 23
11 1 17 5 22 6 22 10 23 11 12 12 22 13 17 14 16 16 12 17 18 19 23
13 1 19 2 18 3 12 4 19 5 14 6 18 7 14 9 19 11 19 12 24 13 23 14 19 16 15
13
1 15 0.0013000000000000002
5 16 0.0024000000000000002
9 10 0.0022
15 1 0.0024000000000000002
12 15 0.0018000000000000002
12 2 0.0017000000000000001
11 3 0.002
13 17 0.0014
15 13 0.002
9 14 0.0018000000000000002
7 18 0.0017000000000000001
4 19 0.0014
14 18 0.002
26
11 6 0.0022 0.10000240897925046
17 9 0.0022 0.10045651777215323
8 18 0.0012000000000000001 0.13445726097667396
19 17 0.0023 0.13983388945823313
8 1 0.0015 0.12226366257530907
5 9 0.0021000000000000003 0.11618661477842664
4 0 0.002 0.13074389639357314
5 15 0.0021000000000000003 0.128452402523901
10 7 0.0023 0.14600294422811935
1 17 0.0015 0.13420875487772813
4 19 0.0024000000000000002 0.12888579610816805
0 5 0.0015 0.11394312514018697
3 18 0.0012000000000000001 0.12812576837015602
3 0 0.0021000000000000003 0.1002456160360626
8 18 0.0022 0.1315207893895475
0 11 0.002 0.10096295558924438
6 0 0.0022 0.12035685414118764
13 7 0.0013000000000000002 0.14938505208652098
3 19 0.0014 0.10410550937728846
12 19 0.0014 0.11132794425060169
9 11 0.0023 0.12010482993563967
17 1 0.0014 0.11391123279360643
15 2 0.0017000000000000001 0.13544857070899846
3 4 0.0017000000000000001 0.10168694324694051
14 9 0.0015 0.1108889845220344
3 18 0.0013000000000000002 0.1207521163832535
