20
15 1 23 2 12 3 24 4 17 5 17 6 24 7 23 8 18 9 16 10 14 11 14 13 23 14 16 16 14 18 23
12 0 18 5 20 9 12 10 24 11 23 12 23 13 17 15 18 16 23 17 17 18 18 19 23
7 0 22 1 20 5 24 6 20 9 17 10 23 16 16
14 0 22 2 20 4 15 5 18 6 23 7 17 8 14 10 22 11 20 12 21 13 12 14 18 15 12 17 12
15 1 20 2 13 5 16 6 23 7 17 8 12 9 16 10 24 11 18 13 15 14 12 15 24 16 23 17 22 18 24
13 0 22 1 23 3 20 4 14 8 19 9 12 10 17 11 16 12 19 14 15 16 23 18 14 19 13
11 0 23 2 17 4 20 11 23 12 12 13 23 14 16 15 15 16 12 17 16 18 21
9 0 21 2 15 3 16 5 12 6 15 10 17 12 17 16 23 19 23
11 0 13 2 21 4 13 5 20 7 20 9 20 10 22 13 17 14 22 16 13 18 18
9 0 15 2 13 3 22 4 21 14 21 16 19 17 23 18 13 19 20
1 9 21
5 2 12 3 21 5 20 12 21 19 23
18 0 12 1 18 2 16 3 17 4 23 5 21 6 12 7 19 8 20 9 12 10 17 11 12 13 21 14 24 16 20 17 12 18 24 19 23
8 1 23 2 17 3 20 11 21 15 18 17 24 18 24 19 23
7 2 12 6 17 7 18 9 17 11 12 15 16 17 23
2 5 22 11 20
18 0 20 1 12 2 12 3 24 4 21 5 21 6 21 7 18 8 19 9 16 10 15 11 13 12 23 13 23 14 20 15 21 17 20 19 23
14 1 23 2 18 3 13 4 15 5 23 6 23 8 17 9 12 11 12 12 12 13 17 14 22 16 20 18 23
9 0 17 1 18 7 22 9 23 10 14 13 19 14 24 15 18 19 21
1 2 17
13
4 12 0.0023
13 15 0.0019
13 9 0.0021000000000000003
0 14 0.0023
8 1 0.0012000000000000001
15 1 0.0023
19 0 0.0012000000000000001
5 11 0.0014
5 11 0.0022
5 19 0.0024000000000000002
19 2 0.0013000000000000002
14 0 0.0018000000000000002
8 17 0.0014
26
5 2 0.0016 0.11256370695671959
11 12 0.0024000000000000002 0.13680713583398538
4 1 0.002 0.1328401720689013
8 16 0.0013000000000000002 0.12062859332525039
19 1 0.0018000000000000002 0.11934451909956359
13 12 0.0014 0.12586727494948963
15 12 0.0024000000000000002 0.10753019224842178
13 18 0.002 0.12457098282622314
8 16 0.0018000000000000002 0.10283472831939802
10 18 0.002 0.1385601499419157
14 9 0.0015 0.14593071603782906
18 17 0.0013000000000000002 0.12772556306932273
16 8 0.0024000000000000002 0.1475722545295463
12 10 0.0015 0.132375541710675
19 11 0.0014 0.13076818199510376
14 17 0.0024000000000000002 0.11489066568982091
18 14 0.0023 0.10872563898808568
10 9 0.0018000000000000002 0.14560786489051125
1 14 0.0014 0.10120527451635418
10 7 0.0021000000000000003 0.13847648639022656
18 1 0.0012000000000000001 0.10547375050692705
1 14 0.002 0.12412962931559532
3 2 0.0024000000000000002 0.13511161562242513
5 3 0.0018000000000000002 0.1312640077555434
18 10 0.002 0.14926603672386912
13 14 0.0016 0.12006410292929925
