20
14 2 16 3 18 4 20 5 12 6 23 7 21 8 22 12 18 13 18 14 15 16 18 17 12 18 17 19 23
16 3 12 4 22 5 12 6 23 7 12 9 19 10 19 11 21 12 21 13 20 14 20 15 19 16 15 17 21 18 14 19 14
18 0 15 3 23 4 13 5 19 6 15 7 22 8 17 9 18 10 23 11 24 12 13 13 23 14 16 15 20 16 21 17 22 18 15 19 14
17 0 12 1 24 2 24 4 12 5 24 6 21 7 13 8 14 10 20 11 12 13 17 14 13 15 20 16 21 17 15 18 20 19 24
14 0 19 3 20 5 17 6 14 7 21 9 24 10 17 11 16 12 18 13 18 14 16 17 18 18 21 19 18
4 0 14 10 13 13 23 14 24
13 0 15 1 22 3 12 4 15 5 14 7 13 8 17 9 24 12 24 13 14 14 18 17 19 18 14
14 0 18 1 21 3 20 4 13 5 22 6 21 8 22 9 18 10 19 11 20 12 13 14 14 15 19 18 12
11 1 24 3 12 4 24 5 17 6 12 9 22 10 13 11 13 12 15 16 16 18 21
3 14 24 15 17 16 14
12 0 14 1 22 2 13 3 21 5 13 6 24 7 18 9 16 13 20 14 13 15 21 18 17
4 1 19 6 13 13 18 17 17
15 0 19 1 20 2 23 3 22 5 18 7 12 9 13 10 14 11 12 13 18 15 14 16 21 17 12 18 17 19 13
4 0 20 12 22 15 23 16 16
7 2 18 6 16 12 19 15 15 16 13 17 18 18 18
8 1 23 7 21 12 19 13 18 16 17 17 21 18 18 19 23
13 0 22 1 12 3 23 4 24 7 13 8 12 9 23 11 16 12 21 13 24 14 19 18 23 19 23
6 1 12 4 22 5 24 11 24 13 14 18 15
6 0 21 3 13 4 21 5 21 10 20 12 23
17 0 21 1 18 3 21 5 19 6 23 7 16 8 16 9 12 10 15 11 23 12 17 13 21 14 12 15 18 16 19 17 20 18 19
13
0 19 0.0012000000000000001
1 19 0.0022
2 3 0.0019
0 8 0.0023
18 8 0.0019
4 9 0.0023
0 4 0.0021000000000000003
5 14 0.0013000000000000002
2 5 0.0023
4 3 0.0012000000000000001
10 9 0.0014
16 13 0.0017000000000000001
7 3 0.0015
26
7 2 0.0019 0.11264901099276935
0 10 0.0023 0.12018189658966545
0 8 0.0016 0.1408536695432645
7 10 0.0013000000000000002 0.12074866327209839
7 3 0.0018000000000000002 0.12117215702074918
7 0 0.0014 0.11989712681910389
16 0 0.0015 0.13056663507878055
17 5 0.002 0.11812744092865962
7 18 0.0022 0.10693704328454862
18 10 0.0019 0.11327041551313667
8 14 0.0012000000000000001 0.10915083467225474
13 2 0.0022 0.1492397566482807
4 6 0.0015 0.12009731694881257
7 3 0.0023 0.10865198192866456
16 8 0.0016 0.11212188242365416
1 19 0.0015 0.12796730411068805
6 2 0.0017000000000000001 0.1003067977329195
10 2 0.0021000000000000003 0.10924733185278288
15 4 0.0024000000000000002 0.12863516051362972
6 11 0.0016 0.11829128801705192
6 5 0.0019 0.11609092520379533
16 12 0.0017000000000000001 0.12204126289622767
7 9 0.0022 0.13021251495838423
16 1 0.0015 0.11763638322678825
8 19 0.0015 0.13839737168831243
1 2 0.0015 0.10584838466468005
