20
3 3 14 12 16 16 12
17 0 20 2 13 4 12 5 18 6 19 7 23 8 24 9 19 10 20 12 14 13 20 14 21 15 24 16 15 17 15 18 24 19 18
10 1 22 4 12 5 19 10 16 12 19 13 24 14 23 15 22 18 13 19 12
18 1 18 2 23 4 19 5 13 6 20 7 12 8 20 9 16 10 23 11 14 12 13 13 24 14 23 15 14 16 13 17 21 18 16 19 24
2 6 17 14 13
2 1 18 11 20
7 0 24 2 21 4 19 11 18 13 15 14 16 16 20
13 1 21 3 12 4 13 6 22 8 12 11 12 12 14 13 15 14 12 16 13 17 16 18 14 19 23
2 7 20 13 23
6 0 17 11 15 13 19 16 19 17 13 18 18
18 1 18 2 16 3 23 4 21 5 22 6 12 7 13 8 19 9 15 11 12 12 13 13 14 14 19 15 24 16 24 17 23 18 21 19 19
13 0 16 1 21 2 21 6 24 9 19 10 24 13 21 14 16 15 20 16 14 17 18 18 23 19 16
2 11 20 19 20
11 3 14 4 13 6 20 9 21 10 16 11 20 12 16 14 16 15 17 18 17 19 13
12 0 13 1 18 2 20 3 19 5 24 8 23 9 23 10 24 11 20 12 21 15 21 17 18
14 0 17 1 20 2 14 3 19 4 23 6 19 10 22 11 17 12 22 14 15 16 16 17 19 18 21 19 24
10 0 16 1 13 2 18 9 13 10 21 11 16 13 22 15 16 18 14 19 12
14 1 21 3 17 4 23 5 24 7 12 8 20 9 21 10 17 11 16 12 12 14 17 15 17 16 21 19 15
5 3 16 4 20 5 15 10 23 12 19
6 4 20 5 12 7 21 10 16 11 17 14 18
13
14 18 0.0024000000000000002
4 19 0.0017000000000000001
14 10 0.0017000000000000001
18 8 0.0013000000000000002
2 8 0.0024000000000000002
13 9 0.0022
10 9 0.0017000000000000001
3 2 0.0021000000000000003
16 11 0.0014
4 0 0.0021000000000000003
8 13 0.0022
7 2 0.002
18 16 0.002
26
2 12 0.0019 0.10366966698139889
11 16 0.0022 0.10000252624994846
19 5 0.0024000000000000002 0.12286443059886824
15 7 0.0012000000000000001 0.14897732862053897
4 18 0.0014 0.1399476235112987
13 4 0.0023 0.13332014208303572
1 13 0.0022 0.1118667105794189
9 18 0.0018000000000000002 0.1011286091909948
8 7 0.0018000000000000002 0.14052976265114708
13 12 0.0022 0.10718973069728735
12 3 0.0024000000000000002 0.133411134217546
5 8 0.0021000000000000003 0.11322880402647809
13 19 0.0024000000000000002 0.1054103116842991
6 13 0.0017000000000000001 0.14080760184932278
11 17 0.0024000000000000002 0.14064753423882181
18 13 0.0024000000000000002 0.10099919603532585
18 19 0.0023 0.12846842217667293
17 13 0.0024000000000000002 0.1370054513171044
17 15 0.0024000000000000002 0.14630975976320038
12 3 0.0024000000000000002 0.1488205246926748
17 4 0.0022 0.1470705537502889
14 3 0.0018000000000000002 0.13778942446407466
15 17 0.0023 0.14509405041275292
7 19 0.0013000000000000002 0.10482014220865413
7 0 0.0021000000000000003 0.12144311559285315
17 6 0.0012000000000000001 0.1214542385853722
