20
11 1 20 2 17 3 18 4 19 7 17 8 18 9 21 10 16 11 23 18 20 19 12
13 0 16 3 24 4 16 5 19 6 23 7 14 8 14 10 12 15 17 16 17 17 16 18 19 19 20
11 1 21 3 17 4 12 5 19 7 22 8 15 9 15 12 15 13 12 15 14 19 15
12 0 19 2 19 5 24 6 12 9 19 10 23 11 18 12 21 13 14 14 24 15 20 18 19
1 5 24
16 0 13 1 14 2 20 3 16 4 15 7 13 10 21 11 19 12 21 13 21 14 16 15 23 16 17 17 12 18 16 19 12
12 3 22 4 16 5 20 7 16 8 12 9 22 11 18 13 20 14 20 15 18 17 12 19 14
5 2 14 9 21 11 17 12 13 19 19
14 0 13 1 17 3 18 4 14 5 12 7 15 10 19 11 18 12 24 13 12 16 23 17 18 18 23 19 22
5 0 22 4 21 7 22 17 19 19 21
15 0 18 1 18 2 12 3 18 4 22 5 22 8 21 9 24 11 17 14 21 15 22 16 18 17 22 18 12 19 14
10 0 21 1 16 2 19 5 20 6 13 8 24 15 14 16 20 17 12 18 18
5 0 18 6 12 7 21 13 16 16 13
3 11 15 17 21 19 24
9 1 22 4 21 5 19 8 23 10 22 11 13 13 13 16 20 17 17
12 1 24 2 20 3 17 4 19 8 16 9 19 10 18 11 22 13 13 17 22 18 12 19 13
11 0 13 2 16 4 19 5 17 7 17 9 17 10 12 11 24 14 21 15 20 19 19
13 2 20 3 23 4 24 5 22 6 21 7 21 8 14 10 14 13 16 14 24 15 13 16 19 18 21
4 3 21 7 17 13 12 16 22
3 0 23 3 13 10 13
13
8 13 0.0024000000000000002
5 8 0.002
8 6 0.0012000000000000001
11 18 0.0012000000000000001
1 10 0.0023
16 6 0.0023
1 17 0.0017000000000000001
13 2 0.002
15 16 0.0023
17 15 0.0018000000000000002
16 18 0.0019
1 2 0.0017000000000000001
7 18 0.0021000000000000003
26
14 18 0.0021000000000000003 0.12752690107129067
19 17 0.0014 0.148271908174272
10 7 0.002 0.1468363596519172
11 15 0.0021000000000000003 0.1379858863592104
1 3 0.0023 0.10598100283469095
15 5 0.0022 0.13588506038381354
10 18 0.0014 0.1276736002827873
17 1 0.0014 0.10349871489670211
5 4 0.0021000000000000003 0.10054677145493388
11 3 0.0013000000000000002 0.10736216287355642
3 15 0.0022 0.10082904189114152
5 1 0.0024000000000000002 0.1278206646280299
2 13 0.0022 0.12558490745868583
10 8 0.0014 0.10106856104618206
14 17 0.0018000000000000002 0.13248614977473297
11 13 0.0024000000000000002 0.14949346368635558
1 19 0.0022 0.11251488811718548
7 2 0.0023 0.12850322632731087
11 10 0.0015 0.13389228274376858
10 1 0.0015 0.14384540748392027
14 0 0.0015 0.1327883887372564
17 3 0.0019 0.1463246128508673
14 15 0.0018000000000000002 0.14371611095465758
14 17 0.0013000000000000002 0.12327922793736729
15 19 0.0023 0.11800789330012426
1 0 0.0017000000000000001 0.11046951575460913
