20
5 4 23 11 16 12 24 15 19 16 12
11 0 18 6 22 7 16 8 24 9 21 10 22 12 18 13 20 15 21 16 24 19 24
17 0 19 1 24 3 24 4 15 5 24 6 20 8 24 9 13 11 13 12 20 13 23 14 23 15 13 16 12 17 14 18 21 19 14
18 0 24 1 19 2 17 5 13 6 14 7 13 8 17 9 15 10 15 11 21 12 21 13 15 14 19 15 13 16 16 17 23 18 21 19 22
17 0 23 2 23 3 14 5 22 7 14 8 16 9 14 10 20 11 21 12 22 13 15 14 16 15 18 16 18 17 16 18 16 19 23
10 1 23 2 16 6 12 7 15 8 22 9 21 11 14 14 17 16 14 19 24
17 0 13 1 21 2 20 4 16 5 13 7 12 8 12 9 15 10 20 11 13 12 18 13 20 14 14 15 17 16 23 17 12 18 23
16 0 23 1 12 2 14 4 19 5 24 6 16 8 13 9 13 11 23 13 22 14 17 15 12 16 17 17 18 18 12 19 15
12 0 23 1 12 2 12 4 16 5 20 6 13 7 21 9 16 11 22 12 22 16 12 18 12
18 0 21 1 12 2 19 3 17 4 12 5 16 6 12 7 15 8 13 10 22 12 22 13 20 14 16 15 21 16 18 17 20 18 12 19 21
5 2 19 5 15 9 19 14 13 15 23
2 5 18 19 16
13 0 21 1 24 2 16 4 22 6 17 8 22 9 14 10 18 13 22 16 17 17 22 18 20 19 23
9 1 14 4 21 6 20 7 16 9 19 10 24 11 18 12 20 16 16
6 0 23 1 16 2 20 5 14 6 17 18 14
2 8 12 13 18
4 0 24 5 17 8 18 17 23
12 3 23 4 14 6 14 8 20 9 24 10 13 11 18 13 21 14 19 16 17 18 14 19 18
12 0 15 1 18 2 20 5 13 7 15 8 23 10 13 13 21 14 22 16 16 17 20 19 22
13 0 15 2 24 3 14 6 20 7 20 8 20 9 13 10 22 13 13 14 22 15 22 16 19 17 15
13
15 14 0.0024000000000000002
16 19 0.0015
2 6 0.002
4 7 0.0016
7 14 0.0012000000000000001
10 9 0.0016
13 7 0.0022
16 12 0.0017000000000000001
16 13 0.0022
1 12 0.0017000000000000001
18 16 0.0013000000000000002
17 7 0.0015
19 8 0.0013000000000000002
26
18 14 0.002 0.10768546742730553
3 5 0.0012000000000000001 0.10007278930217813
12 6 0.0014 0.13259312936516
17 3 0.0015 0.14820921347864752
13 19 0.0012000000000000001 0.1484537989120061
1 11 0.0012000000000000001 0.11670916731779636
19 15 0.0024000000000000002 0.12059280974061376
9 7 0.0013000000000000002 0.12257829554229047
17 1 0.0024000000000000002 0.11582201304084441
13 10 0.0021000000000000003 0.12242535554321342
3 4 0.0012000000000000001 0.10425008565955235
8 18 0.0014 0.11381320600243967
11 14 0.0023 0.14030124642226915
16 8 0.0015 0.14659200509572348
13 14 0.0019 0.11685335620984384
9 15 0.0024000000000000002 0.1148887874333076
5 16 0.0014 0.10455390036855366
19 11 0.0016 0.1467822367528624
16 12 0.0012000000000000001 0.10454867945833014
1 14 0.0024000000000000002 0.11394300910960779
15 1 0.0013000000000000002 0.11575031519868706
17 14 0.0022 0.12050959706416514
7 0 0.0013000000000000002 0.13862602544322805
15 16 0.0021000000000000003 0.13829199410848592
8 6 0.0016 0.14748664836073908
13 6 0.0018000000000000002 0.10820271823543302
