20
7 1 20 2 12 9 20 11 16 13 19 16 14 18 16
10 3 13 4 13 5 23 7 15 9 14 11 17 12 23 13 17 18 14 19 14
10 0 21 3 20 5 17 6 20 7 16 9 19 11 17 12 22 15 17 19 23
13 0 19 1 18 2 23 5 16 6 12 8 21 10 24 11 16 12 21 15 20 16 14 18 21 19 21
14 0 24 2 17 5 12 6 20 7 14 8 18 11 19 12 22 13 15 14 20 15 24 16 19 17 20 19 22
10 1 14 2 23 3 22 4 21 6 20 13 19 15 23 16 12 17 17 19 21
17 0 14 1 23 2 22 3 12 4 13 5 12 7 12 8 12 9 19 10 15 12 23 13 21 15 21 16 21 17 18 18 19 19 14
15 0 18 2 19 3 14 5 19 6 17 8 21 9 24 10 18 13 23 14 17 15 23 16 24 17 18 18 17 19 21
7 0 17 5 23 6 22 7 21 11 16 13 20 17 12
3 10 16 13 14 16 14
9 1 19 4 23 5 15 6 15 11 20 12 19 14 12 18 19 19 19
16 0 13 2 18 5 17 6 22 7 19 8 15 9 20 10 13 12 18 13 13 14 18 15 17 16 14 17 17 18 24 19 24
17 0 17 1 12 2 16 3 23 4 15 5 22 6 20 7 22 8 24 9 20 10 13 11 12 13 19 14 17 15 23 16 17 19 19
13 0 14 1 21 2 17 3 12 4 12 5 15 6 24 7 14 10 15 11 13 14 13 16 19 19 13
2 9 17 19 23
1 16 13
10 2 20 3 20 6 13 7 12 10 21 11 15 12 14 13 21 14 15 18 22
16 0 23 1 19 2 21 3 21 4 23 5 19 6 21 7 19 8 18 9 18 10 16 11 16 13 16 14 14 18 20 19 13
18 0 13 1 18 2 14 3 24 4 15 6 18 7 24 8 21 9 16 10 13 11 15 12 19 13 15 14 13 15 13 16 14 17 22 19 23
6 3 14 6 17 11 13 12 23 14 13 15 17
13
15 14 0.0013000000000000002
6 14 0.0018000000000000002
0 11 0.0017000000000000001
4 19 0.0018000000000000002
1 11 0.0021000000000000003
18 17 0.0018000000000000002
8 13 0.0016
16 10 0.0016
18 9 0.002
12 1 0.0024000000000000002
12 8 0.0019
10 8 0.0012000000000000001
6 7 0.0019
26
4 16 0.002 0.11012291947183561
4 5 0.0018000000000000002 0.132881319911079
0 10 0.0013000000000000002 0.10991017956549162
0 4 0.0018000000000000002 0.14602298526433244
14 4 0.0012000000000000001 0.11832659958117092
0 1 0.0023 0.1497853884354295
17 14 0.0018000000000000002 0.14723782979323005
2 9 0.0016 0.10931443604415947
0 11 0.0024000000000000002 0.10479589952847307
10 19 0.0022 0.1163138431872031
5 10 0.0015 0.1423528968218119
3 5 0.0017000000000000001 0.10634721320211762
1 13 0.0012000000000000001 0.1259745045491539
2 15 0.0022 0.12364049231040687
6 5 0.0015 0.12391115052131531
11 10 0.0023 0.1477935966583557
17 6 0.0023 0.14380078794315287
6 16 0.0012000000000000001 0.11545083287745109
11 8 0.0022 0.11353921180091284
18 0 0.0022 0.1221459363136738
6 2 0.0021000000000000003 0.11309856049067564
16 3 0.0016 0.13615216288097695
4 7 0.002 0.12596738491187703
6 16 0.0024000000000000002 0.13457114929340971
7 1 0.0019 0.14688941493916408
4 3 0.0024000000000000002 0.13201932442949266
