20
1 3 15
6 4 14 6 18 10 22 11 14 12 23 19 19
5 8 20 10 14 11 23 12 16 14 23
14 0 17 1 20 2 18 4 16 6 13 7 19 9 17 12 19 13 17 14 12 16 23 17 19 18 13 19 15
13 0 20 1 15 2 21 3 13 5 17 7 19 9 19 10 13 11 13 12 12 16 20 17 18 18 12
10 0 21 4 23 7 24 9 18 11 16 12 24 14 13 16 15 18 21 19 15
17 0 23 1 18 2 18 3 23 5 17 8 23 9 15 10 15 11 21 12 14 13 23 14 12 15 13 16 19 17 20 18 15 19 13
3 5 13 10 21 14 18
8 2 13 4 13 7 12 12 18 14 20 16 17 18 12 19 14
3 1 14 7 24 18 15
18 0 17 2 18 3 12 4 22 5 13 6 20 7 14 8 18 9 18 11 14 12 23 13 16 14 24 15 18 16 13 17 19 18 17 19 17
7 3 16 4 19 10 20 13 21 15 21 16 24 19 22
9 1 12 2 23 3 15 4 13 8 20 13 22 15 21 17 23 19 13
1 16 23
17 0 15 1 15 2 24 3 14 5 19 6 14 8 20 9 14 10 23 11 21 12 17 13 18 15 18 16 16 17 17 18 15 19 15
2 10 15 13 13
12 0 16 5 12 6 21 7 18 9 20 10 13 11 18 12 20 13 22 14 16 17 16 19 14
7 0 19 4 16 11 12 12 20 15 15 16 14 19 23
15 0 18 1 24 2 13 3 18 4 16 5 18 6 18 7 18 8 13 9 22 11 21 12 23 13 21 14 13 17 18
1 12 18
13
13 2 0.002
16 18 0.0022
1 0 0.0018000000000000002
1 2 0.0022
2 0 0.0018000000000000002
5 11 0.0013000000000000002
1 16 0.0018000000000000002
14 10 0.0021000000000000003
9 5 0.0012000000000000001
0 12 0.0014
4 5 0.0023
16 15 0.0016
10 5 0.0022
26
19 12 0.0017000000000000001 0.11173679232302587
2 12 0.002 0.1114753729446872
8 15 0.002 0.13327740460803583
13 5 0.0022 0.14327968318809653
14 16 0.0017000000000000001 0.14833872238087448
0 2 0.0021000000000000003 0.1178400112753418
13 1 0.0014 0.12513873728068065
7 19 0.002 0.12565864726940482
9 4 0.0024000000000000002 0.13773746180002877
9 7 0.0021000000000000003 0.1278988554235333
10 2 0.0012000000000000001 0.13190028786452132
5 13 0.0015 0.12821943499649557
17 8 0.0022 0.10261965914083292
6 0 0.0024000000000000002 0.14577040148167275
7 0 0.0012000000000000001 0.10077664593582222
13 19 0.0015 0.14484363849783255
9 4 0.002 0.11427095355043608
17 10 0.0022 0.10319709097275165
17 1 0.0012000000000000001 0.1360635209787714
15 14 0.0019 0.13268836009894197
10 9 0.0019 0.11424702354351012
5 19 0.0019 0.12439521000984331
14 17 0.0023 0.13171245765729978
13 19 0.0014 0.10911392227810264
16 1 0.0024000000000000002 0.11600737311649303
19 18 0.0013000000000000002 0.14527950973868722
