20
7 5 14 6 12 7 18 10 16 11 16 14 16 19 21
17 0 22 2 14 3 16 4 22 5 16 6 24 7 13 9 24 10 13 11 15 12 21 13 16 14 12 15 19 16 15 17 12 19 13
6 0 13 11 16 12 16 15 24 16 12 17 19
4 4 12 8 16 13 20 14 19
4 0 18 3 18 10 18 18 20
7 3 18 7 15 11 14 12 22 14 19 16 20 18 23
14 0 24 1 21 2 14 5 20 7 23 8 15 9 14 10 17 12 15 14 23 15 24 16 17 17 17 18 19
14 0 23 1 14 3 13 4 17 6 18 8 18 11 22 13 15 14 13 15 18 16 23 17 20 18 19 19 19
4 1 23 7 22 9 12 18 18
3 8 19 13 19 15 19
6 1 17 3 15 4 23 7 23 16 20 18 24
15 0 22 1 17 4 21 5 19 6 18 7 20 9 23 10 20 12 17 14 14 15 22 16 14 17 12 18 19 19 24
10 0 12 1 20 4 22 7 22 8 16 9 23 15 19 16 24 18 17 19 18
17 0 14 1 15 2 22 3 19 4 16 6 22 7 15 8 17 9 22 10 24 11 21 12 12 14 21 15 22 16 19 18 12 19 16
18 0 15 2 23 3 21 4 21 5 18 6 20 7 13 8 15 9 24 10 21 11 12 12 22 13 19 15 24 16 20 17 23 18 19 19 20
5 3 17 5 18 10 16 17 19 18 12
5 0 12 2 21 6 22 12 20 13 23
3 14 18 16 23 19 13
7 0 21 1 23 3 24 4 23 6 19 11 15 19 14
9 0 19 6 23 7 13 8 22 9 13 12 13 13 17 15 15 16 17
13
2 14 0.0019
15 11 0.0021000000000000003
19 1 0.0017000000000000001
7 17 0.0016
0 19 0.0013000000000000002
11 9 0.0018000000000000002
17 18 0.0016
4 8 0.0019
18 6 0.002
2 5 0.0019
19 18 0.0024000000000000002
0 9 0.0023
13 19 0.0018000000000000002
26
6 5 0.002 0.10468885767236756
3 10 0.0014 0.10526324929391173
9 11 0.0018000000000000002 0.1002008900172872
6 11 0.0022 0.1319003924226925
17 14 0.0024000000000000002 0.13173667877813822
8 12 0.0018000000000000002 0.1455730415524217
2 0 0.002 0.1296790207085317
0 17 0.0017000000000000001 0.14070906290086882
4 1 0.0013000000000000002 0.13612406229076593
10 18 0.0015 0.1323698183914685
8 15 0.0016 0.12987170956510105
17 12 0.0023 0.12146093350156595
6 1 0.0022 0.1486965202137205
8 17 0.0022 0.1404214085900679
13 16 0.0014 0.102065037510225
12 0 0.0022 0.1401941676957498
7 16 0.0014 0.1363807000110602
8 18 0.0016 0.11114425427568236
0 9 0.0022 0.14942675359210864
11 2 0.0017000000000000001 0.11003630680387544
6 15 0.0023 0.10022305433211436
4 15 0.0019 0.14696081058436677
2 11 0.0016 0.14747828052657858
9 4 0.0014 0.14443924839612182
6 11 0.002 0.14182343262407934
3 13 0.0014 0.11602557263937867
