20
1 19 14
13 0 16 2 12 6 18 7 15 8 22 9 12 11 19 12 15 13 24 14 24 16 14 18 22 19 22
9 0 13 1 24 4 21 10 23 12 19 14 17 15 13 17 12 18 14
12 0 18 1 21 2 13 4 13 5 14 6 16 8 18 9 13 13 19 14 12 17 19 19 19
13 0 15 2 20 3 17 6 23 7 12 9 12 10 14 13 23 14 20 15 24 16 23 17 14 19 16
16 0 23 1 16 2 13 3 16 4 16 6 17 9 22 10 17 11 17 12 21 13 17 14 12 15 23 16 14 18 14 19 12
5 2 18 3 23 4 16 10 16 14 22
18 0 23 1 16 2 15 3 13 4 24 5 22 6 20 8 12 9 18 10 22 11 14 12 19 13 14 14 22 15 17 16 23 18 18 19 23
2 4 14 10 12
4 6 20 8 15 12 16 13 24
9 0 21 3 24 5 23 6 23 9 23 11 15 12 12 16 18 19 20
8 3 16 4 17 6 20 7 17 8 23 12 18 15 20 19 17
12 0 24 1 20 5 14 7 20 9 20 10 17 11 22 13 15 14 22 16 13 17 18 18 12
16 0 16 1 20 2 15 3 14 4 16 5 21 6 18 7 24 8 12 9 19 10 16 11 24 12 14 17 13 18 22 19 24
3 2 23 4 21 7 22
12 0 12 1 24 3 22 4 15 6 22 10 13 11 15 12 24 13 14 14 19 16 22 19 14
8 0 22 2 16 4 13 6 21 7 18 8 21 10 14 14 13
16 0 21 2 14 3 23 4 16 6 20 7 20 8 15 9 13 10 21 11 16 12 23 13 23 14 20 15 22 16 23 19 21
18 0 18 1 22 2 12 3 22 4 22 5 13 6 21 7 23 8 18 9 21 10 12 11 20 12 13 13 16 14 22 15 24 16 22 19 19
2 10 14 12 15
13
5 1 0.0012000000000000001
19 14 0.0012000000000000001
5 9 0.0024000000000000002
12 4 0.0023
4 0 0.0015
4 7 0.002
1 7 0.0019
5 15 0.0014
0 15 0.0014
3 17 0.0014
11 5 0.0012000000000000001
9 4 0.002
9 15 0.0015
26
9 13 0.0017000000000000001 0.1255109878039596
12 10 0.0022 0.11063745492621778
10 3 0.0018000000000000002 0.14878113451219194
16 19 0.0013000000000000002 0.13082769248352832
11 13 0.0021000000000000003 0.14692209431965636
19 9 0.0015 0.10491911168120678
14 1 0.0022 0.10717225045629242
6 19 0.0015 0.11619862787729134
14 10 0.0014 0.12394260798102033
0 12 0.0019 0.13677811194444656
5 9 0.0013000000000000002 0.10771696305379388
15 19 0.002 0.13041775717594867
0 1 0.0014 0.10030142079466889
4 6 0.0014 0.14066973611967915
2 16 0.0021000000000000003 0.13293642296961847
17 13 0.0019 0.10005563778036058
0 5 0.0022 0.10720764220519349
18 16 0.0017000000000000001 0.1497273490858172
9 10 0.0015 0.1377644496939482
6 12 0.0022 0.10954541876881077
3 9 0.0013000000000000002 0.13149522042757159
6 16 0.0017000000000000001 0.10443262764118574
4 0 0.0023 0.11237787824255796
19 1 0.0018000000000000002 0.10231598537047376
4 17 0.0022 0.10363313872816785
8 4 0.0013000000000000002 0.11499657508146782
