20
2 3 14 19 14
3 12 18 14 16 17 20
7 0 24 1 23 6 13 7 18 8 21 16 22 17 24
10 0 20 1 13 8 19 10 12 12 15 14 23 15 20 16 14 17 15 19 15
9 3 19 7 15 8 15 11 13 13 12 15 23 16 19 17 18 18 23
4 2 21 4 19 10 20 15 24
1 19 20
5 2 15 3 14 5 22 14 16 15 23
2 1 24 12 14
13 0 23 1 24 2 12 3 19 4 17 5 15 6 14 10 16 11 12 14 21 15 22 16 16 17 18
11 1 14 2 20 3 22 4 12 6 21 9 15 11 24 12 19 13 17 14 18 18 18
15 0 13 1 22 2 12 3 17 4 16 7 15 8 18 9 22 10 13 12 13 14 15 15 21 16 20 18 14 19 20
7 1 22 2 12 4 14 6 22 11 18 15 13 16 16
4 6 18 11 14 12 14 14 24
16 0 21 1 23 2 17 3 17 4 14 5 17 6 22 7 20 8 19 11 16 12 21 13 20 15 12 17 21 18 24 19 21
5 2 19 3 15 7 17 8 14 17 22
7 0 20 2 19 4 21 7 18 14 21 15 13 19 16
4 3 19 6 17 12 20 19 17
12 0 18 1 19 2 17 6 23 8 15 10 21 11 18 12 21 13 19 15 20 17 18 19 15
11 1 24 2 23 3 13 4 14 5 22 6 19 7 22 11 21 14 19 15 22 17 18
10
14 10 0.0022
10 2 0.0019
9 1 0.0023
8 0 0.0017000000000000001
10 12 0.0019
18 0 0.0012000000000000001
3 0 0.0021000000000000003
1 5 0.0012000000000000001
1 2 0.0023
13 1 0.0017000000000000001
10
13 15 0.0017000000000000001 0.1259901195511283
11 6 0.0021000000000000003 0.1002405206837084
10 4 0.0017000000000000001 0.1410901007651681
12 6 0.0023 0.13380068696459996
17 2 0.0017000000000000001 0.1214968471950258
8 13 0.0016 0.14400844399213694
15 2 0.0021000000000000003 0.11988985578565788
19 17 0.0021000000000000003 0.12345717223292313
8 4 0.0015 0.1479013015287866
5 9 0.0021000000000000003 0.10279246181048537
