20
11 1 13 2 14 4 24 5 13 6 17 11 24 12 17 14 20 17 12 18 23 19 23
14 0 24 2 24 3 17 4 24 6 12 7 24 8 23 9 19 10 16 11 22 12 20 13 15 15 22 19 17
3 5 18 8 16 18 15
13 0 14 4 12 7 14 8 13 10 17 11 17 12 14 13 14 14 23 15 16 16 17 17 17 18 21
18 0 18 1 20 2 24 3 12 5 13 6 13 7 12 8 20 10 17 11 18 12 23 13 20 14 21 15 21 16 17 17 19 18 18 19 14
11 3 16 4 20 8 19 10 21 11 22 12 16 13 15 15 17 16 15 17 21 19 19
1 15 16
5 4 14 12 17 13 18 18 18 19 22
15 0 18 1 16 4 24 5 20 7 14 9 14 10 17 11 13 12 20 13 13 14 12 16 13 17 22 18 22 19 24
12 0 13 1 23 2 16 3 21 5 19 7 17 11 19 12 17 15 18 16 15 17 13 19 23
1 2 19
9 0 17 2 24 3 17 7 17 9 14 15 17 17 17 18 18 19 14
12 0 17 1 17 4 14 6 18 7 18 9 14 10 19 11 13 13 22 15 19 16 14 19 18
10 2 12 3 16 4 13 7 22 8 13 11 14 14 18 15 12 16 21 17 20
18 0 22 1 16 2 20 3 20 4 13 5 12 6 23 8 12 9 24 10 15 11 20 12 17 13 21 15 13 16 13 17 18 18 20 19 17
1 13 22
18 0 12 1 17 2 23 3 20 4 14 5 16 6 22 7 20 9 23 10 12 11 20 12 22 13 21 14 14 15 19 17 12 18 13 19 14
5 3 20 4 16 7 12 16 18 18 24
5 4 16 8 24 12 16 14 17 16 19
7 1 16 2 19 10 21 11 23 12 15 14 20 15 20
10
1 8 0.0018000000000000002
4 7 0.002
7 6 0.002
7 5 0.0022
8 4 0.0019
12 15 0.0024000000000000002
4 11 0.0013000000000000002
5 4 0.0024000000000000002
1 15 0.0022
14 1 0.0021000000000000003
10
15 14 0.0016 0.11131216831473324
14 0 0.0019 0.10561216103833738
3 0 0.0023 0.11946043243766855
1 19 0.0012000000000000001 0.1381901004628475
10 9 0.0016 0.13377633157683072
18 5 0.002 0.10941456130738678
13 19 0.0018000000000000002 0.11884365191442836
16 4 0.002 0.14551291274836956
14 12 0.002 0.10812006152891378
17 9 0.0013000000000000002 0.14732478963802298
