20
1 19 13
17 0 12 2 16 3 20 4 19 6 20 8 20 9 17 10 19 11 20 12 14 13 19 14 15 15 22 16 13 17 18 18 22 19 18
8 0 17 4 20 7 19 8 23 14 21 15 16 16 14 17 21
9 0 24 9 15 10 14 13 20 14 13 15 19 17 15 18 18 19 23
2 16 19 19 22
9 1 20 6 13 7 16 9 12 11 14 13 21 14 15 17 14 18 20
8 0 23 3 19 10 12 12 18 15 23 16 14 17 13 18 19
13 0 13 1 23 2 22 3 18 4 13 6 14 8 18 10 20 14 13 15 13 16 18 18 20 19 12
8 4 14 5 19 9 16 10 15 11 23 12 12 14 24 18 16
17 0 14 2 23 3 14 4 12 5 20 6 22 7 16 8 16 10 14 12 24 13 19 14 14 15 12 16 19 17 20 18 14 19 18
7 0 17 1 22 5 17 8 20 12 12 13 15 18 24
2 7 16 12 17
16 0 24 1 17 2 12 4 17 5 14 6 20 7 19 8 16 9 20 10 18 13 23 14 16 15 17 16 14 17 15 19 23
6 4 22 9 13 10 23 11 24 12 12 19 18
15 0 24 2 14 4 20 5 15 6 23 7 21 8 15 9 18 10 20 11 16 13 20 15 21 16 23 17 17 19 16
4 3 23 5 18 13 12 16 20
5 1 22 3 19 10 20 12 22 19 17
1 6 15
6 1 16 3 14 7 18 12 23 15 22 16 23
3 0 13 7 18 16 22
10
10 2 0.0019
10 0 0.0014
10 9 0.0013000000000000002
10 19 0.0023
6 14 0.0015
17 9 0.0012000000000000001
7 6 0.0012000000000000001
4 17 0.0013000000000000002
12 13 0.0012000000000000001
10 17 0.0019
10
10 9 0.0024000000000000002 0.13870264913398958
2 11 0.0012000000000000001 0.14993089707947632
8 3 0.0024000000000000002 0.10903582499080619
3 0 0.0017000000000000001 0.12561312362633992
4 15 0.0019 0.14976105210290605
2 8 0.0016 0.1481920551623473
9 4 0.0023 0.11760501031781707
8 2 0.0022 0.1302329442424113
17 7 0.002 0.10177169729771918
17 15 0.0013000000000000002 0.11698936790177203
