20
4 5 16 8 20 13 17 17 20
12 0 13 2 14 4 15 5 22 6 17 7 21 8 17 9 19 10 20 12 16 13 20 14 22
5 8 19 11 17 14 13 15 16 18 15
13 0 18 1 19 2 20 4 14 5 15 6 15 7 17 8 23 13 15 14 18 17 16 18 22 19 14
8 0 13 2 20 11 18 12 18 13 21 14 18 15 17 19 17
11 0 22 3 19 4 17 6 22 8 24 9 12 10 20 12 15 14 21 16 12 17 16
17 0 21 1 16 2 18 4 14 5 21 8 14 9 13 10 16 11 24 12 12 13 17 14 19 15 22 16 23 17 13 18 13 19 19
13 3 12 4 21 5 16 6 12 8 19 9 15 11 23 12 13 13 12 15 12 16 19 18 15 19 18
16 0 22 1 14 2 19 3 21 4 19 6 14 7 15 9 18 10 18 11 22 12 18 13 15 14 15 17 21 18 17 19 23
6 4 12 5 20 8 21 12 12 14 15 16 16
14 1 16 2 19 3 19 4 18 5 12 6 14 7 22 12 24 14 24 15 21 16 18 17 17 18 17 19 18
9 2 23 3 13 4 12 5 18 9 15 12 15 13 14 15 23 18 19
3 2 19 11 24 15 18
4 1 14 4 20 16 20 17 16
1 6 24
7 5 22 6 13 9 23 10 22 11 19 17 21 19 15
13 0 15 2 22 4 12 5 15 6 22 7 20 8 19 9 15 10 24 11 12 12 17 13 17 18 17
14 0 13 1 23 6 20 7 15 8 23 10 21 11 18 12 21 13 22 14 21 15 19 16 17 18 12 19 23
9 0 13 4 14 5 16 8 15 9 24 11 15 12 19 15 15 19 22
11 1 22 2 13 4 16 7 15 8 22 10 19 11 20 13 23 14 17 15 24 17 12
10
19 1 0.0015
9 3 0.0014
2 17 0.0024000000000000002
16 14 0.0012000000000000001
9 7 0.0018000000000000002
3 12 0.002
0 6 0.0014
14 15 0.0013000000000000002
11 12 0.0016
1 5 0.0023
10
11 0 0.0014 0.14964208511905003
18 10 0.0023 0.12344282926000108
6 17 0.002 0.1466471808505835
19 10 0.0012000000000000001 0.12578071666401497
7 2 0.0016 0.10270237448186707
9 15 0.0016 0.1460674801283085
16 19 0.0016 0.10887332967009083
12 11 0.002 0.11002980384468926
15 8 0.0018000000000000002 0.12085934002652504
18 13 0.0017000000000000001 0.1400392201911922
