20
18 1 14 2 18 3 13 4 14 5 19 6 24 7 14 8 19 10 20 11 23 12 14 13 24 14 19 15 18 16 14 17 21 18 13 19 19
5 5 21 13 15 16 19 17 18 18 21
14 0 21 1 15 3 20 5 24 7 19 8 22 9 22 11 19 13 21 14 18 15 15 16 14 18 17 19 15
5 6 23 9 13 10 12 13 20 19 14
18 1 24 2 22 3 19 5 14 6 18 7 16 8 14 9 20 10 21 11 12 12 16 13 12 14 21 15 24 16 14 17 21 18 21 19 14
17 0 18 1 23 2 20 3 23 4 19 6 13 7 23 8 24 9 21 11 24 12 15 13 21 14 23 15 16 16 12 18 19 19 13
4 4 17 8 23 13 17 14 19
18 0 16 1 19 2 16 3 19 4 24 5 12 6 20 8 16 10 13 11 16 12 18 13 23 14 21 15 24 16 17 17 16 18 20 19 21
16 0 18 1 13 2 15 4 13 5 19 6 17 9 13 10 19 11 21 13 16 14 20 15 22 16 22 17 22 18 15 19 14
3 6 24 7 20 19 22
6 1 13 6 18 8 14 11 12 12 22 19 20
15 0 21 2 23 3 12 4 19 5 18 6 15 7 15 8 18 9 23 10 19 14 16 15 19 17 16 18 22 19 23
2 7 22 10 16
8 0 12 6 24 7 21 8 18 11 20 16 19 17 19 18 15
1 17 16
3 11 21 14 18 16 13
10 0 14 5 16 8 17 9 13 12 12 13 24 14 12 17 22 18 24 19 23
4 0 22 7 12 9 13 11 17
4 0 21 8 14 9 13 15 24
16 0 14 1 20 3 15 4 22 5 12 6 13 7 23 8 22 9 24 10 19 12 24 13 12 14 13 15 12 16 12 18 15
10
4 12 0.0016
11 2 0.0017000000000000001
3 13 0.0022
0 14 0.0023
15 6 0.002
11 15 0.0013000000000000002
18 15 0.0022
12 3 0.0012000000000000001
1 6 0.0016
10 15 0.0022
10
6 7 0.0016 0.1316570478229382
13 0 0.0017000000000000001 0.10190573745604349
14 16 0.0019 0.1386917220505795
18 4 0.0023 0.12641543132480307
2 12 0.0012000000000000001 0.11940905401930582
19 17 0.0015 0.13240318289099595
3 8 0.0022 0.11281965738320934
0 12 0.0024000000000000002 0.14227422375579843
0 6 0.0014 0.1392185172160328
1 19 0.0013000000000000002 0.1006448578942518
