20
4 2 21 4 17 12 14 15 13
18 0 16 2 15 3 14 4 22 5 15 6 22 7 12 8 22 9 24 10 16 11 23 13 22 14 18 15 23 16 15 17 16 18 15 19 17
16 0 16 1 15 3 12 5 22 7 13 8 12 9 13 10 23 11 22 12 15 13 14 14 24 15 21 16 12 17 21 18 24
17 2 20 4 16 5 24 6 22 7 19 8 22 9 22 10 18 11 19 12 20 13 18 14 24 15 18 16 16 17 13 18 15 19 16
13 3 17 5 24 6 21 9 22 10 12 11 20 13 20 14 24 15 24 16 19 17 24 18 24 19 16
18 1 21 2 24 3 15 4 23 6 14 7 19 8 14 9 15 10 21 11 21 12 13 13 20 14 16 15 20 16 20 17 21 18 18 19 18
10 2 22 3 15 5 21 8 13 9 24 14 16 15 12 17 21 18 21 19 18
9 0 18 5 23 6 13 10 15 14 17 16 20 17 17 18 12 19 13
17 0 20 1 13 2 12 3 18 4 18 6 22 7 22 10 21 11 23 12 23 13 13 14 14 15 14 16 13 17 14 18 21 19 23
15 1 22 2 16 3 15 5 12 6 21 7 23 8 24 10 14 11 21 12 19 13 22 14 24 15 17 17 22 19 15
8 2 15 3 21 4 15 6 13 11 15 14 23 17 13 18 14
3 2 14 5 13 9 19
16 0 23 1 14 2 16 3 18 4 21 6 16 7 24 8 20 9 13 10 16 11 16 14 15 15 22 17 19 18 21 19 19
13 0 19 3 21 4 19 5 13 7 15 8 24 9 20 10 17 11 24 16 15 17 14 18 13 19 17
5 0 13 13 23 15 24 16 16 17 22
14 0 13 1 17 2 20 5 21 6 20 7 22 8 19 9 12 11 16 12 14 13 23 14 19 17 12 19 14
16 0 14 1 13 2 19 3 14 4 21 5 18 6 17 7 19 8 20 12 24 13 18 14 20 15 23 17 21 18 22 19 23
2 4 12 5 18
12 1 12 2 18 5 14 6 16 9 17 10 12 11 20 12 23 13 23 15 20 16 24 19 14
2 4 16 16 13
10
7 3 0.0019
4 7 0.0012000000000000001
16 1 0.0017000000000000001
1 0 0.0014
12 19 0.0021000000000000003
15 11 0.0018000000000000002
18 14 0.0021000000000000003
8 7 0.0021000000000000003
18 13 0.0019
2 4 0.0017000000000000001
10
2 8 0.002 0.10445999438665639
13 16 0.0014 0.10062106984880614
6 7 0.002 0.12575316189787653
13 10 0.0017000000000000001 0.10346019687192115
3 10 0.0016 0.11446530873110167
14 11 0.0023 0.11272558468521861
0 1 0.0017000000000000001 0.14595848324420355
1 10 0.0023 0.11599624104916571
15 7 0.0023 0.13652987899778743
1 4 0.0015 0.11796819248911417
