20
18 1 20 2 23 3 12 4 19 5 16 7 16 8 13 9 13 10 12 11 16 12 24 13 19 14 14 15 13 16 24 17 23 18 20 19 22
16 0 20 2 14 3 13 4 20 5 19 6 20 7 21 8 23 10 16 11 24 12 19 14 23 16 23 17 21 18 20 19 12
6 0 20 1 13 6 18 11 16 14 15 16 24
17 0 18 1 23 2 22 4 13 5 15 6 22 7 21 8 14 9 16 11 22 12 18 13 23 14 20 15 20 16 23 17 17 19 15
5 0 17 1 12 11 13 16 20 17 13
8 8 17 9 14 12 19 13 14 15 13 16 12 17 22 19 23
14 0 14 1 21 2 15 4 16 7 16 8 19 9 19 10 18 12 12 13 20 15 15 16 15 18 12 19 13
14 0 14 1 16 3 21 4 15 6 19 8 24 9 16 12 13 13 22 14 19 16 18 17 13 18 22 19 16
9 3 17 5 17 6 16 7 13 9 23 16 17 17 22 18 22 19 13
17 0 23 1 16 2 20 3 21 4 20 5 22 6 17 8 18 11 16 12 23 13 18 14 21 15 14 16 16 17 14 18 16 19 18
13 0 21 1 12 2 20 3 13 6 21 7 24 8 24 9 13 11 14 13 19 14 19 15 19 19 12
4 4 23 8 14 15 15 17 21
5 5 12 8 14 13 13 14 17 19 22
9 2 14 4 15 5 22 6 13 7 12 12 20 14 13 17 19 19 17
3 3 20 7 16 18 21
13 0 15 1 24 2 23 6 15 7 15 9 17 10 15 12 14 13 20 14 15 16 12 17 18 18 24
8 0 17 6 16 7 22 13 19 14 16 15 18 17 16 18 15
18 0 17 1 18 2 12 3 23 4 23 5 19 6 24 7 16 8 15 9 13 10 21 11 14 13 18 14 22 15 15 16 20 18 15 19 18
8 0 16 3 18 4 15 6 21 7 23 12 24 13 16 17 19
2 5 14 15 16
10
14 17 0.0012000000000000001
16 19 0.0023
18 4 0.0017000000000000001
4 19 0.0017000000000000001
14 15 0.0012000000000000001
3 11 0.0012000000000000001
11 18 0.0014
14 18 0.0021000000000000003
18 8 0.0021000000000000003
15 8 0.0019
10
9 11 0.0015 0.1441609892124332
15 17 0.0018000000000000002 0.11579808996106862
4 16 0.0015 0.11102242220577348
19 5 0.0017000000000000001 0.13491002175090455
13 2 0.0013000000000000002 0.10795267676319059
5 15 0.0012000000000000001 0.12443986379970418
1 6 0.0023 0.1379893140345242
12 4 0.0019 0.1362356538015278
15 8 0.0016 0.11187279923893799
0 10 0.0021000000000000003 0.10208155113530512
