20
17 1 18 2 13 3 14 4 12 5 13 6 22 7 16 8 14 9 23 10 17 11 24 12 17 13 19 15 13 16 20 17 16 18 15
5 0 23 3 12 8 15 14 17 16 20
13 0 15 3 20 4 12 6 16 7 14 8 13 10 20 11 18 12 23 13 20 15 23 17 17 19 19
16 0 21 1 18 2 14 4 15 5 18 7 23 8 18 9 12 10 15 11 21 12 16 14 24 15 20 17 19 18 19 19 18
1 8 16
10 1 19 2 24 3 23 4 15 6 17 7 15 13 24 14 14 15 15 17 16
1 8 19
11 0 14 1 16 2 19 8 17 10 18 12 23 14 24 15 20 17 22 18 20 19 13
3 3 24 4 18 16 20
15 0 22 2 13 5 12 6 20 7 21 8 12 10 24 11 21 12 14 13 12 14 17 15 19 16 18 17 23 18 15
2 1 24 18 23
14 1 23 4 23 6 19 8 13 9 17 10 23 12 22 13 20 14 17 15 17 16 15 17 19 18 14 19 17
11 0 21 3 17 4 16 6 19 7 12 8 24 10 16 11 19 13 20 15 15 19 20
5 3 13 7 22 10 16 14 13 18 18
2 2 21 10 17
4 11 13 12 20 16 15 18 22
13 0 14 2 12 4 18 5 19 6 17 9 23 10 12 11 18 12 14 13 15 14 17 18 23 19 18
15 0 16 1 12 2 16 3 24 5 17 6 15 7 24 8 19 9 12 10 22 12 16 14 18 15 21 16 18 19 24
16 0 16 1 21 2 23 3 23 6 21 8 13 9 17 10 19 11 24 12 13 13 18 14 16 15 19 16 19 17 13 19 14
13 0 15 3 21 4 22 5 22 6 21 7 21 8 19 9 22 11 17 12 24 13 22 15 14 17 22
10
0 1 0.0019
13 16 0.0024000000000000002
6 10 0.0012000000000000001
11 5 0.0024000000000000002
8 3 0.0023
0 11 0.002
0 17 0.0021000000000000003
3 1 0.0017000000000000001
19 17 0.0018000000000000002
0 6 0.0024000000000000002
10
3 18 0.0017000000000000001 0.12831945070853873
4 15 0.0021000000000000003 0.10004589646558018
4 19 0.0014 0.10299836589362986
10 7 0.002 0.11556755212977692
7 8 0.0012000000000000001 0.12511370600658842
0 4 0.0021000000000000003 0.10470255450008152
17 11 0.0015 0.1473822443024379
19 9 0.002 0.12562983735120542
10 7 0.0014 0.12690348487586756
12 8 0.0016 0.14497348165181342
