20
10 1 13 4 23 5 15 6 15 7 20 10 16 12 18 14 20 15 22 18 13
2 14 15 19 24
9 0 20 3 22 7 14 8 21 11 23 12 13 14 16 18 18 19 20
8 0 22 1 22 2 19 9 19 12 21 13 14 15 23 16 12
14 0 21 1 18 2 16 3 17 5 23 8 20 10 14 12 18 13 18 14 24 15 16 16 21 17 18 19 23
6 2 24 3 21 10 15 11 15 14 12 18 22
12 0 14 1 14 4 19 5 15 7 15 8 18 9 14 11 16 13 18 15 22 16 21 19 14
11 1 16 2 14 6 18 8 23 10 13 12 17 13 20 15 13 16 14 18 19 19 23
2 1 15 12 24
16 0 20 1 18 2 18 3 16 4 12 5 22 7 12 8 21 11 22 12 17 13 18 14 16 16 21 17 21 18 12 19 20
5 2 13 3 23 6 17 12 24 17 17
13 0 24 1 20 2 19 5 22 7 22 8 13 9 15 12 21 14 23 15 22 17 18 18 13 19 15
3 9 24 11 14 13 19
13 0 17 2 17 4 24 5 14 6 14 7 16 11 14 12 19 14 18 15 14 16 23 17 20 18 19
10 0 15 5 19 9 18 10 14 11 17 12 13 13 12 15 22 17 16 18 13
14 0 17 2 17 3 12 4 13 5 14 7 15 9 18 10 21 11 24 12 16 13 13 17 21 18 18 19 24
13 0 20 1 12 2 19 3 16 4 20 5 12 7 22 9 22 10 22 11 22 12 17 14 13 19 21
3 10 21 16 23 19 12
10 0 18 1 13 4 18 6 17 8 13 11 23 14 12 15 14 17 22 19 21
8 2 13 3 18 5 22 8 22 11 17 14 20 16 13 17 14
10
17 2 0.0012000000000000001
1 5 0.0022
10 7 0.0015
0 2 0.0024000000000000002
17 9 0.0019
0 3 0.0017000000000000001
8 3 0.0015
16 6 0.0013000000000000002
8 3 0.0023
15 13 0.0013000000000000002
10
7 0 0.002 0.12910290963574558
15 1 0.0017000000000000001 0.12439082436893381
3 11 0.0012000000000000001 0.13923792306124838
8 5 0.0015 0.11673800242692058
11 19 0.0015 0.14857996132217793
7 3 0.0021000000000000003 0.13457742166946676
0 12 0.002 0.10591794107072101
8 2 0.0023 0.1445055991618212
10 1 0.0015 0.13139956151963397
2 13 0.0019 0.10244374445145754
