20
11 3 15 5 19 6 20 8 24 9 19 10 18 11 12 12 23 15 17 17 24 19 22
4 4 12 9 13 15 21 18 18
17 0 15 1 15 4 24 5 17 6 19 7 14 8 12 9 21 10 21 11 23 12 19 13 23 14 15 15 20 16 17 17 22 18 24
2 1 12 5 23
1 5 19
17 0 20 1 15 2 18 3 16 6 19 7 18 8 20 9 12 10 13 11 22 12 12 14 12 15 16 16 14 17 18 18 22 19 17
5 0 13 2 15 9 23 15 13 18 20
9 1 17 3 20 4 13 5 16 8 22 10 14 12 15 15 22 17 14
8 1 20 2 23 4 19 5 24 10 21 15 12 18 13 19 13
14 0 16 1 13 3 21 4 19 5 17 7 23 8 20 10 15 11 22 12 21 15 15 17 22 18 24 19 23
9 0 19 3 13 6 23 8 21 9 21 11 12 15 17 16 15 19 19
17 0 15 1 19 2 17 3 13 4 23 5 15 6 13 7 13 8 18 9 24 13 16 14 24 15 14 16 23 17 21 18 20 19 24
4 5 18 6 24 7 18 10 18
7 1 17 5 15 11 16 12 20 15 19 16 13 19 21
4 7 14 9 22 10 23 18 17
12 0 20 2 21 5 18 6 20 7 23 8 17 12 20 13 22 14 18 16 22 17 14 19 18
3 2 22 8 15 11 21
5 2 13 12 18 13 15 14 14 15 16
13 0 21 1 14 3 21 5 23 6 14 7 21 8 16 9 18 11 18 12 16 13 19 16 17 19 23
6 2 20 3 22 4 18 10 24 14 18 18 19
10
16 7 0.0019
19 2 0.0016
7 10 0.0012000000000000001
19 18 0.0016
17 12 0.0018000000000000002
4 2 0.0016
7 8 0.0018000000000000002
19 16 0.0024000000000000002
13 3 0.0016
5 4 0.0019
10
12 7 0.002 0.13761000911969623
15 6 0.0013000000000000002 0.12706048616568183
13 14 0.0024000000000000002 0.1117362590303292
1 0 0.0024000000000000002 0.14274083836787516
7 19 0.0013000000000000002 0.13465171697858017
18 15 0.0017000000000000001 0.11421767345787683
17 19 0.0014 0.1306142568401891
16 7 0.0013000000000000002 0.1318554224006304
0 17 0.0014 0.1067892718977835
0 9 0.0018000000000000002 0.14685202773078224
