20
11 3 21 5 21 8 13 9 16 10 19 11 17 14 20 15 19 16 16 17 16 19 13
15 0 17 2 22 3 24 4 20 6 18 7 20 8 23 9 20 10 13 12 22 13 24 14 24 15 23 17 12 18 13
15 0 13 3 24 4 20 5 12 6 17 7 19 8 12 9 21 13 24 14 18 15 24 16 13 17 16 18 17 19 13
3 7 15 9 12 13 18
10 2 13 5 21 6 14 8 13 9 17 13 22 14 24 16 18 17 24 19 15
5 1 17 3 20 6 18 8 18 16 12
12 1 22 2 14 3 23 4 16 5 22 8 13 9 17 11 23 12 12 16 23 17 19 19 16
14 0 19 1 14 3 24 5 12 9 13 10 15 11 12 12 19 14 22 15 14 16 21 17 15 18 14 19 17
10 2 17 3 17 5 22 6 22 7 20 10 21 11 22 13 17 14 16 16 15
18 0 23 1 19 2 14 4 22 5 20 6 17 7 16 8 17 10 16 11 19 12 23 13 13 14 16 15 15 16 22 17 14 18 12 19 13
9 2 24 3 12 5 23 6 20 7 14 11 23 14 24 18 15 19 18
9 2 14 3 23 6 12 7 24 8 15 10 15 14 20 15 13 17 14
6 1 22 4 14 7 14 9 17 11 21 14 13
3 0 14 3 21 16 16
15 0 13 2 19 3 12 4 20 5 19 6 13 7 24 9 19 10 18 11 21 13 14 15 13 17 14 18 12 19 16
5 1 19 3 16 9 20 10 19 12 23
16 0 18 1 18 2 17 3 13 5 21 6 20 7 19 8 24 9 19 11 22 12 16 13 21 15 12 17 13 18 18 19 12
10 5 12 6 24 7 20 8 15 10 24 11 19 12 23 14 15 15 22 16 17
5 2 14 3 12 7 23 9 19 12 13
14 0 13 2 17 3 24 5 19 6 14 7 19 8 23 9 12 10 15 11 21 13 22 15 20 17 21 18 24
10
8 10 0.0024000000000000002
8 4 0.0014
8 19 0.0023
13 16 0.0019
12 10 0.0017000000000000001
13 4 0.0024000000000000002
14 7 0.0016
2 8 0.002
7 15 0.0023
1 10 0.0023
10
7 9 0.0024000000000000002 0.12116812930316971
7 18 0.0019 0.1496599317969545
11 15 0.0017000000000000001 0.11740434603435082
18 11 0.0012000000000000001 0.1336338020589105
7 15 0.0012000000000000001 0.1410788259135742
5 9 0.0017000000000000001 0.14857215436970264
1 11 0.0012000000000000001 0.10324479830317573
0 15 0.0018000000000000002 0.13264043114352758
19 16 0.0015 0.12484307938859909
13 12 0.0023 0.12405277246800436
