20
2 1 19 8 12
12 3 12 4 18 5 23 7 23 8 18 9 20 10 24 11 19 12 23 14 16 16 14 17 23
1 15 17
12 1 19 2 12 4 22 7 19 10 16 11 15 12 22 13 16 16 23 17 16 18 15 19 17
15 0 18 1 14 2 18 3 16 5 18 6 24 7 22 8 24 9 20 10 14 11 18 14 16 15 17 16 13 19 15
3 2 14 7 19 10 20
18 0 15 1 22 2 14 3 15 4 12 5 24 8 20 9 20 10 13 11 14 12 16 13 14 14 19 15 12 16 13 17 19 18 22 19 22
17 0 22 1 22 2 22 3 15 5 24 6 22 8 20 9 12 10 13 11 24 12 21 13 13 14 16 16 22 17 13 18 13 19 20
3 7 16 13 19 14 14
12 2 18 3 19 4 16 6 18 7 14 8 14 10 14 11 15 12 20 13 20 15 21 17 18
13 2 23 3 15 5 18 6 16 7 23 8 15 11 13 12 22 13 12 14 23 16 21 17 14 18 16
3 3 23 15 21 16 24
15 1 18 2 17 3 14 4 20 6 12 7 17 8 24 9 12 10 21 11 18 13 15 14 15 15 20 16 23 19 23
4 5 13 14 13 16 21 18 22
4 6 22 10 24 11 16 12 12
16 0 24 1 23 2 15 3 18 5 17 7 24 8 13 9 19 10 16 11 23 12 21 14 20 16 21 17 24 18 17 19 18
11 0 20 1 21 2 17 3 17 4 23 6 24 7 19 10 16 13 23 14 22 17 21
17 0 15 1 20 2 14 3 19 4 24 5 22 6 17 7 14 8 15 9 16 10 21 11 13 12 21 13 23 14 12 15 22 16 12
11 0 14 1 17 2 20 6 22 7 23 8 15 11 16 12 12 13 16 15 15 19 17
13 1 22 2 15 3 18 5 17 6 19 7 17 8 16 9 18 10 19 11 17 14 15 17 15 18 14
10
13 4 0.0017000000000000001
18 17 0.0024000000000000002
8 16 0.0013000000000000002
9 1 0.0015
10 13 0.0021000000000000003
12 1 0.0019
14 17 0.0015
8 3 0.0023
11 13 0.0022
18 15 0.0016
10
7 13 0.0015 0.11278036206771049
18 3 0.0024000000000000002 0.1377142454814009
9 14 0.0018000000000000002 0.12081027568090608
10 19 0.0018000000000000002 0.12320062878231858
3 4 0.0021000000000000003 0.13678614379902554
13 0 0.0013000000000000002 0.11988008978488388
19 0 0.0021000000000000003 0.11051826003041602
12 8 0.0017000000000000001 0.1283464998740807
4 3 0.0022 0.12728602684954604
2 4 0.002 0.11884729291591044
