20
12 1 21 2 13 3 19 4 18 11 19 12 12 13 22 14 20 15 22 16 14 17 15 18 16
4 0 17 9 22 15 20 17 15
18 1 18 3 21 4 13 5 20 6 15 7 19 8 18 9 23 10 19 11 20 12 15 13 12 14 22 15 24 16 19 17 12 18 17 19 14
2 0 14 18 21
5 7 18 9 24 13 20 15 23 17 18
1 14 21
4 3 16 4 23 14 22 15 17
9 0 21 3 23 5 16 6 14 9 19 12 21 14 16 17 20 18 19
10 2 16 4 22 10 17 11 22 12 19 14 22 15 19 16 17 18 15 19 17
14 1 23 2 18 3 13 4 18 5 16 6 17 7 15 10 18 11 24 12 18 14 22 17 24 18 13 19 14
11 1 23 2 15 3 19 4 24 5 19 6 13 11 15 14 17 16 12 17 24 18 15
17 0 15 1 18 2 24 3 12 4 21 5 24 6 14 8 19 9 14 10 20 13 22 14 14 15 19 16 22 17 14 18 18 19 24
7 9 16 10 22 11 24 14 17 15 22 16 22 17 19
16 0 16 1 16 2 21 3 24 4 21 5 18 6 12 7 18 8 14 10 15 11 20 12 20 14 24 15 19 16 18 17 22
2 0 15 2 16
14 0 12 1 15 2 21 3 14 5 19 6 24 7 23 9 19 12 23 13 16 14 12 16 13 17 19 18 15
17 0 13 1 19 4 23 5 12 6 17 7 19 8 13 9 18 10 21 11 13 12 16 13 23 14 13 15 16 17 12 18 12 19 14
4 0 12 6 16 8 21 19 21
10 1 12 3 24 5 13 7 20 8 16 9 12 10 15 13 16 15 15 17 12
7 1 15 3 19 4 20 10 14 12 17 15 21 17 20
10
19 15 0.0023
0 15 0.0023
0 8 0.0017000000000000001
10 16 0.0018000000000000002
4 19 0.0023
2 4 0.0024000000000000002
3 8 0.0021000000000000003
17 13 0.0016
7 6 0.0023
12 9 0.0022
10
11 3 0.0021000000000000003 0.10295773298431773
17 11 0.0016 0.13603338256021083
19 9 0.0014 0.13980687826100152
2 12 0.0016 0.1072636179825753
17 0 0.0024000000000000002 0.13898862628249636
16 8 0.0024000000000000002 0.1260097896547818
4 6 0.0024000000000000002 0.1099380343802309
7 14 0.0024000000000000002 0.11923213575009257
18 3 0.0022 0.10063751316891288
5 17 0.0024000000000000002 0.12003984673524104
