20
16 2 24 3 22 4 14 5 23 6 19 9 21 10 15 11 13 12 21 13 21 14 13 15 16 16 17 17 13 18 16 19 17
9 0 16 2 14 6 15 9 16 12 16 14 20 15 13 16 18 19 20
9 0 18 5 20 8 19 10 19 11 23 12 20 13 14 14 21 18 21
14 0 15 2 14 4 19 6 16 7 12 8 24 9 18 10 15 11 19 13 21 14 15 15 12 16 16 19 20
9 0 21 3 23 8 20 10 22 11 20 15 18 16 16 17 19 18 17
7 1 17 3 23 4 21 6 21 11 15 13 20 17 18
10 0 20 3 13 5 22 7 20 11 23 12 17 14 21 15 18 16 22 18 22
8 1 12 2 21 5 23 8 13 13 20 16 18 17 15 19 20
5 1 21 5 24 9 13 13 14 15 18
13 1 22 2 19 3 16 4 24 5 18 6 21 10 19 12 12 13 16 14 18 16 23 18 23 19 16
13 0 24 2 20 3 20 4 12 5 12 6 19 7 15 9 12 11 13 12 17 13 24 14 15 17 21
16 0 14 1 13 2 13 4 23 5 16 6 20 7 21 8 23 9 18 12 20 13 23 14 21 15 18 17 19 18 15 19 22
17 0 13 1 12 2 12 3 22 5 13 6 15 7 19 8 21 9 13 10 18 11 23 13 20 14 15 16 21 17 19 18 24 19 14
1 6 14
2 4 16 17 12
13 0 23 1 20 2 24 6 18 7 15 8 21 9 15 10 22 14 13 16 15 17 22 18 15 19 14
15 0 12 4 21 5 13 6 23 7 18 8 13 10 23 11 14 12 15 13 23 14 24 15 22 17 21 18 17 19 24
12 1 16 3 22 4 12 5 20 8 23 9 21 11 20 13 24 15 12 16 22 18 18 19 21
10 0 24 2 23 5 22 6 22 8 13 12 23 13 21 14 24 15 19 17 23
9 0 21 3 18 6 15 7 17 9 21 10 21 13 12 15 20 17 18
10
1 17 0.0014
8 2 0.0018000000000000002
1 4 0.0014
17 10 0.0012000000000000001
17 10 0.0024000000000000002
0 12 0.0023
4 0 0.0019
8 14 0.0022
15 4 0.0015
11 1 0.0017000000000000001
10
6 0 0.0014 0.10812283370986002
16 9 0.0016 0.14361809393001396
15 14 0.0016 0.11396235489135025
16 17 0.0024000000000000002 0.11837706121222238
8 12 0.0023 0.13262745999602
18 6 0.0015 0.11985403964595423
15 12 0.0021000000000000003 0.12098248931869156
17 5 0.0019 0.13820316227537108
9 8 0.0023 0.1249707211717681
6 15 0.002 0.12378298825069631
