20
3 6 16 8 19 17 19
16 0 21 2 20 3 21 4 17 5 15 6 18 7 19 8 23 9 16 10 14 12 19 14 17 15 23 16 22 17 17 19 20
7 0 12 1 19 6 24 13 13 14 17 15 16 18 15
18 0 20 1 23 2 12 4 12 6 13 7 13 8 19 9 14 10 18 11 16 12 23 13 12 14 13 15 16 16 21 17 13 18 19 19 12
6 0 13 2 21 6 22 8 17 9 13 14 20
4 3 13 4 21 8 21 14 16
18 0 24 1 14 2 23 3 15 4 18 5 19 7 16 8 21 9 16 10 24 11 14 12 20 13 12 15 14 16 21 17 18 18 16 19 21
4 1 24 2 22 16 21 18 15
9 2 12 3 17 5 23 6 15 12 24 14 16 17 13 18 13 19 14
4 7 18 12 18 16 23 18 22
6 0 15 4 14 5 16 9 12 12 12 18 18
13 0 19 1 21 2 21 4 17 5 18 9 21 10 19 12 15 13 17 14 21 15 24 16 15 19 21
16 0 15 1 20 3 16 4 24 5 15 6 24 7 12 9 18 11 12 13 13 14 14 15 19 16 19 17 23 18 16 19 20
6 0 23 6 19 9 18 11 19 12 23 19 12
11 1 17 2 15 6 20 7 20 8 17 9 19 10 14 13 13 15 20 18 17 19 23
13 1 16 2 15 3 12 4 16 5 21 8 18 10 12 11 24 12 19 14 15 16 17 17 24 18 22
1 7 15
5 1 24 2 17 6 13 11 24 12 13
2 1 24 12 21
17 0 16 1 15 2 16 3 20 4 16 5 12 6 14 7 15 8 12 9 20 10 16 11 19 12 24 13 20 14 19 15 13 17 21
10
17 3 0.0023
16 11 0.0022
4 9 0.0024000000000000002
17 0 0.0022
5 11 0.0012000000000000001
19 12 0.0015
1 14 0.0019
18 5 0.0018000000000000002
8 4 0.0016
5 11 0.0021000000000000003
10
9 18 0.0014 0.13503902611106688
16 18 0.0017000000000000001 0.127978556152201
10 13 0.0021000000000000003 0.14354511506490858
15 7 0.002 0.1303305339968591
13 5 0.0023 0.14040720935698967
4 13 0.0019 0.11645688324811575
16 0 0.0016 0.14634948596507366
9 15 0.0022 0.1231389524376033
16 9 0.0014 0.11199345198936665
3 15 0.0024000000000000002 0.1190641494912699
