20
13 1 16 4 17 6 22 7 18 8 17 9 20 10 17 11 22 13 16 15 12 16 21 17 24 18 19
12 0 15 2 14 5 13 6 24 9 13 10 18 12 13 13 22 14 18 15 22 17 16 18 17
14 0 24 1 19 3 12 5 22 7 23 8 14 9 19 10 16 11 13 12 21 14 21 15 20 17 12 19 12
10 2 14 4 16 6 13 8 12 13 20 15 19 16 20 17 14 18 17 19 17
11 0 15 3 24 6 15 7 23 9 21 11 13 12 15 13 13 15 24 17 24 19 18
2 16 19 19 21
9 1 15 3 21 4 20 7 18 8 21 11 12 15 19 18 21 19 20
1 5 24
3 4 18 12 22 16 20
7 1 15 2 20 6 16 7 21 10 15 12 24 13 14
3 4 22 6 16 13 16
13 0 21 2 17 3 22 4 22 5 15 9 23 10 15 12 21 13 17 15 16 16 20 18 19 19 20
11 1 22 4 14 5 13 7 23 8 19 9 16 11 19 14 21 15 22 17 22 18 22
7 3 24 5 18 6 13 9 14 17 17 18 17 19 20
18 0 16 2 12 3 16 4 16 5 13 6 20 7 18 8 19 9 12 10 22 11 15 12 24 13 14 15 14 16 18 17 20 18 16 19 17
2 4 18 18 21
12 0 18 1 14 3 23 5 20 6 24 7 16 8 23 9 18 10 12 11 19 14 17 15 13
6 2 23 3 21 6 21 11 14 15 18 18 14
16 0 16 1 13 2 13 3 19 5 13 6 14 7 13 8 19 10 14 11 23 12 12 14 18 15 12 16 21 17 15 19 23
11 0 13 3 22 4 19 6 23 8 15 9 16 10 17 11 22 13 19 16 22 18 14
10
6 9 0.0021000000000000003
0 1 0.0016
2 5 0.002
5 14 0.0016
3 9 0.0019
5 3 0.0017000000000000001
4 6 0.0017000000000000001
1 3 0.0012000000000000001
6 4 0.0017000000000000001
8 9 0.0017000000000000001
10
11 4 0.002 0.13583272549681055
15 3 0.0021000000000000003 0.1017985712741265
8 0 0.0014 0.12734523851418264
1 9 0.0024000000000000002 0.12783101079472983
2 3 0.0018000000000000002 0.13710505937537104
12 8 0.0013000000000000002 0.1254664052336265
2 0 0.0016 0.1270306516334002
17 0 0.0014 0.12199743566637847
4 12 0.0015 0.10735035343179304
5 18 0.0014 0.11416968638040532
