20
10 1 21 3 17 4 13 6 21 7 24 10 12 14 20 16 20 17 13 19 16
1 12 17
7 0 17 1 18 4 15 9 17 11 17 14 16 15 23
17 0 17 1 21 4 24 5 24 6 21 7 18 8 18 9 12 10 13 11 16 12 21 13 13 14 14 16 21 17 16 18 16 19 23
4 0 18 2 12 7 18 9 15
4 0 18 3 12 14 16 17 19
10 0 14 3 12 4 16 5 16 8 12 9 16 13 20 14 22 15 19 16 23
11 0 19 2 24 3 23 9 20 10 23 13 22 15 24 16 15 17 22 18 13 19 22
3 1 23 15 21 16 16
8 0 15 1 20 2 18 4 14 8 23 12 24 17 16 18 18
10 1 23 2 21 5 24 7 18 8 15 11 22 13 23 15 14 16 15 19 13
11 0 14 1 21 3 19 4 15 5 24 7 20 8 15 10 13 13 24 14 15 19 14
10 0 16 2 23 3 14 6 17 7 22 9 14 10 18 15 17 18 13 19 22
7 1 17 3 20 5 12 8 20 12 24 16 23 17 18
14 0 20 2 15 4 15 6 20 7 12 9 19 11 24 12 16 13 18 15 21 16 16 17 16 18 12 19 21
17 0 22 1 22 2 23 3 12 4 18 5 12 6 12 7 19 8 12 9 15 10 12 11 20 12 22 13 15 14 23 16 19 19 23
4 2 16 8 23 11 12 15 24
11 0 22 3 19 4 20 7 22 8 14 10 23 11 16 14 20 15 13 16 24 19 24
13 0 24 2 20 3 18 5 13 7 17 8 14 11 12 13 13 14 24 15 20 16 17 17 12 19 19
4 3 23 11 19 12 23 13 16
10
18 11 0.0013000000000000002
12 6 0.0013000000000000002
2 17 0.0019
13 6 0.0023
3 0 0.0012000000000000001
19 10 0.002
13 4 0.0023
0 12 0.0023
15 5 0.0015
17 3 0.0019
10
11 6 0.0021000000000000003 0.11679493439859519
14 2 0.0021000000000000003 0.10679233702117272
6 1 0.0018000000000000002 0.13253123009994205
16 11 0.0018000000000000002 0.12543489162820864
13 17 0.0024000000000000002 0.11595190947395127
0 2 0.0024000000000000002 0.10990006272698355
5 18 0.0015 0.1354915995874367
17 16 0.0021000000000000003 0.14682763366952994
19 7 0.0016 0.10265261510091406
13 2 0.0016 0.14722533728563642
