20
2 6 17 19 22
4 0 15 7 14 14 18 18 20
6 1 18 3 22 10 23 12 22 13 12 14 22
13 0 22 1 17 2 14 4 12 6 17 7 23 8 20 9 19 11 21 13 18 15 22 18 17 19 14
6 2 14 3 15 6 18 7 16 11 21 12 12
18 0 22 2 14 3 12 4 16 6 18 7 13 8 17 9 22 10 16 11 16 12 13 13 14 14 15 15 19 16 20 17 19 18 15 19 14
16 0 18 1 21 2 13 3 24 4 13 5 16 7 13 8 20 10 15 11 17 12 20 13 20 14 23 15 19 17 12 18 16
1 8 23
1 15 16
13 1 16 4 17 5 22 6 12 7 13 8 19 11 23 12 12 14 16 15 15 16 14 18 23 19 21
7 0 18 4 12 5 15 8 14 9 16 11 13 15 23
2 12 21 17 15
13 0 24 4 12 6 21 7 16 8 13 9 15 10 22 11 14 14 16 15 23 16 18 17 17 18 23
17 0 15 1 18 2 21 3 19 4 23 5 24 6 17 7 13 8 20 9 20 10 17 12 21 14 13 15 17 16 15 18 17 19 19
3 3 12 7 14 17 12
11 0 21 1 18 3 14 5 20 6 20 10 21 11 12 12 16 14 18 17 16 18 21
14 0 12 1 13 2 22 3 21 4 13 6 20 7 23 9 15 11 20 12 19 14 16 15 15 18 21 19 14
3 1 23 4 15 10 17
14 0 19 4 22 5 12 6 19 7 18 8 13 9 20 10 14 11 15 13 12 14 15 15 22 17 21 19 23
1 5 21
10
9 8 0.0024000000000000002
13 14 0.0018000000000000002
18 11 0.0023
7 0 0.0017000000000000001
6 14 0.0014
10 0 0.0014
6 2 0.0014
7 6 0.0013000000000000002
0 5 0.0021000000000000003
2 11 0.0018000000000000002
10
6 0 0.0017000000000000001 0.1389112815071865
8 1 0.0021000000000000003 0.12655254656898887
1 17 0.0019 0.1480135309027164
11 0 0.0013000000000000002 0.13985941676736063
5 13 0.0016 0.12671712101894542
1 16 0.0014 0.1373076481251976
10 4 0.002 0.10397284969114037
19 16 0.002 0.13524549312620715
14 10 0.0022 0.136167656103336
13 16 0.0021000000000000003 0.12252921057990361
