20
6 4 21 6 17 9 13 12 14 13 17 17 20
9 2 13 4 15 5 17 6 22 10 16 12 12 13 13 17 12 19 15
17 0 24 1 15 3 12 4 12 5 20 6 24 7 23 8 22 10 22 11 18 12 12 13 23 14 21 15 16 17 20 18 23 19 24
1 5 14
1 12 22
3 4 18 10 24 17 20
14 0 13 1 18 3 19 4 12 7 20 8 14 9 15 10 15 13 24 14 12 16 23 17 20 18 19 19 20
4 6 18 12 12 15 23 16 20
12 1 19 2 14 3 15 5 22 7 19 9 20 10 13 11 23 12 18 15 24 16 23 18 13
4 3 17 7 19 11 15 12 17
12 1 18 2 20 3 17 4 22 5 20 8 16 9 23 12 22 13 21 16 17 17 17 19 20
17 1 18 2 16 3 12 4 23 6 18 7 15 8 17 9 16 10 16 12 21 13 24 14 19 15 12 16 16 17 13 18 23 19 14
9 1 19 2 16 3 12 8 15 9 19 14 24 15 24 18 21 19 23
16 0 18 1 17 2 22 3 22 5 17 7 13 8 17 9 17 10 19 11 13 12 18 14 13 15 14 16 17 18 17 19 19
7 5 18 6 22 8 22 10 16 15 21 16 16 18 23
12 2 24 3 22 4 21 5 16 6 21 8 21 10 16 13 22 14 17 16 12 17 20 18 22
11 2 23 3 21 5 21 6 15 9 23 10 20 11 18 13 23 14 16 15 16 18 18
14 0 16 1 14 2 18 3 19 5 24 6 23 7 22 8 15 10 13 13 17 14 16 16 12 18 14 19 20
4 3 13 6 17 11 20 19 17
1 11 19
10
6 14 0.0018000000000000002
5 16 0.0024000000000000002
8 15 0.0015
8 11 0.0018000000000000002
1 15 0.002
16 19 0.0015
16 13 0.0016
10 2 0.0017000000000000001
17 6 0.0022
3 9 0.0024000000000000002
10
0 12 0.0024000000000000002 0.1336115567940128
15 8 0.0016 0.10395366923876485
8 13 0.0014 0.11262080032158887
17 14 0.0022 0.12190707985036542
6 1 0.0012000000000000001 0.132500404532157
4 12 0.0015 0.10189985643715614
0 1 0.0015 0.13343989508229664
14 16 0.0023 0.12496971607892696
0 10 0.0016 0.12995905631219792
4 8 0.0022 0.1097161190347947
