20
10 2 21 3 17 4 16 6 24 7 16 8 19 13 20 17 22 18 14 19 15
13 0 14 4 21 5 12 6 19 9 14 10 23 12 22 13 13 14 15 16 15 17 16 18 20 19 14
2 3 14 7 15
17 0 15 1 23 2 16 4 16 5 15 6 21 7 24 8 16 10 22 11 17 12 17 13 16 14 18 15 21 16 14 17 15 18 19
6 2 16 5 14 6 15 8 15 12 17 17 22
16 0 13 1 18 2 15 3 20 4 13 6 24 7 22 9 22 10 13 11 18 12 17 14 23 15 17 16 21 18 23 19 12
8 0 19 1 16 4 13 9 23 11 24 15 13 16 22 18 14
7 2 22 3 20 9 21 11 12 14 20 16 22 17 15
17 0 15 1 15 2 13 3 13 4 18 6 23 7 16 9 20 11 13 12 15 13 16 14 12 15 22 16 15 17 14 18 21 19 18
13 3 18 4 15 5 18 6 24 8 13 10 17 11 20 12 20 13 16 14 21 16 18 17 19 18 16
7 0 22 1 21 11 14 12 12 15 24 17 16 18 22
2 1 22 19 14
18 0 18 1 13 2 13 3 20 5 22 6 23 7 21 8 22 9 20 10 24 11 15 13 15 14 23 15 12 16 14 17 13 18 13 19 13
18 0 21 1 17 2 12 3 24 4 13 5 24 6 14 7 17 8 17 9 18 10 21 11 15 14 23 15 12 16 16 17 20 18 12 19 24
4 1 12 11 24 16 17 19 13
15 0 16 1 20 2 21 3 16 4 13 5 13 7 19 9 14 10 24 11 17 12 21 13 13 14 24 16 12 19 12
4 4 15 7 13 9 24 17 20
14 0 16 1 17 2 23 4 19 5 13 8 16 9 16 10 17 11 16 12 14 14 19 15 19 18 23 19 16
7 2 15 4 17 5 16 6 21 7 17 11 18 15 12
12 0 15 1 23 2 13 5 16 8 13 10 22 11 18 12 23 13 20 14 16 16 17 18 12
5
12 17 0.0023
1 8 0.0024000000000000002
9 16 0.0022
16 14 0.0016
12 5 0.0022
15
18 19 0.0022 0.10906216540386901
16 14 0.0013000000000000002 0.12306375575829356
5 13 0.0015 0.10697392347811754
16 18 0.0016 0.12309123452639704
0 18 0.0013000000000000002 0.13447770593175484
13 8 0.0012000000000000001 0.11948673113642186
7 14 0.0016 0.13071681288896028
14 2 0.0013000000000000002 0.14963322293690184
3 17 0.0023 0.1326440396061401
17 8 0.0021000000000000003 0.13571828058957264
12 10 0.0014 0.13138644847917896
10 3 0.0014 0.10618630267944199
11 14 0.0017000000000000001 0.14901753483239882
13 7 0.0022 0.14674185773467122
3 9 0.0017000000000000001 0.12683352999978315
