20
10 1 12 5 13 8 12 9 14 10 18 13 22 15 21 16 22 17 16 18 23
1 19 20
2 0 13 19 22
15 0 17 1 20 2 16 4 23 5 19 6 14 7 12 8 18 10 21 12 21 13 24 14 23 16 21 17 12 18 17
11 1 19 2 21 3 22 9 14 10 13 13 21 14 16 15 24 16 12 17 21 19 23
17 0 16 1 14 2 17 3 20 4 14 7 15 9 20 10 23 11 18 12 21 13 20 14 12 15 15 16 18 17 23 18 16 19 24
5 10 21 12 23 14 22 15 15 16 18
13 3 22 5 17 6 13 8 18 9 17 10 16 11 24 12 13 13 19 16 18 17 14 18 16 19 13
1 14 12
3 0 18 4 18 5 20
15 0 13 1 19 2 17 3 14 4 19 6 20 7 22 8 15 9 15 11 12 12 18 13 20 15 13 17 13 18 14
13 0 15 1 13 2 19 4 19 8 20 9 19 12 13 13 17 14 13 15 19 17 23 18 18 19 17
14 1 23 2 13 3 21 5 22 6 14 7 18 8 14 9 19 11 14 14 15 15 16 17 21 18 18 19 13
8 1 18 2 12 3 19 9 16 10 22 12 12 15 16 16 19
16 0 14 2 17 3 21 4 16 5 18 6 18 7 21 8 21 9 23 10 20 12 13 13 18 15 13 16 24 17 18 18 17
12 0 15 1 14 4 18 5 16 6 16 8 15 9 14 10 23 13 19 14 15 17 12 18 15
15 0 16 2 13 3 14 4 14 5 16 7 21 9 12 10 24 11 17 12 18 13 12 15 24 17 23 18 16 19 18
16 0 21 1 20 2 17 3 16 6 15 7 22 8 17 10 12 11 16 12 17 13 15 14 17 15 14 16 16 18 24 19 22
5 0 20 3 18 11 17 12 13 19 20
5 0 23 9 16 10 17 13 22 15 15
5
8 19 0.0018000000000000002
5 9 0.0024000000000000002
17 5 0.0012000000000000001
18 2 0.0017000000000000001
18 15 0.0021000000000000003
15
13 11 0.002 0.11207504758317015
17 11 0.002 0.10216400544224995
13 9 0.0013000000000000002 0.11474251016177468
15 4 0.0021000000000000003 0.1149834430410746
17 11 0.0021000000000000003 0.1147445332783354
15 3 0.0023 0.11043622553095847
17 16 0.0015 0.1433216881686744
17 3 0.0018000000000000002 0.10924470028143461
4 3 0.0024000000000000002 0.11078171419321436
7 13 0.0016 0.14496973014223913
5 16 0.002 0.14493765411354265
5 13 0.0018000000000000002 0.14525500370608704
10 14 0.0016 0.14614675489389428
2 1 0.0018000000000000002 0.14575337133737104
6 18 0.0021000000000000003 0.11738683542071375
