20
18 1 22 2 20 4 12 5 15 6 19 7 16 8 18 9 20 10 18 11 12 12 12 13 19 14 24 15 21 16 21 17 13 18 23 19 16
4 4 17 10 18 15 20 16 19
7 4 17 7 24 8 20 15 23 17 23 18 23 19 20
6 0 13 10 24 11 14 12 16 15 16 17 15
11 0 16 2 15 6 22 8 20 9 12 11 15 12 23 14 15 15 21 17 21 19 17
4 2 15 15 22 17 17 19 15
12 0 13 2 13 3 22 4 21 5 19 8 16 9 13 10 14 11 16 12 24 13 19 16 23
6 2 15 6 22 12 23 13 24 14 21 17 16
11 0 22 3 16 5 15 6 17 10 22 12 19 13 23 14 19 15 18 16 23 18 14
12 0 21 1 17 2 14 3 16 4 19 6 16 8 14 10 17 12 16 14 21 15 12 19 24
10 0 21 2 14 6 19 8 12 11 16 12 22 13 20 15 15 16 23 19 20
11 0 14 1 24 3 19 4 13 5 20 6 21 12 13 15 20 17 24 18 24 19 16
13 0 15 1 19 3 21 4 19 5 15 7 20 8 13 11 14 13 13 14 20 15 21 18 21 19 18
3 1 14 9 21 19 19
10 0 22 4 15 7 19 9 18 10 18 11 18 13 12 15 22 16 23 17 22
4 6 20 11 13 14 12 19 20
2 9 18 14 16
10 0 23 2 24 3 13 4 17 7 12 10 22 11 22 14 19 15 21 16 23
5 1 12 3 16 10 12 11 20 13 21
15 0 18 2 17 3 20 4 23 5 18 6 19 7 14 9 16 10 23 11 16 12 13 15 13 16 15 17 18 18 17
5
14 19 0.0018000000000000002
0 13 0.0013000000000000002
8 9 0.0022
13 2 0.002
10 7 0.0016
15
2 13 0.0019 0.1260544721666361
12 5 0.0022 0.10411557059134106
14 12 0.002 0.13282335915681298
14 11 0.0016 0.11683171153265658
1 11 0.002 0.1007196407940518
12 6 0.0018000000000000002 0.11268656165515668
6 5 0.0013000000000000002 0.10521086830972914
10 1 0.0023 0.10425472411945808
15 16 0.0012000000000000001 0.1266135316201326
16 4 0.0016 0.11714179010350864
10 14 0.0012000000000000001 0.14803627554820709
14 13 0.002 0.12224002759734268
1 3 0.0017000000000000001 0.14967717556339852
7 3 0.0024000000000000002 0.11071691758333997
1 8 0.0012000000000000001 0.12888638033287414
