20
4 1 20 2 13 12 12 14 19
1 10 21
7 1 16 4 18 8 23 9 16 10 13 11 24 14 22
1 9 19
12 0 19 1 18 2 15 5 22 6 12 7 13 8 14 9 21 10 14 12 16 15 21 19 12
9 2 24 4 24 6 23 9 21 10 21 13 22 15 16 16 22 18 23
2 4 23 11 24
15 1 16 2 20 4 12 5 24 6 14 8 17 9 24 11 13 12 15 13 22 14 21 16 20 17 24 18 16 19 24
7 2 18 9 12 10 20 11 16 13 17 15 17 19 21
3 0 17 8 14 18 18
1 17 16
17 1 17 2 15 3 19 4 21 5 22 6 16 7 19 8 14 9 19 10 16 12 24 13 21 14 22 16 20 17 18 18 13 19 23
17 0 19 1 19 2 17 3 24 4 21 6 20 7 24 8 22 9 21 10 15 11 24 13 12 14 15 15 17 17 19 18 24 19 21
9 1 16 3 23 5 14 6 18 7 16 10 17 12 12 15 13 18 23
6 0 13 6 17 8 14 11 13 13 15 19 21
10 0 17 3 13 4 21 5 20 7 19 8 20 9 18 12 17 16 14 18 23
9 1 17 5 15 6 18 9 14 10 20 11 14 12 13 14 12 17 20
17 0 15 1 13 2 16 3 22 4 17 5 13 6 12 7 15 10 17 11 22 12 17 13 12 14 18 15 14 16 21 18 22 19 23
18 0 14 1 22 2 22 3 14 4 15 5 18 6 14 7 23 8 20 9 24 10 22 11 16 12 18 13 15 14 21 15 21 16 24 19 18
2 8 13 13 17
5
5 13 0.0014
12 8 0.0019
12 7 0.0021000000000000003
18 5 0.0024000000000000002
14 7 0.0015
15
5 13 0.0016 0.12515672483074328
17 0 0.0023 0.1377831405179828
8 6 0.0021000000000000003 0.10903583173582526
18 6 0.0021000000000000003 0.12076036207262449
17 6 0.0016 0.10942693553263375
8 19 0.0022 0.13079738789789463
14 5 0.0021000000000000003 0.14382955534762312
16 12 0.0012000000000000001 0.11375588759003126
2 17 0.0018000000000000002 0.12429401883714368
9 18 0.0012000000000000001 0.12277482718520372
14 19 0.0021000000000000003 0.14942034288446393
7 12 0.0022 0.13953150225553723
15 16 0.0023 0.13192952744561776
12 18 0.0015 0.1124885042168645
9 0 0.0021000000000000003 0.14338430971286187
