20
17 2 14 4 20 5 22 6 20 7 17 8 12 9 13 10 20 11 12 12 23 13 23 14 17 15 21 16 18 17 15 18 14 19 14
13 0 12 2 22 5 20 7 14 8 23 10 17 12 18 13 16 14 21 16 12 17 21 18 17 19 19
15 0 16 1 24 5 14 6 19 7 20 8 15 9 12 10 21 11 23 13 22 14 23 15 15 16 23 17 17 18 16
4 2 12 4 21 14 14 17 22
8 0 22 1 20 2 23 5 12 8 14 11 17 16 17 17 24
2 8 21 12 20
9 0 20 8 16 9 19 11 19 12 13 13 24 14 16 18 24 19 19
17 0 18 1 19 2 16 4 16 5 23 6 21 8 24 9 24 10 20 11 21 13 20 14 24 15 24 16 20 17 24 18 23 19 19
14 0 20 1 13 2 18 3 17 4 20 6 17 7 19 10 24 12 23 14 24 16 16 17 13 18 20 19 17
11 3 21 4 23 5 22 7 19 8 21 11 20 12 13 13 17 15 19 17 15 18 12
12 0 24 3 12 4 12 6 18 8 24 9 17 11 17 13 14 14 15 16 24 18 19 19 22
6 3 21 4 16 8 16 10 21 13 16 17 16
7 2 24 6 13 8 20 10 12 11 22 18 20 19 14
3 2 18 11 12 12 21
7 4 18 10 14 11 22 12 19 13 19 16 20 18 23
16 0 12 2 14 3 16 5 24 6 14 8 24 9 18 10 20 11 14 12 19 13 14 14 13 16 18 17 24 18 22 19 24
16 0 23 1 20 4 16 6 24 7 20 8 17 9 20 10 14 11 23 12 19 13 21 14 21 15 20 17 15 18 20 19 23
1 4 18
15 1 17 2 23 3 20 4 24 7 16 8 14 9 14 10 23 11 20 12 18 13 21 14 15 15 18 16 15 17 20
4 1 15 11 21 15 14 16 24
5
10 19 0.0013000000000000002
17 15 0.0019
13 11 0.0013000000000000002
17 12 0.0014
9 12 0.0024000000000000002
15
4 2 0.002 0.139455199914209
1 18 0.0017000000000000001 0.137990993949348
5 15 0.0023 0.11052915087701783
4 17 0.0015 0.10512507967311707
9 3 0.0018000000000000002 0.13743336671135783
13 8 0.002 0.1313096278619021
15 5 0.0021000000000000003 0.10469291226247568
3 1 0.0013000000000000002 0.14604035728169507
5 2 0.0018000000000000002 0.12376413131740291
6 12 0.0016 0.1305453276595601
15 9 0.0012000000000000001 0.14594137937670182
15 16 0.0018000000000000002 0.10175578829284203
8 7 0.0024000000000000002 0.12939250435566504
5 17 0.0013000000000000002 0.1060019434043825
9 0 0.0016 0.1306211131609331
