20
10 5 19 7 22 8 18 9 12 10 17 12 13 13 20 14 13 16 12 17 24
12 2 18 3 14 4 12 5 21 7 16 8 14 11 13 13 13 15 24 16 19 17 16 18 19
8 10 16 11 19 12 16 13 12 15 20 17 18 18 18 19 12
12 0 12 2 22 6 24 10 22 12 12 13 12 14 15 15 23 16 14 17 12 18 21 19 15
16 0 24 2 14 3 12 5 24 6 14 7 15 8 20 9 23 10 24 11 15 12 22 13 23 15 23 16 23 17 23 18 17
16 1 19 2 17 3 17 4 12 6 15 7 17 8 19 9 12 10 23 11 17 12 12 14 13 15 22 17 23 18 20 19 14
8 0 24 5 22 8 15 11 23 12 14 17 20 18 14 19 19
4 1 17 13 21 15 14 19 19
6 0 21 1 24 5 19 15 16 18 18 19 17
6 0 16 1 22 2 23 11 19 12 18 13 20
14 0 19 2 12 3 19 4 12 5 16 6 15 8 12 9 20 11 12 12 20 15 15 16 20 18 13 19 17
4 3 19 6 15 15 15 16 13
7 1 14 4 20 5 18 8 17 11 22 13 12 14 13
6 3 19 4 16 9 13 16 23 17 14 19 18
15 1 20 4 16 5 15 6 24 7 21 8 19 9 20 10 24 11 19 13 20 15 17 16 22 17 20 18 13 19 24
1 5 24
7 4 24 5 16 6 23 8 18 9 22 15 24 18 20
9 0 20 2 21 3 19 7 18 8 13 10 22 13 19 15 18 18 13
3 0 24 5 19 7 24
14 0 24 1 23 2 15 4 19 6 16 7 21 9 14 10 23 11 21 12 23 13 19 14 20 15 20 16 19
5
5 12 0.0017000000000000001
2 6 0.0015
10 16 0.0019
7 13 0.0018000000000000002
5 2 0.0023
15
9 5 0.0021000000000000003 0.12976985448655143
4 17 0.0021000000000000003 0.12471690338733366
10 18 0.002 0.1414256139366617
3 13 0.0019 0.1441943564981095
12 9 0.0012000000000000001 0.14073565151665182
18 19 0.0021000000000000003 0.10545414919814944
11 7 0.0017000000000000001 0.13908520278290804
18 16 0.0015 0.1487826670389859
13 9 0.0017000000000000001 0.110080653378032
1 16 0.0015 0.10861546721664385
9 11 0.0023 0.10605742245030073
0 19 0.0012000000000000001 0.14309022316659037
16 15 0.0023 0.12423620340802577
8 3 0.0018000000000000002 0.12096744321046354
3 8 0.0014 0.13525917455466074
