20
13 1 13 4 23 5 13 6 12 8 17 9 23 11 24 12 16 14 21 16 15 17 13 18 14 19 24
13 0 21 4 19 6 17 7 15 8 12 9 18 10 15 11 13 13 21 14 12 15 21 17 21 19 12
4 1 17 5 17 8 23 12 19
7 0 21 1 22 2 22 5 20 17 24 18 20 19 15
15 0 24 1 12 2 24 5 18 6 14 7 14 8 22 9 15 10 22 12 17 13 19 16 18 17 13 18 19 19 20
3 4 12 8 12 14 14
17 0 15 2 24 3 17 4 13 5 17 7 24 9 20 10 12 11 18 12 24 13 24 14 13 15 15 16 21 17 12 18 19 19 15
7 5 23 8 23 9 16 10 21 11 22 14 22 17 19
4 5 20 9 16 12 15 14 13
17 0 18 1 23 2 21 3 19 5 24 6 19 7 16 8 22 10 21 11 16 12 15 13 24 14 12 15 17 16 14 17 18 19 19
13 1 17 3 19 4 14 6 16 7 23 8 19 9 23 11 15 13 14 16 14 17 13 18 23 19 19
14 0 15 2 13 3 15 5 13 6 12 8 17 9 20 10 13 12 12 13 21 14 12 16 15 17 13 18 13
3 5 17 14 24 18 23
7 4 17 5 20 8 24 10 13 11 24 17 13 19 21
15 0 23 1 22 2 16 5 18 6 17 7 14 8 19 9 20 10 13 11 19 12 13 13 21 17 22 18 14 19 22
2 7 21 14 23
9 2 13 4 24 6 12 7 21 8 23 10 15 15 17 17 23 19 22
8 1 21 3 21 5 13 7 12 9 22 13 18 15 19 16 23
8 0 13 1 21 6 17 7 20 8 22 9 18 11 13 14 23
3 0 23 15 13 18 16
5
9 18 0.0019
18 14 0.0019
2 7 0.0016
12 10 0.002
6 14 0.0024000000000000002
15
9 2 0.0013000000000000002 0.12904170824120975
6 2 0.0012000000000000001 0.1434243547993681
14 0 0.0024000000000000002 0.13226865563059145
12 2 0.0019 0.13836939587128835
15 14 0.0016 0.13254599714338877
11 17 0.0024000000000000002 0.1408069729171919
5 10 0.0022 0.11875670777990326
3 16 0.0012000000000000001 0.11581257058594682
11 13 0.0019 0.14259834772204974
1 3 0.0022 0.14275768201282057
0 16 0.0012000000000000001 0.13593210358906532
13 1 0.0017000000000000001 0.12368090453259893
5 18 0.0024000000000000002 0.13473564858101647
0 9 0.002 0.13256319558476876
0 13 0.0012000000000000001 0.10711343022787649
