20
7 5 12 8 17 9 12 12 18 13 14 16 13 17 16
8 4 12 5 16 7 13 11 19 12 23 13 21 14 22 16 23
9 1 12 4 19 7 15 9 21 12 19 13 23 16 21 17 18 18 14
2 5 17 18 12
15 0 15 1 21 2 23 3 19 5 15 6 17 8 12 9 22 10 21 11 20 13 14 14 14 15 17 17 17 19 15
8 2 17 6 15 9 22 10 20 12 15 16 14 18 19 19 20
10 1 20 3 19 4 14 5 20 8 19 11 13 12 23 16 21 17 13 19 16
15 0 17 1 17 3 15 4 13 5 21 6 14 8 24 9 21 10 18 12 12 13 12 14 21 16 14 17 23 18 18
17 0 14 1 19 2 20 3 20 4 20 5 21 6 15 7 22 10 20 11 14 12 20 14 19 15 13 16 22 17 21 18 19 19 19
2 0 15 14 12
1 4 20
10 2 22 5 18 6 18 8 20 10 24 12 12 13 15 16 12 18 21 19 21
1 18 16
4 4 24 6 21 17 19 18 16
18 0 17 1 16 2 20 3 20 4 17 6 23 7 23 8 18 9 16 10 21 11 21 12 19 13 21 15 24 16 21 17 12 18 18 19 23
17 0 21 1 16 2 12 3 12 5 21 6 18 7 19 8 16 9 22 10 13 11 18 13 23 14 12 16 12 17 12 18 16 19 19
6 1 13 5 16 6 12 7 17 10 14 19 23
4 0 14 7 16 11 24 16 21
9 1 23 4 15 6 12 9 23 10 15 11 21 13 14 15 12 16 14
14 0 17 1 21 3 17 4 12 5 22 6 13 7 21 10 24 11 18 13 17 14 16 15 17 17 24 18 12
5
5 0 0.0015
1 11 0.0019
13 7 0.0021000000000000003
18 13 0.0016
9 11 0.0018000000000000002
15
3 2 0.0022 0.1249390307785175
19 3 0.0012000000000000001 0.10565049118536995
8 15 0.0017000000000000001 0.11349730484744018
0 1 0.0021000000000000003 0.11905919406079832
11 0 0.0016 0.10255956251394162
10 9 0.0014 0.14814790835621316
2 19 0.0014 0.1013243102418628
12 1 0.0012000000000000001 0.11834854972426098
14 11 0.0017000000000000001 0.14466128371117992
10 4 0.0021000000000000003 0.12301277868627149
14 10 0.0016 0.12478816175379365
17 2 0.0021000000000000003 0.1315061278823304
9 12 0.0017000000000000001 0.13093257873616485
12 17 0.0022 0.14174744224323652
2 0 0.0019 0.10784281320027628
