20
13 1 12 3 21 6 15 7 19 8 24 9 16 10 16 12 20 13 23 15 16 16 22 17 15 19 12
13 0 22 2 17 3 14 4 13 7 17 8 18 10 20 11 14 12 18 15 19 16 18 18 18 19 15
18 0 23 1 15 3 23 4 23 5 12 6 12 7 17 8 23 9 19 10 12 11 16 12 16 13 20 14 19 15 15 17 18 18 23 19 20
9 2 16 4 14 7 23 8 24 9 15 13 14 16 18 17 12 18 21
15 0 13 1 15 3 12 5 19 6 18 7 14 8 22 9 24 10 22 12 12 13 14 14 18 15 23 16 13 19 21
7 0 18 8 14 9 24 15 13 17 23 18 22 19 21
5 5 13 7 22 13 22 14 14 18 20
8 2 12 9 24 10 19 12 18 13 14 14 13 15 16 19 13
3 4 12 6 12 14 13
10 0 18 3 20 5 24 6 23 7 19 10 18 15 17 16 14 17 14 18 18
1 12 13
5 1 13 6 18 9 21 14 19 19 13
17 0 24 1 15 2 18 3 12 4 21 5 17 6 18 7 18 9 22 10 21 11 14 13 24 14 16 15 24 17 22 18 20 19 19
15 0 17 2 14 3 21 4 18 5 19 6 12 8 19 9 17 11 16 14 17 15 20 16 17 17 14 18 20 19 17
15 0 14 3 24 4 13 5 20 6 20 7 23 8 18 9 14 10 24 11 24 13 12 16 23 17 18 18 24 19 19
14 1 17 3 14 5 21 6 21 7 24 9 19 10 18 12 15 13 16 14 16 16 15 17 12 18 21 19 17
6 3 13 7 22 12 23 15 13 17 20 19 20
3 9 24 12 16 16 24
8 3 19 4 22 5 24 8 19 11 17 13 24 14 15 19 12
6 1 15 7 22 11 15 13 14 15 12 17 13
5
9 10 0.0016
7 0 0.0015
18 4 0.0022
3 11 0.0012000000000000001
1 12 0.0019
15
17 8 0.0017000000000000001 0.1418777659096461
5 17 0.0023 0.12630736920731403
17 7 0.0018000000000000002 0.14255581739338125
7 18 0.002 0.1497265141864273
6 18 0.0024000000000000002 0.10402643325241262
13 4 0.0016 0.11860741793853471
9 13 0.0023 0.12122985197993465
19 13 0.0016 0.11614704857765831
15 0 0.0013000000000000002 0.12662286422169405
8 16 0.0023 0.1094612309413083
16 19 0.002 0.13611458510327834
14 4 0.0018000000000000002 0.10612324835119205
0 10 0.0024000000000000002 0.13746743971741693
7 1 0.0022 0.10684097942769057
2 19 0.0012000000000000001 0.1300462533317075
