20
14 2 16 3 23 4 15 8 23 9 15 10 13 11 19 12 19 14 18 15 23 16 13 17 24 18 12 19 15
4 4 14 10 20 12 12 19 21
11 0 12 1 18 4 18 5 13 8 22 11 18 12 16 14 21 15 17 16 21 19 19
7 0 13 2 19 6 21 8 19 14 14 16 23 17 14
6 0 17 2 13 7 13 16 18 17 23 18 16
16 0 16 1 22 2 20 3 24 4 23 6 18 7 13 8 16 9 22 10 14 12 18 13 18 14 15 15 17 17 14 18 14
7 1 20 2 13 9 17 10 14 13 24 14 23 15 23
11 1 20 2 18 4 19 5 19 6 19 8 24 9 22 11 14 13 20 16 16 19 17
4 3 16 6 14 7 14 17 22
12 0 23 3 23 4 17 5 19 6 21 7 23 8 12 10 21 11 12 12 22 14 19 16 24
15 0 14 2 18 3 24 4 17 5 21 6 22 7 16 9 16 12 14 13 18 14 20 15 13 17 12 18 13 19 20
7 2 24 4 22 6 24 7 15 13 16 14 12 19 19
7 2 17 3 15 5 22 13 19 15 23 16 16 17 16
6 2 23 8 22 9 19 11 17 14 17 17 23
13 0 14 1 20 2 18 3 12 6 14 7 14 9 14 11 17 15 14 16 17 17 20 18 16 19 15
8 1 13 4 24 6 21 11 21 12 15 14 22 17 12 19 15
12 0 14 2 17 3 16 4 22 5 19 6 23 7 24 8 12 9 22 10 15 12 22 17 12
17 1 22 3 12 4 22 5 16 6 22 7 22 8 15 9 23 10 23 11 19 12 16 13 18 14 12 15 23 16 13 18 15 19 12
17 0 15 1 20 2 12 3 23 4 22 5 18 6 24 7 23 8 16 9 17 10 19 11 22 12 16 13 21 14 22 15 19 16 14
3 2 16 7 22 8 15
5
16 10 0.0015
6 19 0.0023
13 17 0.0022
14 1 0.0012000000000000001
17 4 0.0019
15
9 3 0.0017000000000000001 0.13805178438987145
13 12 0.0022 0.13892139935719938
13 19 0.0014 0.10447723797985516
12 4 0.0024000000000000002 0.10424843902945552
6 17 0.0016 0.12987760919981658
19 8 0.0018000000000000002 0.12182537104535521
14 16 0.0022 0.12351233259138167
7 12 0.0015 0.13549802834825883
9 13 0.0014 0.12319913455947157
5 15 0.002 0.1193323121557973
3 12 0.0022 0.13442595532361318
11 14 0.0022 0.1366583478627007
13 9 0.0019 0.14163615454224296
2 1 0.0024000000000000002 0.11448264559238581
0 6 0.0012000000000000001 0.10340537631932181
