20
15 1 17 4 20 5 23 6 20 7 22 9 19 10 23 11 14 12 15 13 17 14 19 15 13 17 16 18 18 19 18
15 0 15 2 24 3 16 4 13 6 21 7 21 9 14 10 18 12 20 13 22 15 22 16 13 17 23 18 12 19 18
4 0 13 9 12 15 13 19 21
9 2 16 5 19 6 24 7 22 8 15 9 13 10 19 12 22 18 22
1 9 21
15 0 12 1 22 3 23 6 16 7 15 8 18 9 23 10 19 12 16 14 21 15 24 16 18 17 24 18 20 19 19
6 3 19 10 13 13 12 14 18 16 20 19 22
4 0 17 1 13 3 22 15 15
8 2 17 6 20 7 18 9 14 11 16 15 20 16 19 17 15
11 1 20 2 23 3 22 4 20 6 22 8 12 10 16 11 23 14 22 16 19 18 22
4 2 12 14 12 17 17 18 13
15 0 19 1 19 2 17 4 14 5 13 7 12 8 20 9 22 10 22 12 22 13 21 14 14 15 18 16 22 18 22
5 0 12 1 19 2 22 6 19 7 16
2 11 19 14 13
10 3 14 4 24 5 23 6 16 7 15 9 16 10 13 11 19 15 13 19 14
15 0 19 1 23 3 17 4 12 6 24 7 15 8 22 10 20 11 19 12 20 14 18 16 20 17 15 18 14 19 20
16 0 24 2 22 4 22 6 23 7 19 8 15 9 19 10 12 11 20 12 20 13 19 14 21 15 13 17 15 18 13 19 14
15 0 18 1 13 2 16 3 20 5 12 6 12 7 19 8 19 9 16 10 21 11 12 12 19 13 19 15 20 16 13
13 0 24 2 15 4 12 5 22 6 22 7 23 9 15 11 18 12 14 13 13 14 23 15 20 16 14
17 0 15 1 14 2 24 3 22 5 14 7 16 8 24 9 17 10 19 11 22 12 22 13 14 14 20 15 17 16 21 17 15 18 24
5
4 5 0.0013000000000000002
6 13 0.0023
1 2 0.0021000000000000003
4 9 0.0024000000000000002
5 6 0.0022
15
3 6 0.0017000000000000001 0.13229510828613833
19 12 0.0023 0.11064448672761158
4 5 0.0015 0.10035738794343413
1 11 0.0021000000000000003 0.12683194077440596
1 6 0.0012000000000000001 0.12539251112251917
17 12 0.0017000000000000001 0.1400791057373765
4 17 0.0023 0.11473067454260931
5 0 0.0014 0.11610370915081056
8 3 0.0019 0.12152538365265549
1 0 0.0013000000000000002 0.1256193007863751
18 16 0.0022 0.13558480886169136
4 1 0.0018000000000000002 0.12567850772967332
8 14 0.0017000000000000001 0.1218818328253774
0 14 0.0023 0.12559735585516282
8 12 0.0021000000000000003 0.1048948878212679
