20
3 1 17 3 18 19 21
10 2 24 3 21 4 21 5 24 9 20 11 14 12 15 14 21 15 13 19 22
9 0 18 3 24 6 15 11 15 14 22 15 15 17 14 18 23 19 23
1 19 15
3 3 23 14 23 17 16
7 1 20 2 23 3 24 9 23 12 12 15 18 17 17
4 1 12 5 20 13 19 15 14
5 1 22 2 20 6 19 14 12 15 17
10 2 23 3 19 4 23 7 18 11 13 12 13 13 12 15 19 18 19 19 19
5 0 18 11 23 14 17 17 24 18 14
12 0 12 3 15 6 22 7 22 8 14 9 12 11 15 12 22 13 16 15 23 18 12 19 13
6 0 21 1 20 3 21 6 14 10 16 14 19
2 14 21 16 19
6 0 13 1 12 2 12 3 13 6 22 12 23
12 1 12 3 23 4 20 5 18 7 13 8 15 11 23 13 15 15 13 16 22 18 20 19 24
10 0 15 1 14 4 17 5 16 6 22 9 14 10 20 11 13 18 24 19 21
15 1 22 2 20 4 13 5 14 6 15 7 17 8 13 9 16 11 19 12 16 14 13 15 18 17 24 18 21 19 21
8 0 12 1 19 3 20 4 16 7 22 11 21 15 24 16 12
17 0 24 1 20 2 18 3 22 4 17 5 14 8 17 9 16 10 14 11 24 12 15 13 19 14 21 15 14 16 17 17 24 19 24
13 0 18 1 20 3 16 4 12 6 15 7 20 8 23 9 21 10 16 12 13 13 23 16 12 17 15
5
10 19 0.0012000000000000001
6 10 0.0024000000000000002
18 0 0.0023
19 9 0.0023
9 12 0.0012000000000000001
15
11 16 0.0022 0.1136162578765844
1 6 0.0015 0.10883493082991645
9 13 0.0021000000000000003 0.10956857175753483
15 4 0.0024000000000000002 0.12478308604264049
16 14 0.0017000000000000001 0.1242680775938747
14 5 0.0023 0.10467916404298566
15 0 0.0015 0.1138842474675244
15 5 0.0019 0.13731229032696374
14 13 0.0015 0.1469061433445305
14 2 0.0019 0.13772112084589208
16 4 0.002 0.14930865457566198
8 12 0.0023 0.1219025270992653
10 9 0.0017000000000000001 0.13721944955628776
16 17 0.0016 0.11964039242385946
5 13 0.0017000000000000001 0.11082035672596226
