20
10 1 18 2 13 3 23 6 18 7 22 8 24 10 17 11 14 12 14 13 12
14 0 16 3 12 4 23 5 16 6 18 7 12 8 16 9 18 10 22 11 13 14 14 15 14 16 22 19 17
6 0 20 4 20 6 13 9 14 12 18 16 16
11 0 22 4 20 5 21 6 20 7 22 8 19 12 14 13 18 15 24 16 21 17 20
14 0 24 1 13 2 12 3 13 6 17 8 18 9 21 12 18 13 17 14 13 15 20 16 21 17 18 19 19
12 1 17 3 15 4 14 6 19 7 18 10 19 12 19 13 21 14 14 15 14 16 12 19 18
16 0 13 2 13 3 18 4 24 5 17 7 22 8 22 9 19 10 15 11 23 12 22 13 23 15 21 16 16 17 20 19 23
14 0 14 1 16 3 19 5 20 8 24 10 20 11 22 12 13 14 12 15 12 16 22 17 21 18 13 19 12
10 0 18 1 19 2 17 4 20 6 21 7 24 10 19 11 21 18 18 19 19
13 0 12 1 20 2 14 3 21 4 23 8 12 10 18 12 18 13 12 14 21 15 14 16 17 19 20
18 1 13 2 19 3 17 4 23 5 22 6 21 7 13 8 13 9 12 11 16 12 13 13 13 14 23 15 23 16 22 17 22 18 16 19 23
6 1 20 3 15 4 16 10 21 12 12 19 12
1 6 12
17 0 19 1 18 2 20 3 24 4 17 5 17 6 22 7 18 8 14 9 14 10 17 11 19 12 23 15 19 16 23 17 19 18 23
3 10 22 15 20 18 14
3 6 23 10 15 13 17
18 0 19 1 18 2 21 3 19 4 22 5 18 6 23 7 19 9 23 10 22 11 20 12 12 13 16 14 21 15 22 17 23 18 21 19 16
7 3 16 6 13 8 20 9 24 12 12 15 18 19 24
15 0 16 1 23 2 16 3 12 5 24 6 12 7 21 8 24 10 21 11 12 12 17 15 15 16 19 17 12 19 18
9 2 13 4 15 6 22 7 20 11 17 14 14 15 13 16 20 18 21
5
5 6 0.0019
1 6 0.0023
7 15 0.0022
2 12 0.0015
11 13 0.0019
15
6 3 0.0019 0.13454747668680211
16 11 0.0017000000000000001 0.1230470318559639
2 12 0.0019 0.11077681484066111
4 9 0.0017000000000000001 0.1169702768224273
9 5 0.0024000000000000002 0.14703266167058424
16 11 0.0018000000000000002 0.14757099527040574
4 19 0.0023 0.14235524597625585
7 0 0.0013000000000000002 0.11019668666099162
7 12 0.0014 0.1364833748036188
7 18 0.0024000000000000002 0.137092988691889
19 11 0.0023 0.12201105981163211
5 17 0.0021000000000000003 0.12251020439927818
13 10 0.0012000000000000001 0.13824997788075752
19 15 0.0012000000000000001 0.10523635250336764
11 10 0.0024000000000000002 0.10160198394722073
