20
5 2 23 7 15 8 23 12 20 16 23
14 0 24 2 24 3 22 4 23 5 18 6 22 10 24 11 18 12 19 13 22 14 21 17 21 18 18 19 16
7 0 19 5 18 7 17 9 18 12 15 14 12 15 17
2 1 13 16 17
7 0 13 5 13 9 19 10 24 16 24 17 16 18 13
7 2 15 3 17 7 24 14 20 17 19 18 21 19 17
12 0 18 3 24 5 17 7 18 10 20 11 15 12 17 14 18 15 13 16 17 18 22 19 18
2 2 24 4 14
17 0 14 1 17 2 15 4 12 6 21 7 15 9 16 10 21 11 22 12 20 13 18 14 15 15 23 16 13 17 21 18 15 19 12
9 0 14 1 21 4 19 5 17 7 13 15 15 16 21 18 18 19 17
3 7 16 9 20 17 21
4 0 19 4 20 8 15 19 24
2 0 18 4 17
11 1 20 2 21 5 19 8 14 11 13 12 16 14 19 15 18 16 23 18 22 19 15
13 0 18 2 18 3 14 5 24 6 19 8 12 9 24 10 16 11 17 12 21 16 13 17 23 18 13
10 2 14 4 22 5 14 7 12 8 14 9 23 10 15 12 23 13 23 18 12
15 0 16 2 17 3 23 5 15 6 13 7 12 8 13 9 18 10 24 11 13 12 21 14 23 17 13 18 24 19 14
9 0 13 3 12 6 23 7 18 9 21 11 21 12 20 13 13 14 14
5 0 14 2 16 7 24 13 19 15 18
3 3 20 7 23 10 17
5
19 8 0.002
17 9 0.0016
9 0 0.0019
10 14 0.002
16 13 0.0019
15
4 5 0.0018000000000000002 0.10389675526492981
16 3 0.0021000000000000003 0.1184363659854313
11 12 0.0013000000000000002 0.10541510384425314
8 9 0.002 0.14490535365613655
17 1 0.0012000000000000001 0.13839563845833983
17 19 0.0016 0.11090987418953019
14 17 0.0019 0.13068063010575687
4 17 0.002 0.10833289967273466
11 14 0.0014 0.1361910024829659
17 5 0.0014 0.12617879485894964
10 5 0.0018000000000000002 0.1461266401023396
11 7 0.0024000000000000002 0.13774969111320357
18 13 0.0022 0.11383657478700991
16 2 0.0024000000000000002 0.11149751569731663
10 5 0.0022 0.11344668639788726
