20
18 1 20 2 22 3 12 4 17 5 16 6 17 7 18 8 19 9 16 10 14 11 21 12 13 13 14 14 20 15 14 16 16 18 14 19 14
17 0 13 2 14 3 14 5 13 6 12 7 13 9 14 10 14 11 18 12 21 13 21 14 19 15 14 16 18 17 12 18 16 19 24
3 0 12 4 16 11 18
13 6 16 7 13 8 23 9 15 10 24 11 15 12 22 13 21 14 17 15 17 17 18 18 12 19 21
4 0 20 2 19 13 18 16 19
5 4 19 8 20 10 21 16 12 17 24
4 0 22 2 18 3 18 12 18
14 0 17 2 16 3 18 4 12 5 19 6 21 8 23 9 13 10 16 12 14 13 16 16 15 17 24 19 19
3 0 13 13 21 14 15
2 7 22 17 19
17 1 22 2 17 3 13 4 12 6 24 7 18 8 17 9 17 11 24 12 24 13 13 14 13 15 24 16 21 17 15 18 22 19 21
1 14 14
3 8 18 9 18 19 12
13 0 14 5 12 6 14 7 19 8 17 9 12 11 18 12 19 14 12 15 20 16 19 18 24 19 21
5 1 20 2 12 4 22 11 19 16 17
8 0 24 3 12 8 14 12 16 14 22 16 13 17 15 19 20
9 3 15 4 21 5 17 6 22 7 23 9 16 13 14 15 14 17 18
11 0 14 3 21 5 24 6 23 7 16 8 23 11 21 12 13 13 19 15 13 18 14
7 1 23 11 20 12 14 13 15 14 16 16 23 19 14
15 0 24 1 18 2 17 3 24 4 17 8 16 9 14 10 15 11 19 13 23 14 13 15 21 16 19 17 19 18 18
5
12 2 0.0013000000000000002
12 16 0.0016
18 2 0.0012000000000000001
10 9 0.0023
13 5 0.0015
15
19 0 0.0022 0.14853363015602006
4 5 0.0017000000000000001 0.1352855814388749
11 15 0.0018000000000000002 0.14127691666761544
3 14 0.0016 0.11635901570675442
4 19 0.0016 0.14355670720009198
2 8 0.0023 0.12546731429927713
0 5 0.0024000000000000002 0.13709869568164326
6 10 0.0022 0.12226383158562434
4 12 0.0021000000000000003 0.11081445992480751
10 15 0.0014 0.11071056313302818
6 13 0.0016 0.13540615502360964
1 4 0.0018000000000000002 0.1331954081390983
17 8 0.0014 0.11836372538883744
2 0 0.0012000000000000001 0.12386451511347348
9 13 0.0024000000000000002 0.10108042025923154
