20
5 6 13 7 20 16 16 17 13 18 15
18 0 16 2 16 3 12 4 17 5 17 6 21 7 21 9 24 10 15 11 18 12 13 13 17 14 19 15 15 16 14 17 19 18 22 19 13
11 0 12 5 24 6 17 9 18 10 22 12 23 14 17 15 16 16 23 17 14 18 20
16 0 16 1 14 4 21 6 14 7 15 9 17 10 23 11 12 12 16 13 20 14 13 15 16 16 14 17 23 18 14 19 22
11 3 17 5 20 7 24 8 16 9 17 12 17 13 16 14 20 15 14 16 12 18 14
4 2 19 12 15 17 24 19 24
17 0 18 1 21 2 16 3 18 4 22 5 12 7 15 8 22 9 15 10 20 11 13 12 14 14 21 15 20 16 23 17 14 19 18
14 1 21 2 20 3 19 4 13 6 18 10 12 11 19 12 20 13 19 14 12 15 17 16 13 18 16 19 14
14 0 23 1 21 2 23 3 24 4 12 6 21 7 18 10 21 11 20 14 14 15 24 16 23 17 18 19 13
15 0 19 1 15 2 16 4 12 6 18 7 19 8 13 10 15 11 22 12 24 13 22 14 18 15 17 16 14 18 21
6 2 21 4 22 6 21 8 16 14 13 17 18
3 1 22 2 14 5 22
1 8 14
16 0 21 1 21 2 21 3 18 4 17 5 14 6 15 7 14 9 23 10 14 12 23 14 22 15 12 16 17 18 22 19 15
18 0 16 1 18 2 14 3 19 4 17 5 23 6 23 7 20 8 24 10 15 11 23 12 21 13 14 15 22 16 16 17 15 18 16 19 15
11 0 22 1 20 2 23 3 15 5 21 7 16 10 12 11 12 14 19 16 17 19 21
4 2 19 12 14 13 14 15 20
14 0 15 1 15 2 20 3 20 5 15 7 14 8 18 9 19 10 20 11 12 12 22 14 20 15 14 16 16
8 1 24 4 22 6 12 8 16 11 12 15 23 17 17 19 12
15 0 17 3 18 4 19 5 15 6 22 7 24 8 17 9 17 10 20 11 22 12 21 13 24 14 12 16 14 18 19
5
4 14 0.0017000000000000001
17 16 0.0013000000000000002
2 0 0.0023
3 7 0.0022
15 9 0.0013000000000000002
15
11 18 0.0014 0.11692979316079792
13 18 0.0012000000000000001 0.1493249425458591
19 15 0.0017000000000000001 0.10635041143487327
5 14 0.0017000000000000001 0.14632835913744466
16 13 0.0013000000000000002 0.10000682394354904
16 6 0.0012000000000000001 0.13397248833234884
13 15 0.0021000000000000003 0.1437584907888968
7 5 0.0022 0.14728816824080943
9 10 0.0023 0.11597172903844616
15 19 0.0023 0.11841111046234686
1 4 0.0024000000000000002 0.13671255522763864
6 16 0.0015 0.12462795961342421
0 19 0.0013000000000000002 0.1263974136440207
10 6 0.0019 0.12397670440988699
16 10 0.0015 0.14495806399920338
