20
5 4 17 8 14 9 12 15 19 19 17
17 0 12 2 20 3 23 4 21 5 19 6 16 8 14 9 12 10 19 12 21 13 20 14 22 15 23 16 19 17 17 18 23 19 17
7 1 12 5 22 6 24 9 24 13 19 15 20 18 15
5 6 21 7 17 10 21 13 17 14 15
17 0 22 1 15 2 19 3 17 5 18 6 16 7 12 8 14 9 24 10 22 11 17 13 12 15 17 16 17 17 21 18 17 19 19
13 0 18 1 19 4 17 7 13 9 16 11 24 12 24 13 21 14 16 15 21 16 15 18 13 19 18
17 0 12 1 16 2 14 3 23 5 18 7 17 8 14 9 16 10 21 12 19 13 22 14 17 15 22 16 19 17 20 18 21 19 24
4 10 14 13 13 15 22 18 16
10 4 14 5 16 6 16 7 18 10 18 11 23 12 23 13 22 18 23 19 16
15 0 24 2 17 3 21 4 12 5 21 6 20 8 21 10 18 11 12 12 12 14 20 15 15 17 23 18 23 19 24
16 0 14 2 17 3 22 4 13 5 18 6 13 7 19 9 22 11 13 12 23 14 14 15 17 16 22 17 24 18 24 19 23
12 0 20 1 22 2 21 7 24 8 17 10 20 12 18 13 22 14 12 17 13 18 24 19 12
14 0 18 3 16 4 16 5 15 7 23 8 16 9 21 10 20 11 22 13 16 14 17 15 23 18 22 19 22
18 0 18 1 18 2 13 3 15 4 22 5 23 6 24 7 20 8 23 10 12 11 12 12 18 14 21 15 23 16 23 17 24 18 12 19 13
1 12 22
17 0 17 1 19 2 23 4 15 5 23 6 14 7 19 8 21 9 23 11 12 12 13 13 12 14 21 16 24 17 16 18 13 19 12
4 10 16 13 14 14 12 17 24
18 0 21 1 14 2 24 3 15 4 12 6 16 7 14 8 19 9 16 10 17 11 14 12 21 13 13 14 24 15 23 16 22 18 16 19 22
6 2 22 7 12 9 15 10 17 13 13 19 22
2 10 24 15 22
5
17 6 0.002
19 11 0.0023
17 16 0.0012000000000000001
4 9 0.0014
4 13 0.002
15
19 17 0.0024000000000000002 0.12105294028374812
17 0 0.0012000000000000001 0.13125074412637253
18 17 0.0022 0.11359565686005553
5 19 0.0015 0.10199249858205159
19 12 0.0016 0.13252626983964755
8 5 0.002 0.14915554915910403
4 6 0.0017000000000000001 0.13156530808320438
14 9 0.0018000000000000002 0.14439485360990592
11 15 0.0016 0.11382271996968045
4 13 0.0019 0.11683128869954021
11 15 0.0013000000000000002 0.14106998749199787
0 9 0.0019 0.12451060644633583
11 3 0.0015 0.12946976337161334
10 12 0.0016 0.13248438870895118
15 2 0.0018000000000000002 0.11895842055908168
