6
8 12 
11 13 
10 4 8 19 
0 12 
5 1 
7 13 4 2 
18
14 11 17 15 16 18 0 3 1 7 19 5 6 
1 7 19 5 6 
5 2 4 12 13 8 9 
15 16 18 0 3 1 7 19 5 2 4 12 13 8 9 10 14 11 
14 11 17 15 16 18 0 3 1 7 19 5 2 
12 13 8 9 10 14 11 17 15 16 18 0 
17 15 16 18 0 3 1 7 19 5 2 4 12 
8 9 10 14 
11 17 15 16 18 0 3 
19 5 2 4 
6 10 14 11 17 15 16 18 0 3 1 
11 17 15 16 18 0 3 1 7 19 5 
10 13 5 
0 3 1 7 19 5 2 4 12 13 8 9 10 14 11 17 15 16 18 
13 8 9 10 14 11 17 15 16 18 0 3 1 7 19 
9 10 14 11 17 15 16 18 0 3 1 7 19 5 2 4 12 13 
14 11 17 
7 19 5 2 4 12 
