5
8 0 3 1 4 
6 4 0 
14 3 
2 1 
3 8 
20
3 1 2 4 5 8 17 6 
7 11 9 12 18 15 10 13 14 16 0 3 1 2 
14 16 0 3 1 2 4 
5 8 17 6 
17 9 12 11 10 13 14 
11 9 12 18 15 10 13 14 16 0 3 
18 15 10 13 14 16 0 3 1 2 4 5 8 17 6 
5 8 17 6 7 11 9 12 18 
1 2 4 5 8 17 6 7 11 9 12 
15 19 8 17 9 12 11 
19 8 17 9 12 11 10 13 
12 18 15 10 13 14 16 0 
11 10 13 14 15 19 8 
18 15 10 13 14 16 0 
15 10 13 14 16 
16 0 3 1 2 4 5 8 
6 7 11 9 12 18 15 10 13 
0 3 1 2 4 5 8 17 6 7 11 9 12 18 15 10 13 14 16 
13 14 16 0 3 1 2 4 5 8 17 6 
15 10 13 
