15
2 10 18 14 12
4 2 22 3 17 9 24 12 12
10 0 21 3 23 5 18 6 13 7 17 8 14 9 18 10 13 12 21 14 21
3 2 14 11 24 13 21
12 0 21 1 17 2 17 5 14 6 13 7 19 9 14 10 22 11 22 12 12 13 14 14 24
2 0 19 2 17
11 0 13 1 19 3 18 5 17 7 18 8 13 9 18 10 13 11 16 12 20 14 18
10 0 16 2 20 3 21 4 23 6 14 8 19 11 16 12 19 13 15 14 18
12 0 14 1 12 3 17 4 23 5 23 6 19 7 24 9 14 11 13 12 18 13 14 14 14
9 0 19 1 23 4 21 5 15 8 23 10 13 11 22 13 24 14 14
1 3 14
11 0 13 1 15 3 14 5 13 6 12 8 14 9 18 10 12 12 19 13 23 14 23
6 1 19 2 17 3 12 9 21 11 20 14 12
8 0 18 1 24 4 23 6 21 8 15 11 23 12 19 14 15
6 2 19 6 22 10 19 11 19 12 14 13 20
3
8 2 0.002
11 10 0.0019
2 10 0.0016
9
1 8 0.0014 0.1415325039185703
13 11 0.0017000000000000001 0.12510050209928575
7 11 0.0021000000000000003 0.12387146268492435
13 1 0.0017000000000000001 0.13530400034320053
13 12 0.0018000000000000002 0.12106360532796846
10 13 0.0017000000000000001 0.14510054495831382
0 2 0.0014 0.12421273898669621
14 8 0.0019 0.139601517445006
2 5 0.0016 0.1136961875576105
