15
8 1 17 3 17 4 16 5 17 6 16 7 13 8 16 12 15
1 5 19
11 0 12 1 21 3 20 5 12 6 19 7 24 8 21 9 15 10 17 11 24 13 19
1 7 13
1 7 14
7 0 21 2 16 7 23 8 21 11 16 12 21 14 13
7 1 23 2 12 3 18 4 21 5 15 7 15 11 18
10 0 16 1 16 2 12 3 17 4 16 5 21 8 23 9 20 11 12 12 20
13 0 18 1 23 2 12 3 17 4 13 5 17 6 22 7 13 9 16 11 16 12 22 13 19 14 19
12 0 13 1 14 3 18 4 21 5 20 6 19 7 22 8 12 10 19 11 16 12 16 13 21
13 0 16 1 14 2 14 3 20 4 24 5 13 6 14 7 15 9 22 11 24 12 18 13 24 14 22
8 1 22 4 23 5 23 6 19 8 15 9 18 10 13 13 20
8 0 22 3 20 4 14 6 16 9 16 10 13 13 20 14 22
3 1 12 4 24 8 15
13 0 23 1 23 2 14 3 21 4 18 5 24 6 19 7 19 8 13 9 17 10 13 11 20 13 12
3
1 2 0.0024000000000000002
13 4 0.0015
1 6 0.0015
9
1 8 0.0015 0.1127695919674436
1 13 0.0015 0.11121375963896361
9 14 0.0022 0.11658886592810831
0 9 0.0013000000000000002 0.1279868029782423
10 6 0.0022 0.1182836938911303
10 5 0.0013000000000000002 0.14640435078672837
0 8 0.0012000000000000001 0.11524415938327595
14 10 0.0022 0.12419715473790041
6 3 0.002 0.14460696847865706
