15
6 4 23 5 17 6 14 10 12 13 15 14 19
6 2 19 3 13 4 17 10 21 12 21 14 21
13 0 17 1 12 3 16 4 20 5 21 6 16 7 20 8 21 9 17 10 17 11 17 12 14 13 22
4 4 20 5 15 9 16 10 23
12 0 14 1 22 2 20 3 16 5 15 7 20 8 19 9 18 10 24 11 13 13 12 14 16
11 1 18 3 14 4 21 6 14 8 17 9 14 10 13 11 23 12 15 13 20 14 15
6 3 22 4 18 9 17 10 22 13 22 14 13
4 5 16 9 16 11 15 13 19
5 0 15 3 21 9 16 12 16 13 23
13 0 17 1 12 2 16 3 21 4 18 5 21 6 13 8 20 10 13 11 24 12 14 13 13 14 21
5 3 20 5 22 7 24 8 13 9 21
2 7 18 13 13
2 0 19 10 20
13 1 22 2 14 3 12 4 12 5 13 6 16 7 22 8 16 9 18 10 15 11 12 12 13 14 13
6 4 19 6 24 7 24 8 14 10 13 12 23
3
7 3 0.002
10 6 0.0017000000000000001
6 3 0.0017000000000000001
9
9 10 0.0015 0.1213529633740939
1 13 0.0016 0.1486616407038987
2 6 0.0022 0.14097005250646416
0 4 0.0021000000000000003 0.12287358867572223
10 12 0.0024000000000000002 0.14803280440244082
8 3 0.0013000000000000002 0.1465394882922191
1 3 0.0024000000000000002 0.11800901295984004
13 10 0.0022 0.13248898501862016
9 4 0.0016 0.13899466257918497
