15
9 1 23 4 21 5 21 6 23 7 23 8 24 11 21 12 16 13 16
7 0 24 3 23 6 21 7 24 8 23 11 17 12 21
10 3 23 4 15 5 21 7 22 9 15 10 21 11 20 12 17 13 16 14 17
9 0 14 1 15 5 20 6 21 7 16 9 21 10 20 13 22 14 20
11 0 24 1 22 2 19 3 24 6 14 7 16 8 16 10 20 11 22 12 18 14 21
12 0 15 1 19 2 19 4 20 6 24 7 21 8 22 9 24 11 16 12 20 13 20 14 18
7 0 13 1 17 2 12 4 23 9 21 11 16 13 13
3 5 17 6 21 14 13
6 1 20 4 17 6 18 10 23 12 18 14 16
9 0 20 1 16 2 13 5 15 7 14 8 14 10 23 12 17 13 16
2 0 24 4 12
12 1 13 2 22 3 21 4 12 5 19 6 24 7 17 8 24 9 14 10 12 12 13 13 24
4 1 15 2 23 13 12 14 22
2 4 20 5 24
7 0 20 3 23 4 13 9 18 10 23 11 13 13 12
3
14 5 0.0016
2 5 0.0016
14 6 0.0013000000000000002
9
2 9 0.0015 0.11404963860264065
10 3 0.0023 0.12724701322021234
10 12 0.0019 0.14660342980058838
3 11 0.0021000000000000003 0.1378737533380804
5 8 0.0014 0.12251878158151733
5 10 0.0024000000000000002 0.13595805197192565
9 3 0.0013000000000000002 0.12153664565090637
11 7 0.0018000000000000002 0.13803527894837722
7 1 0.0022 0.11244016819043169
