15
1 8 14
10 0 24 2 23 5 21 7 12 8 15 10 13 11 22 12 18 13 21 14 19
9 0 16 3 20 4 21 5 14 7 13 8 12 9 13 13 22 14 17
8 0 22 1 21 7 23 8 20 11 20 12 13 13 20 14 18
6 6 23 7 12 8 18 9 15 11 21 13 15
10 1 21 2 18 3 23 4 16 6 24 7 21 8 14 9 17 10 13 14 12
2 12 12 13 14
10 0 19 1 12 2 17 4 14 5 22 6 22 9 12 11 24 13 13 14 15
1 2 18
11 0 18 1 19 2 18 3 18 4 12 5 16 6 12 8 18 12 19 13 22 14 15
6 0 20 1 24 5 13 9 18 11 24 14 23
10 0 17 1 13 2 21 4 14 5 14 7 16 10 13 12 13 13 22 14 17
13 0 21 1 21 2 13 3 18 4 21 5 22 6 20 8 23 9 12 10 19 11 23 13 24 14 21
8 0 22 2 20 3 19 5 16 7 21 8 19 11 19 12 24
11 1 15 2 14 3 18 4 19 5 13 6 14 7 13 8 24 9 14 11 24 12 22
3
1 8 0.0019
1 10 0.0021000000000000003
10 3 0.002
9
5 8 0.0014 0.1090941261987806
14 12 0.0015 0.11529996144236655
0 1 0.0021000000000000003 0.10937144459041845
8 12 0.0017000000000000001 0.12679428576631888
9 14 0.0014 0.12318041686896196
7 11 0.0013000000000000002 0.13323294867401822
7 11 0.0023 0.136756769271695
5 8 0.0016 0.11915825921187999
4 1 0.0024000000000000002 0.11233720735639867
