15
3 11 23 13 16 14 23
7 0 19 4 18 5 15 6 24 8 22 11 14 14 24
9 3 23 4 23 5 13 7 23 8 20 10 19 11 24 12 19 14 21
12 1 15 2 23 4 20 5 23 6 22 8 22 9 21 10 21 11 20 12 18 13 15 14 20
13 0 22 1 24 2 18 3 21 5 18 6 22 7 12 8 12 9 16 10 16 11 24 12 17 14 15
3 6 15 10 12 11 23
12 0 19 1 17 2 16 3 14 4 12 5 21 7 16 9 13 10 13 12 18 13 19 14 16
13 0 24 2 23 3 24 4 18 5 17 6 19 8 18 9 16 10 21 11 18 12 18 13 15 14 20
10 0 24 1 19 2 17 3 21 4 14 7 12 11 16 12 24 13 19 14 20
8 2 20 4 13 6 14 8 14 10 21 11 14 12 13 14 20
2 9 19 11 21
13 0 15 1 13 2 15 3 12 4 24 5 14 6 13 8 22 9 21 10 19 12 15 13 23 14 13
6 2 24 4 20 7 20 9 19 13 23 14 14
7 0 14 2 19 4 24 5 18 6 23 7 12 14 15
4 3 18 5 19 8 20 13 15
3
8 11 0.0019
4 3 0.0012000000000000001
12 3 0.0019
9
12 11 0.0019 0.12454944711867184
14 5 0.0013000000000000002 0.1220901300558147
11 0 0.0023 0.11127358959597519
5 1 0.0012000000000000001 0.11007320930846165
3 0 0.0022 0.10253357764140905
9 1 0.0013000000000000002 0.10043188410936495
12 7 0.0019 0.10560559991544152
9 14 0.0015 0.10092334453856124
14 12 0.0017000000000000001 0.11523080197218748
