15
7 1 20 3 15 5 18 7 18 10 13 13 15 14 14
4 4 15 5 23 7 20 8 12
3 1 17 6 23 12 17
8 0 19 5 23 6 17 8 15 9 16 10 17 11 23 12 13
11 1 22 3 22 5 24 6 15 8 19 9 20 10 12 11 23 12 16 13 16 14 17
5 0 17 2 17 6 20 11 20 14 20
13 0 20 1 23 2 19 3 23 4 20 5 22 8 17 9 19 10 18 11 15 12 15 13 18 14 24
5 3 14 6 15 9 17 10 20 12 17
7 1 15 3 12 5 19 6 19 11 16 13 12 14 20
6 4 13 6 22 8 12 10 15 11 15 13 24
13 0 17 1 16 3 24 4 19 5 24 6 13 7 22 8 22 9 19 11 22 12 16 13 18 14 19
7 1 15 2 17 3 22 5 16 10 21 12 13 13 13
2 2 20 3 18
8 1 13 2 24 5 23 7 20 8 19 9 23 10 23 14 17
6 1 17 8 16 9 13 11 24 12 21 13 17
3
10 2 0.0012000000000000001
13 7 0.0012000000000000001
5 8 0.002
9
10 13 0.0016 0.14451625128782
0 4 0.0016 0.13740757090945105
3 8 0.0017000000000000001 0.13731678841102937
9 10 0.0012000000000000001 0.11765317414210372
0 7 0.0022 0.13563851281100678
4 10 0.0016 0.11011008795875726
3 6 0.002 0.1064283058293551
5 8 0.0016 0.12918364799286064
14 7 0.0018000000000000002 0.11212262409264727
