15
12 1 24 2 15 3 14 5 18 6 22 7 24 8 18 9 23 10 16 11 15 12 14 13 16
8 2 17 6 19 7 12 8 22 9 13 10 20 11 24 14 17
10 0 23 1 21 3 20 4 14 5 12 8 22 9 18 10 14 13 19 14 21
8 1 20 2 21 5 17 6 24 8 19 9 18 11 14 12 12
6 0 23 3 16 5 20 8 19 10 20 14 17
4 7 12 10 19 13 24 14 16
1 4 18
10 2 17 3 17 4 19 5 18 8 17 9 23 10 21 11 16 13 19 14 21
13 1 12 2 15 3 13 4 24 5 22 6 22 7 17 9 15 10 18 11 20 12 18 13 12 14 14
8 0 19 1 14 2 21 4 14 5 14 6 12 8 23 10 20
5 0 15 2 17 11 19 12 20 13 15
3 1 14 4 21 12 20
1 9 15
2 3 20 4 13
1 11 12
3
8 7 0.0022
1 10 0.0019
11 1 0.0016
9
5 7 0.0018000000000000002 0.11336201316523607
13 5 0.0024000000000000002 0.1315820237488908
11 9 0.0019 0.11045183815233288
0 10 0.0024000000000000002 0.14882463683755504
1 2 0.0019 0.1062915994300507
6 14 0.002 0.1445798518839086
3 7 0.0013000000000000002 0.13002622093723407
4 11 0.0021000000000000003 0.10511351888787578
2 7 0.0016 0.11879531633357163
