15
12 1 24 2 20 3 17 4 17 5 19 7 20 8 13 10 21 11 23 12 23 13 21 14 14
10 2 17 3 23 4 21 5 13 8 15 9 19 10 22 11 15 12 13 13 13
9 1 15 3 12 4 13 5 20 6 23 7 12 10 12 11 15 12 12
1 5 24
1 6 14
11 0 22 1 12 4 23 6 20 7 22 8 20 10 20 11 20 12 17 13 16 14 12
11 0 16 1 21 3 18 4 18 7 13 8 15 9 24 10 18 11 13 12 22 13 24
6 0 16 5 13 9 22 11 17 12 19 14 22
7 0 24 1 17 3 24 6 20 11 24 13 22 14 17
5 0 16 1 17 2 12 3 12 7 16
6 2 17 5 23 7 20 11 20 13 21 14 14
8 0 20 3 15 4 15 6 17 7 24 10 18 13 14 14 22
1 13 18
9 0 16 1 17 4 12 6 21 7 21 9 13 10 21 11 17 14 12
8 0 15 5 23 6 16 7 13 9 20 10 15 11 23 13 12
3
4 7 0.0017000000000000001
7 11 0.0012000000000000001
13 1 0.0021000000000000003
9
2 3 0.0013000000000000002 0.1482464358431005
4 1 0.0022 0.11232759307972552
1 3 0.0017000000000000001 0.12172085692441825
14 6 0.0012000000000000001 0.14320584019482058
9 13 0.0017000000000000001 0.10887211667341123
12 0 0.0012000000000000001 0.11314073837059789
1 10 0.002 0.12895619384828638
7 2 0.0012000000000000001 0.13663813653172233
8 5 0.0024000000000000002 0.11895426449864499
