15
2 4 14 13 21
13 0 15 2 13 3 18 4 22 5 19 6 13 7 16 8 24 9 17 10 24 11 21 12 12 14 21
5 0 12 3 19 5 17 8 19 9 20
7 0 19 1 16 4 23 5 18 10 20 11 18 13 24
8 1 22 2 23 6 20 8 22 9 19 10 22 12 21 13 23
1 10 15
3 0 14 2 23 3 23
6 0 16 1 21 2 22 3 13 8 14 9 13
3 4 16 7 13 14 13
9 1 23 4 13 6 14 7 21 8 18 10 19 11 17 12 23 14 18
9 0 17 2 16 3 18 4 13 5 14 8 22 11 18 13 20 14 15
2 10 15 14 23
13 0 13 1 19 2 14 3 17 4 14 5 24 6 21 7 12 8 21 10 19 11 20 13 12 14 21
4 0 15 3 16 4 16 11 12
5 5 15 7 23 10 12 11 14 12 15
3
14 6 0.0017000000000000001
14 6 0.0018000000000000002
13 2 0.0016
9
5 11 0.0016 0.10146817714399212
2 10 0.0019 0.1494516336323419
8 4 0.0019 0.13169075390784896
2 11 0.0021000000000000003 0.1076256569946549
10 5 0.0014 0.13499244438260335
11 14 0.0013000000000000002 0.11249217248729003
10 6 0.0019 0.11765615225173659
5 9 0.0016 0.1387510305932549
5 14 0.0019 0.11682980807815158
