15
5 1 19 3 19 5 19 6 20 13 21
6 3 14 5 24 6 13 10 14 11 24 13 15
12 0 21 1 17 3 13 4 21 5 19 7 19 8 24 10 20 11 17 12 22 13 14 14 13
11 0 22 2 14 5 20 6 18 8 20 9 19 10 19 11 24 12 14 13 13 14 19
7 0 15 3 14 9 12 10 16 12 15 13 15 14 14
9 0 17 1 12 4 17 7 22 9 12 10 17 11 21 12 13 14 17
8 1 18 3 19 4 19 5 19 10 21 11 19 12 18 14 19
9 1 14 2 16 3 19 4 19 5 17 6 23 8 13 10 20 11 17
8 1 16 2 21 4 21 5 14 7 18 10 23 12 12 14 17
9 1 23 3 13 4 14 5 14 7 12 8 13 10 21 11 13 14 16
1 1 21
6 0 12 1 20 2 24 7 19 12 22 14 22
13 0 23 1 16 2 12 3 16 4 23 5 12 6 12 7 19 8 16 9 13 10 15 11 12 13 21
9 0 16 2 18 3 12 4 20 7 14 9 15 10 24 12 24 14 23
6 2 15 4 19 5 24 6 16 7 14 8 21
3
4 10 0.0016
11 3 0.0018000000000000002
4 14 0.0022
9
4 5 0.0021000000000000003 0.12307462870113273
10 4 0.0015 0.1011608325573927
4 2 0.0013000000000000002 0.12781305470647916
6 10 0.0022 0.12839451299607849
14 3 0.0017000000000000001 0.12819292148814215
1 6 0.0012000000000000001 0.12022998626689758
2 9 0.0023 0.11494330417672155
5 2 0.0017000000000000001 0.10488501387090475
14 3 0.0023 0.1173921653068202
