15
7 1 16 2 12 5 18 6 21 8 23 9 16 11 19
9 0 18 2 24 6 15 7 14 8 18 9 17 11 22 12 22 13 13
9 4 17 6 22 7 23 8 14 9 13 10 13 11 13 12 21 13 13
6 0 23 1 14 7 14 8 13 9 14 12 12
9 0 18 1 16 3 12 5 20 6 23 10 23 11 22 13 13 14 19
8 0 18 1 16 4 24 6 24 7 19 8 22 12 21 14 22
13 0 15 1 15 2 12 3 22 4 13 5 12 7 13 8 24 9 21 10 23 12 21 13 18 14 13
4 1 24 5 12 11 19 14 23
4 1 16 3 24 11 18 12 20
9 0 20 1 14 4 24 6 23 10 14 11 15 12 14 13 12 14 21
1 3 12
1 13 24
5 0 23 2 16 5 22 6 13 11 12
4 0 19 10 12 12 14 14 23
3 3 20 10 15 12 20
3
2 4 0.0022
8 7 0.0012000000000000001
10 4 0.002
9
11 3 0.0012000000000000001 0.1055425849019996
6 8 0.002 0.13924901975570686
12 7 0.0012000000000000001 0.14138907157559866
1 13 0.0019 0.10785024990988433
6 14 0.0012000000000000001 0.11172036933758818
14 8 0.0017000000000000001 0.10807751961733728
0 8 0.0019 0.10638670101607169
3 11 0.0014 0.1386025210944073
1 10 0.0018000000000000002 0.1371739079458186
