15
4 3 13 6 20 9 17 14 21
4 5 13 6 17 7 20 12 12
8 0 13 3 16 4 18 5 17 6 16 9 20 13 15 14 19
3 2 17 10 12 14 17
2 0 18 7 22
4 2 19 10 16 11 14 12 19
10 0 14 1 21 2 22 3 17 5 12 7 22 8 16 10 23 12 18 13 23
10 0 23 1 21 3 17 4 14 5 24 6 14 8 15 11 16 13 13 14 16
11 0 16 2 23 3 18 5 22 6 13 7 23 9 22 10 22 11 12 13 19 14 15
13 0 18 1 24 2 17 3 20 4 19 5 13 6 12 7 22 8 21 11 23 12 23 13 23 14 14
2 8 15 11 23
1 14 20
8 0 23 1 21 5 12 6 17 8 14 10 20 13 24 14 20
1 4 21
6 0 15 5 16 7 22 9 20 10 14 11 24
3
9 13 0.002
4 13 0.0017000000000000001
10 9 0.002
9
13 8 0.0017000000000000001 0.10366529819415427
8 5 0.0017000000000000001 0.10283717865859378
1 7 0.0019 0.10710560654543988
1 2 0.0017000000000000001 0.13436214517571907
2 7 0.0024000000000000002 0.134941365242546
5 14 0.0019 0.11038863066380024
5 4 0.0022 0.14349628320695249
11 7 0.0015 0.14946204701438182
6 11 0.0014 0.12143962851043176
