20
4 9 7 1 0 5 11 12 15 17 10 
5 11 12 15 17 13 16 1 10 2 0 4 
4 5 11 12 15 17 13 16 1 10 2 
3 6 
18 19 4 9 7 1 10 2 0 5 11 14 16 17 15 8 12 
19 4 9 7 
4 9 7 1 0 5 11 12 15 17 10 
12 15 1 10 5 11 
5 11 12 15 1 10 2 0 6 
8 3 6 
18 19 4 9 7 1 10 12 15 17 13 16 6 8 3 5 11 14 2 0 
9 7 1 10 12 15 17 13 16 6 8 3 18 19 4 
7 1 10 12 15 17 13 16 6 8 3 18 11 14 2 0 5 
6 8 3 5 11 12 15 17 9 7 
6 8 3 5 11 14 16 17 15 1 10 12 
13 16 1 10 12 15 
8 3 6 1 10 12 15 17 9 7 
4 9 7 1 0 5 11 12 15 17 10 
11 12 15 1 10 5 2 
5 11 12 15 1 10 14 16 
20
3 5 12 
2 0 5 
18 11 
4 2 
0 4 
1 8 15 
5 16 
14 11 
0 11 
16 1 8 
14 13 
19 4 0 10 
8 1 18 
12 14 
4 0 10 
11 1 18 
14 12 
10 2 
18 9 13 
6 0 13 
