20
19 14 
10 8 0 19 17 
1 16 10 8 0 4 6 5 
11 3 8 12 
1 16 10 8 0 4 
18 0 19 2 
9 12 14 1 4 6 3 
11 3 8 0 4 6 
10 7 12 
8 0 1 
17 5 6 1 
1 16 10 8 0 
1 16 10 7 9 
16 10 7 12 
13 18 0 4 6 15 
6 15 18 0 10 
12 14 1 2 0 13 
10 8 0 4 
11 3 8 0 4 6 14 
10 8 0 4 6 15 11 
20
0 1 2 
10 8 15 0 1 2 4 6 3 7 
18 17 
3 7 5 9 12 14 11 19 16 18 
16 18 
14 11 10 8 
15 0 
11 10 8 15 0 1 2 4 6 3 7 5 9 12 
6 3 7 5 9 12 14 11 
19 16 18 17 10 15 0 
8 15 0 1 2 4 6 3 
15 0 1 2 4 6 3 
19 16 18 17 
4 6 3 7 
19 16 18 17 10 15 
14 11 10 8 15 0 1 2 4 6 
6 3 7 5 9 12 14 11 19 16 
15 0 1 2 4 6 3 7 5 9 
11 19 16 18 
5 9 12 14 11 10 8 15 0 1 2 
