10
4 3 12 5 13 7 17 8 14
7 2 14 4 16 5 20 6 23 7 20 8 13 9 24
7 0 20 3 13 4 15 5 12 7 19 8 13 9 15
5 1 20 4 20 5 21 7 12 9 20
2 7 20 8 19
5 2 12 4 17 6 15 7 16 8 22
1 9 12
8 0 21 1 12 2 15 3 21 5 13 6 22 8 12 9 13
2 0 20 6 22
5 0 16 3 21 4 13 6 19 7 13
8
3 0 0.0014
2 4 0.0013000000000000002
3 7 0.0024000000000000002
6 1 0.0019
9 7 0.0019
5 8 0.0013000000000000002
8 9 0.0022
9 3 0.0014
8
5 0 0.0015 0.10072234647608241
9 0 0.0016 0.1225853066221843
0 3 0.002 0.1169232345033663
9 8 0.0014 0.14183729818480492
4 7 0.0015 0.13414717240201313
6 5 0.0022 0.14288322010450427
3 6 0.0013000000000000002 0.12593520985639595
1 6 0.0012000000000000001 0.14428229301123702
