10
1 9 16
6 0 17 2 13 6 13 7 12 8 20 9 16
8 0 15 1 17 3 13 5 12 6 14 7 22 8 24 9 12
3 1 24 4 12 9 13
4 0 22 1 22 2 17 9 15
1 9 16
1 4 18
1 9 12
1 1 19
5 1 22 2 16 3 22 5 24 6 23
8
5 0 0.0016
3 0 0.0015
1 7 0.0014
5 2 0.0014
3 9 0.0023
9 2 0.0012000000000000001
6 1 0.0023
0 2 0.0013000000000000002
8
5 7 0.0018000000000000002 0.1205171897937382
2 4 0.0021000000000000003 0.14551342961272956
3 9 0.0013000000000000002 0.11754125061355242
6 9 0.002 0.13842730934872993
6 4 0.0015 0.139708923760508
5 4 0.0022 0.14760364858500055
1 6 0.0016 0.11854723325173717
9 8 0.0021000000000000003 0.10526821379666337
