10
3 1 13 2 18 5 21
2 2 14 6 12
4 3 20 4 18 7 14 9 16
4 1 13 2 22 5 12 9 16
7 0 18 1 14 2 12 3 15 5 21 6 21 8 17
8 0 22 1 23 2 24 4 18 6 17 7 12 8 16 9 17
7 0 15 2 15 3 23 4 12 5 14 8 20 9 23
8 0 12 1 22 2 23 3 14 4 19 5 23 6 14 9 23
4 0 24 1 13 6 13 7 24
2 3 15 5 16
8
7 0 0.0021000000000000003
0 3 0.0022
2 8 0.0018000000000000002
8 2 0.0015
8 4 0.0012000000000000001
2 0 0.0022
5 0 0.0023
8 6 0.0018000000000000002
8
2 6 0.0022 0.13238511970315328
8 0 0.0015 0.1456140679966204
5 8 0.0019 0.14305596237412826
7 8 0.0012000000000000001 0.13027731169824175
2 6 0.0017000000000000001 0.12016486384941746
7 2 0.0021000000000000003 0.11816486337025031
1 7 0.002 0.14966622806152308
9 8 0.0017000000000000001 0.14699702993920638
