10
3 2 15 3 13 4 12
1 7 14
2 5 24 8 14
5 1 12 2 13 4 12 5 12 7 19
5 1 24 3 17 5 14 6 21 8 18
1 7 23
6 1 12 2 22 4 19 7 14 8 20 9 24
4 1 17 2 22 5 13 6 23
2 0 23 2 17
2 2 22 4 20
8
5 4 0.0018000000000000002
7 0 0.0021000000000000003
0 2 0.0024000000000000002
2 4 0.0024000000000000002
9 7 0.002
6 0 0.002
3 7 0.0012000000000000001
4 0 0.0014
8
7 8 0.002 0.11717972598173113
9 3 0.0023 0.1321612850878749
6 7 0.002 0.12209817635503434
2 8 0.0024000000000000002 0.11283381034254782
7 9 0.0021000000000000003 0.10457045990297538
6 8 0.0021000000000000003 0.14100287413992538
3 0 0.0021000000000000003 0.12388502139212305
9 2 0.0021000000000000003 0.11422899863924255
