10
1 2 20
8 0 21 2 24 3 17 5 24 6 23 7 22 8 21 9 14
7 1 12 3 17 4 16 6 21 7 20 8 24 9 22
4 1 16 2 13 4 13 7 22
5 0 14 5 20 6 16 7 18 8 16
2 4 24 7 13
1 4 21
8 0 15 1 19 3 23 4 20 5 13 6 20 8 15 9 17
5 2 22 3 21 5 16 6 21 9 18
6 1 19 2 13 3 20 5 24 6 19 7 18
8
1 6 0.0013000000000000002
5 2 0.0017000000000000001
2 3 0.0016
6 0 0.0021000000000000003
6 1 0.0014
4 2 0.0024000000000000002
0 1 0.002
7 9 0.002
8
2 5 0.0015 0.13837489782255952
4 0 0.0023 0.10154850660612462
9 5 0.0024000000000000002 0.11673689147302975
6 1 0.0019 0.1035828216476374
0 6 0.0015 0.13802003212306918
0 3 0.0016 0.14028306454189782
6 1 0.002 0.11773329382702705
7 8 0.0016 0.13669290348030638
