10
4 2 15 3 15 4 20 9 21
1 2 22
4 1 14 3 17 4 12 5 13
2 8 18 9 21
8 0 20 1 18 2 20 3 21 5 18 6 23 7 15 8 18
8 0 15 1 16 2 20 3 19 4 12 6 24 7 13 8 16
3 5 16 8 14 9 23
7 0 19 1 14 2 15 4 24 6 12 8 14 9 24
5 0 17 3 12 4 12 5 19 6 24
8 0 15 1 19 2 13 3 12 4 13 5 22 7 17 8 20
8
5 7 0.0024000000000000002
0 5 0.0021000000000000003
0 2 0.0016
1 4 0.0019
0 6 0.0015
8 1 0.0014
6 5 0.0014
0 7 0.0012000000000000001
8
2 7 0.0018000000000000002 0.1116615549326305
0 3 0.0018000000000000002 0.11074624202761803
5 3 0.0024000000000000002 0.1420962770655432
3 5 0.0013000000000000002 0.11111683339482012
0 5 0.0021000000000000003 0.10422259098195501
4 5 0.0021000000000000003 0.1079006230893734
3 8 0.0022 0.12932458551151985
1 6 0.0016 0.1257572606736805
