10
2 3 12 9 20
3 3 13 8 20 9 18
2 3 12 6 16
5 2 21 4 21 5 22 6 23 7 23
1 3 14
8 1 20 2 13 3 18 4 15 6 19 7 21 8 14 9 23
7 0 12 1 20 3 23 4 23 5 22 7 21 8 18
4 0 20 2 21 3 18 8 21
4 4 14 5 13 6 18 9 12
8 0 15 1 21 3 23 4 20 5 14 6 15 7 17 8 23
8
0 5 0.0013000000000000002
8 3 0.0017000000000000001
4 9 0.0019
2 7 0.0014
6 7 0.0015
4 8 0.0018000000000000002
9 3 0.0024000000000000002
7 2 0.0016
8
8 0 0.0024000000000000002 0.12793579556523169
8 6 0.0012000000000000001 0.14157488795350567
6 7 0.0023 0.13934229250337224
2 5 0.0023 0.12337057263859295
5 7 0.0012000000000000001 0.10246175849102046
7 3 0.0023 0.10093042454692026
8 1 0.0023 0.10209095140632449
6 2 0.0022 0.14930989582005033
