10
1 8 14
4 3 18 4 14 5 23 8 22
6 1 15 3 20 4 19 5 12 8 12 9 13
6 1 24 5 24 6 20 7 23 8 14 9 21
2 5 15 6 20
2 4 15 6 17
3 0 24 3 16 9 16
6 0 18 2 23 4 12 5 20 6 13 8 16
6 3 24 4 23 5 14 6 12 7 23 9 22
5 0 24 2 21 4 22 5 13 8 22
8
1 8 0.0015
1 9 0.0019
9 3 0.002
3 9 0.0019
0 8 0.0018000000000000002
6 0 0.0013000000000000002
2 3 0.0016
7 0 0.0016
8
8 2 0.0019 0.12070206681211804
5 0 0.002 0.12065544474704096
0 1 0.0018000000000000002 0.10476952133815881
4 7 0.0012000000000000001 0.12661320264904233
7 1 0.0017000000000000001 0.1357665245723244
4 8 0.0024000000000000002 0.12309343232010889
1 2 0.0012000000000000001 0.13887204136506537
7 5 0.0019 0.14141791628264402
