10
2 1 18 2 13
6 0 13 2 24 3 12 4 12 5 17 6 22
8 0 24 1 18 3 23 4 12 5 20 6 12 8 17 9 17
8 0 17 1 20 2 16 4 19 5 18 7 20 8 15 9 24
6 0 22 1 23 3 20 5 13 7 15 8 24
8 0 20 2 13 3 17 4 17 6 17 7 13 8 12 9 12
2 7 15 9 24
6 0 12 1 12 2 13 4 12 5 17 6 16
3 5 24 7 21 9 17
3 0 17 5 12 8 22
8
6 3 0.0015
2 6 0.0024000000000000002
7 2 0.0014
3 8 0.0017000000000000001
4 6 0.0012000000000000001
8 9 0.0023
8 3 0.0013000000000000002
7 8 0.0022
8
7 3 0.002 0.10520453602908714
6 0 0.0013000000000000002 0.10136966582346411
0 6 0.0017000000000000001 0.14245418469103335
6 1 0.0018000000000000002 0.11208067821694202
8 6 0.0014 0.14695436597781383
3 6 0.0021000000000000003 0.10253284366618634
0 4 0.0015 0.1360071904129802
8 1 0.0013000000000000002 0.12966871850069905
