10
3 2 16 3 19 7 22
5 0 24 2 22 4 18 7 12 9 14
3 3 23 5 23 7 12
3 1 23 4 20 9 24
8 0 18 2 14 3 13 5 22 6 12 7 14 8 18 9 20
7 2 20 3 12 4 22 6 16 7 12 8 21 9 23
5 0 20 1 20 4 14 8 12 9 15
5 3 14 4 24 5 12 8 24 9 12
7 1 22 2 15 3 21 4 24 5 23 7 17 9 23
1 4 23
8
5 6 0.0018000000000000002
7 2 0.0023
6 5 0.0018000000000000002
2 6 0.0015
8 5 0.0014
7 9 0.0013000000000000002
9 8 0.0023
7 0 0.0019
8
0 5 0.0022 0.12259135726030328
9 5 0.0015 0.11457146226763042
2 8 0.0017000000000000001 0.10074607549656732
1 5 0.0023 0.146810764305213
1 4 0.0018000000000000002 0.11460759341708489
1 2 0.0017000000000000001 0.14430683415551157
0 2 0.0019 0.147838687411499
8 3 0.0024000000000000002 0.13516195632251277
