10
2 4 20 5 19
5 2 15 4 15 5 13 6 22 9 22
8 0 18 1 18 3 13 4 19 5 15 6 14 7 19 9 14
8 0 21 1 23 2 12 4 24 5 16 6 15 7 22 9 14
6 1 24 2 23 3 16 5 13 6 24 7 22
7 0 18 1 15 3 13 6 19 7 19 8 24 9 16
4 1 19 4 22 8 13 9 15
2 0 17 8 17
1 4 19
4 0 14 3 15 5 23 7 16
8
7 4 0.0014
5 1 0.0012000000000000001
7 0 0.0022
7 3 0.0013000000000000002
7 0 0.0014
4 9 0.0017000000000000001
8 9 0.0022
6 7 0.0022
8
7 1 0.002 0.10522711155791575
2 6 0.0023 0.13397102617113912
1 2 0.0023 0.12073937056479964
4 8 0.0024000000000000002 0.1438164822104232
3 1 0.0012000000000000001 0.11240408112361876
8 3 0.0014 0.11264635933060782
2 8 0.0014 0.14017573561411667
5 1 0.0019 0.1349158716675308
