10
4 4 13 5 19 6 17 7 17
2 3 22 5 24
7 3 12 4 14 5 19 6 17 7 12 8 12 9 20
1 0 20
8 0 19 1 21 2 13 3 21 5 23 6 20 7 16 8 23
8 0 18 1 20 2 19 4 15 6 12 7 22 8 21 9 21
4 1 24 2 20 3 21 7 13
8 0 13 1 18 2 23 3 14 4 22 5 22 6 18 8 19
5 0 12 3 18 4 14 6 15 9 23
7 0 16 2 15 3 19 4 22 5 14 6 23 7 15
8
5 2 0.0013000000000000002
4 0 0.0021000000000000003
1 2 0.0023
7 2 0.0019
0 9 0.0016
8 2 0.0015
7 2 0.0015
6 1 0.0014
8
9 8 0.0012000000000000001 0.14353224495130792
6 7 0.0022 0.13070537262263288
1 6 0.0021000000000000003 0.10937976302104112
0 5 0.0013000000000000002 0.12281567917377237
4 6 0.002 0.11138865630482703
4 5 0.0024000000000000002 0.1356813457295737
9 0 0.0021000000000000003 0.10502874006404529
5 1 0.0017000000000000001 0.1334129857571714
