10
8 1 12 2 22 3 19 4 22 5 13 7 22 8 24 9 12
3 2 18 4 21 7 18
3 1 24 3 21 5 15
6 1 17 2 12 5 17 6 18 7 17 8 19
2 1 21 6 20
8 0 24 1 14 2 17 3 14 6 13 7 16 8 15 9 23
2 3 21 5 20
4 1 22 2 20 6 21 8 23
6 0 15 2 18 4 17 5 17 6 21 9 20
8 0 12 1 20 2 13 4 15 5 15 6 14 7 22 8 12
8
0 1 0.0021000000000000003
1 6 0.0014
8 6 0.0014
3 5 0.0019
9 7 0.0019
3 7 0.0012000000000000001
3 2 0.0019
0 4 0.0013000000000000002
8
7 4 0.0023 0.11753514486666415
1 0 0.0013000000000000002 0.14488818575739526
6 1 0.0019 0.1196931058884955
5 1 0.0017000000000000001 0.10995048019390238
0 9 0.0018000000000000002 0.1439528283352639
8 6 0.0014 0.11035107703083091
0 2 0.0023 0.12845890573411947
8 1 0.0021000000000000003 0.11709242946089801
