10
5 3 23 4 23 6 19 7 17 9 15
2 0 20 9 13
1 6 16
4 1 19 5 16 8 24 9 18
1 6 20
4 1 16 2 22 4 18 6 22
5 0 24 2 12 3 20 4 23 7 17
6 0 22 2 23 3 12 4 20 6 21 9 22
7 0 12 2 21 4 15 5 22 6 14 7 14 9 13
4 1 18 3 17 5 15 7 16
8
5 6 0.0015
0 7 0.0021000000000000003
9 0 0.0019
1 8 0.0016
0 3 0.0014
8 0 0.0018000000000000002
9 7 0.0013000000000000002
0 5 0.0017000000000000001
8
7 8 0.0023 0.14005067601648374
3 2 0.0023 0.11604568189705902
1 8 0.0024000000000000002 0.14842956926044593
6 8 0.0023 0.12047941719549238
2 6 0.0023 0.12359279004405428
0 3 0.0018000000000000002 0.10284898947572563
7 1 0.0018000000000000002 0.1082430242454166
1 7 0.0017000000000000001 0.11491854874361021
