10
2 2 17 7 24
1 4 21
7 0 24 1 16 3 14 4 14 5 13 6 19 8 24
7 1 18 2 16 4 20 5 15 6 19 8 24 9 20
8 0 22 2 19 3 18 5 21 6 19 7 16 8 19 9 12
4 1 24 3 13 6 23 8 18
4 2 14 4 19 5 12 7 15
7 0 20 1 21 2 24 3 15 5 14 8 12 9 22
4 1 13 4 19 5 21 6 18
7 0 15 1 15 2 15 5 12 6 21 7 13 8 23
8
1 7 0.0014
9 2 0.002
8 5 0.0019
9 4 0.0021000000000000003
2 5 0.0014
2 1 0.0018000000000000002
0 5 0.0012000000000000001
0 2 0.002
8
2 5 0.0013000000000000002 0.13544234071191757
1 6 0.0013000000000000002 0.10210478938193063
5 1 0.0012000000000000001 0.14115047692519414
7 6 0.0012000000000000001 0.1057927537816471
6 3 0.0019 0.11492840482764269
1 9 0.0016 0.12466086041453847
0 5 0.0019 0.12337305189612124
9 7 0.002 0.11379881233542175
