10
1 6 19
3 3 18 5 15 8 14
7 1 21 3 13 4 13 5 20 6 17 7 20 9 14
2 4 19 9 19
2 2 21 8 16
1 2 18
7 2 17 3 22 4 13 5 23 7 23 8 13 9 15
4 0 14 2 15 3 20 6 23
3 2 22 4 17 7 14
1 0 12
8
0 7 0.002
0 2 0.0019
8 3 0.0015
2 0 0.0013000000000000002
3 4 0.0016
8 2 0.0017000000000000001
2 7 0.0013000000000000002
5 1 0.0014
8
2 0 0.0022 0.13553377827657193
8 7 0.0021000000000000003 0.10708030468247572
6 5 0.0022 0.13497062105096436
5 6 0.0012000000000000001 0.1285713834904625
2 4 0.0015 0.127206447553168
3 4 0.0019 0.10379104279582929
9 4 0.0021000000000000003 0.11741884377672335
3 6 0.0024000000000000002 0.10385822292703707
