10
8 1 16 2 18 3 23 4 16 6 19 7 21 8 22 9 17
8 0 15 2 12 3 13 4 18 5 24 7 19 8 23 9 14
3 4 21 5 12 9 12
2 2 23 6 24
1 7 13
5 3 21 4 13 7 24 8 22 9 12
3 5 16 7 20 8 17
1 8 21
7 0 24 1 18 2 17 3 24 5 23 6 19 7 18
2 1 15 4 17
8
5 8 0.0019
4 3 0.0023
5 0 0.0015
5 7 0.0023
1 5 0.0023
2 9 0.0018000000000000002
2 9 0.0023
9 5 0.0023
8
9 5 0.0023 0.10098186520348057
2 3 0.0017000000000000001 0.13734561923026992
5 3 0.0019 0.14006808462382545
5 2 0.0013000000000000002 0.13895320959024524
9 7 0.0012000000000000001 0.14290700954913704
0 5 0.0017000000000000001 0.12043487885451427
4 8 0.0024000000000000002 0.14195262717010257
6 8 0.0023 0.14712261704238525
