10
8 1 22 2 13 3 18 4 21 5 24 7 17 8 16 9 14
1 9 19
5 1 23 4 22 5 23 6 15 7 16
8 1 18 2 19 4 18 5 22 6 19 7 24 8 20 9 24
2 0 20 7 19
6 2 17 4 16 6 16 7 15 8 15 9 16
5 1 15 2 24 3 20 4 16 9 22
3 0 13 4 17 9 12
2 4 12 5 19
2 0 13 5 17
8
4 8 0.0017000000000000001
4 9 0.0017000000000000001
2 9 0.0019
8 6 0.0024000000000000002
8 1 0.0019
8 6 0.0019
4 5 0.0017000000000000001
6 8 0.002
8
8 0 0.0018000000000000002 0.13723857467962444
1 6 0.0015 0.13815699579116214
9 0 0.0017000000000000001 0.1310331622358344
2 0 0.002 0.13234995323659432
3 9 0.0021000000000000003 0.11052283868171146
9 4 0.0017000000000000001 0.10020619533108355
5 6 0.0012000000000000001 0.147007731377554
0 4 0.0018000000000000002 0.14100836913255205
