10
4 1 12 3 21 7 15 9 14
5 2 22 3 13 6 24 7 16 8 23
2 4 15 6 15
7 1 23 4 15 5 22 6 21 7 13 8 20 9 22
3 0 18 1 24 7 21
2 2 12 7 23
7 1 17 2 16 3 23 4 20 5 15 7 20 8 24
4 2 19 3 24 5 18 9 22
4 2 20 5 20 6 22 7 17
8 1 16 2 20 3 13 4 21 5 21 6 16 7 19 8 21
8
1 9 0.0022
4 3 0.0012000000000000001
1 7 0.0022
5 8 0.0023
8 6 0.0017000000000000001
1 8 0.0017000000000000001
8 5 0.0023
2 1 0.0023
8
5 6 0.0015 0.11666608414731189
1 5 0.0023 0.11143534170059324
0 7 0.0021000000000000003 0.11531908393115481
6 4 0.0022 0.12967373949033373
3 6 0.0015 0.14305007166673372
8 5 0.0021000000000000003 0.13134231875105504
0 1 0.0024000000000000002 0.10024684571531048
9 1 0.0022 0.14001881880994882
