10
3 1 17 2 14 4 18
6 0 23 3 16 4 17 6 14 7 12 8 17
6 0 12 1 13 4 13 6 18 7 24 8 19
4 0 12 2 15 5 15 6 12
7 0 18 1 14 2 14 3 22 6 19 7 21 9 22
6 0 14 2 12 3 23 4 18 6 14 8 20
1 0 22
7 0 19 1 15 3 18 4 20 5 14 8 15 9 12
4 0 24 1 20 3 24 9 19
4 1 24 2 22 3 14 4 22
8
7 8 0.0012000000000000001
0 9 0.0019
0 3 0.0019
6 8 0.0013000000000000002
8 1 0.0016
1 0 0.0024000000000000002
7 2 0.0024000000000000002
4 7 0.0012000000000000001
8
5 2 0.0014 0.12612850002534523
5 0 0.0017000000000000001 0.1396199621165892
3 5 0.0021000000000000003 0.11879221924206372
3 1 0.0023 0.1223506700153982
7 4 0.0016 0.11343322489264389
7 3 0.0015 0.11964578088920629
1 6 0.0016 0.14795023060433496
0 9 0.0014 0.1090038400017675
