10
5 1 18 4 15 5 24 7 15 8 14
8 0 12 2 24 3 12 4 12 5 19 6 13 7 22 9 13
4 0 12 3 16 4 23 9 20
3 0 19 2 14 8 18
3 0 24 6 20 8 14
5 1 23 2 18 3 18 4 20 9 18
4 0 14 4 23 7 22 9 16
2 4 22 5 12
2 0 16 9 15
8 0 16 1 22 2 14 3 12 4 19 5 12 6 14 8 17
8
8 0 0.0015
6 7 0.0023
5 4 0.0017000000000000001
7 2 0.002
4 5 0.0023
1 0 0.0012000000000000001
0 5 0.0024000000000000002
5 8 0.0023
8
1 2 0.002 0.1336947547519868
1 9 0.0019 0.10784140174765736
0 6 0.0021000000000000003 0.10500606286749403
6 3 0.0013000000000000002 0.1393618557366998
5 6 0.0024000000000000002 0.14647997754688552
5 0 0.0019 0.12074068261787173
6 1 0.0014 0.14953581820758638
0 2 0.0019 0.12377367352738915
