10
7 1 13 3 14 4 23 5 21 6 12 7 19 9 19
8 0 12 2 21 3 17 4 23 5 21 6 13 7 24 9 18
4 0 24 3 13 8 18 9 16
3 2 13 5 18 6 14
4 3 24 5 22 6 23 8 21
4 0 20 2 14 7 18 8 20
7 0 20 1 18 2 24 3 15 5 15 7 16 8 15
1 2 24
6 0 18 2 13 5 20 6 15 7 16 9 19
7 0 23 1 19 2 19 3 13 5 12 6 18 7 22
8
1 8 0.0023
9 4 0.0021000000000000003
6 7 0.0014
9 4 0.002
5 9 0.0019
0 3 0.0018000000000000002
4 8 0.0023
7 3 0.0012000000000000001
8
6 1 0.0023 0.10129624024211423
3 0 0.0021000000000000003 0.10453138789501117
6 5 0.0018000000000000002 0.14663697502558595
4 5 0.0019 0.1288462286132376
5 3 0.0019 0.12392782910725304
0 9 0.0015 0.14627950400361073
7 3 0.0016 0.1031666882841403
7 1 0.0022 0.11980280277269188
