10
7 1 14 2 21 4 16 5 15 6 23 7 20 9 17
1 2 23
8 0 16 1 21 3 12 4 17 5 17 6 13 7 23 8 13
4 0 19 1 18 6 21 8 22
7 0 15 1 16 3 19 5 22 6 17 7 21 9 12
6 0 19 1 19 2 16 3 14 4 15 8 22
1 9 24
7 0 18 1 12 2 13 3 15 4 19 5 15 8 23
4 0 16 1 24 4 12 9 21
6 2 23 3 19 4 16 5 12 6 19 8 24
3
9 0 0.0013000000000000002
0 8 0.0021000000000000003
6 8 0.0017000000000000001
9
8 0 0.002 0.1466362053973107
4 3 0.0013000000000000002 0.1244765376250079
2 3 0.0023 0.11708532189858785
5 1 0.0015 0.13962742862431632
2 3 0.0022 0.11573363631653044
9 3 0.0021000000000000003 0.12072936277014717
8 5 0.0024000000000000002 0.11445660249320608
2 6 0.0012000000000000001 0.10152745861079589
3 2 0.0017000000000000001 0.1069210275445681
