10
7 1 22 2 16 3 19 4 15 5 22 6 12 8 15
8 0 18 2 12 3 21 4 14 5 21 6 15 7 20 9 20
6 1 15 3 17 4 12 7 14 8 19 9 24
8 1 15 2 19 4 20 5 18 6 18 7 16 8 14 9 22
3 0 23 2 23 7 14
8 0 16 1 15 2 12 3 23 4 24 6 12 8 14 9 18
1 0 20
2 2 16 8 15
4 0 23 3 16 4 22 6 14
4 3 24 5 16 6 13 8 12
3
4 7 0.0015
0 5 0.0022
6 5 0.0015
9
7 0 0.0013000000000000002 0.14799183935591892
1 9 0.0024000000000000002 0.1333833181902036
2 9 0.0014 0.10810199539686198
1 4 0.0012000000000000001 0.1356180146538966
6 5 0.0015 0.12813055999721518
4 6 0.0013000000000000002 0.10115371056624109
6 7 0.0024000000000000002 0.13442277548165255
3 4 0.0017000000000000001 0.1342980656539663
9 5 0.0017000000000000001 0.1300304867150705
