10
4 5 15 6 24 7 24 9 17
1 2 18
8 0 24 1 12 3 15 5 17 6 16 7 22 8 12 9 18
8 0 21 1 16 2 18 4 14 6 20 7 12 8 18 9 20
8 0 14 1 19 2 14 3 18 5 17 7 24 8 21 9 15
4 1 23 3 19 7 24 9 23
4 0 20 2 15 4 21 9 23
7 0 18 3 17 4 13 5 12 6 19 8 12 9 17
1 6 12
8 0 16 1 16 2 21 4 16 5 16 6 13 7 23 8 12
3
6 9 0.0023
7 4 0.0024000000000000002
2 0 0.0013000000000000002
9
7 2 0.0022 0.1439692019536194
3 9 0.0024000000000000002 0.14152848663589626
2 1 0.0021000000000000003 0.1192126556340137
9 3 0.0018000000000000002 0.13356279662357187
3 7 0.0021000000000000003 0.1278225335718952
2 1 0.0012000000000000001 0.12574577506025092
3 6 0.0015 0.14437274219321267
4 7 0.0021000000000000003 0.12524522701372073
1 6 0.0013000000000000002 0.13500608511136256
