10
5 2 14 3 14 5 13 7 23 9 17
4 2 12 4 15 5 17 9 24
7 0 12 1 23 4 21 6 24 7 17 8 22 9 18
4 0 19 6 12 7 18 8 20
2 5 17 8 14
3 0 17 2 19 9 24
6 0 16 1 24 2 18 3 12 4 18 5 15
3 0 13 4 14 9 20
5 1 20 3 16 4 12 5 22 9 24
4 1 16 2 16 7 15 8 15
3
0 7 0.0022
9 8 0.0016
1 8 0.0024000000000000002
9
6 4 0.0012000000000000001 0.10654079746374723
1 0 0.0022 0.14957080256751376
3 4 0.0022 0.14868588645064018
5 6 0.0022 0.10697896048693273
4 8 0.0012000000000000001 0.10768810390005132
2 9 0.0013000000000000002 0.11121324634505418
1 2 0.0015 0.14939096874408758
0 3 0.0022 0.126037199336703
9 4 0.0022 0.12557891986738579
