10
3 2 18 4 13 7 17
8 0 21 2 15 4 20 5 14 6 15 7 13 8 20 9 14
2 8 15 9 24
6 0 21 2 24 4 22 5 15 7 17 8 13
3 3 22 6 15 7 23
8 0 23 1 15 2 15 3 12 4 13 7 18 8 24 9 24
7 0 19 1 12 2 14 3 15 4 20 5 22 8 14
6 0 15 2 17 3 20 4 18 8 24 9 24
2 1 12 9 18
2 0 16 1 22
3
6 2 0.0013000000000000002
0 1 0.002
8 7 0.0013000000000000002
9
9 0 0.0017000000000000001 0.10288421944512335
5 4 0.0017000000000000001 0.11489044176915297
4 9 0.0019 0.12947174005578646
6 4 0.0014 0.11088157146057873
5 7 0.0019 0.12348246545910493
1 0 0.0024000000000000002 0.10158731415776336
6 8 0.002 0.14568289987083702
2 4 0.0012000000000000001 0.10967285646981322
1 3 0.0015 0.12838044230245227
