10
7 2 18 4 20 5 14 6 15 7 23 8 19 9 21
3 4 23 5 23 9 12
3 4 20 6 17 7 19
7 0 20 1 14 2 16 4 17 7 18 8 22 9 12
8 0 21 1 21 2 16 5 19 6 13 7 22 8 12 9 13
8 0 19 1 18 2 13 3 21 4 23 6 15 7 23 8 24
4 2 17 4 22 7 17 9 21
5 1 24 3 12 4 19 5 13 6 16
4 4 16 6 20 7 18 9 21
2 0 15 6 16
3
1 0 0.0019
0 8 0.0024000000000000002
0 8 0.0017000000000000001
9
0 7 0.0012000000000000001 0.13443556185988761
7 8 0.002 0.1179197582141196
4 7 0.0013000000000000002 0.14298011481879253
7 2 0.0022 0.10925834504655216
8 1 0.0014 0.14099485467541917
2 8 0.0024000000000000002 0.1361431252475747
2 9 0.0022 0.14860879238484434
2 7 0.0018000000000000002 0.10194902312964157
5 6 0.0012000000000000001 0.11082634793770947
