10
1 6 22
4 2 20 5 24 6 19 9 12
6 0 13 1 20 3 19 6 18 7 14 9 13
1 4 13
8 0 14 1 17 2 23 3 24 5 18 6 24 7 16 9 12
3 6 14 7 16 8 19
6 0 24 1 17 2 19 3 19 5 15 7 13
2 2 19 9 20
3 3 20 4 15 6 16
3 0 18 3 21 6 18
3
3 0 0.0013000000000000002
0 4 0.0018000000000000002
0 1 0.0016
9
8 2 0.0012000000000000001 0.11125345520618297
2 3 0.0019 0.1457046386119522
5 3 0.002 0.10578996427186126
5 4 0.0013000000000000002 0.11870555996870304
1 2 0.0014 0.1187302883795345
3 6 0.0017000000000000001 0.14441868595997742
4 8 0.0017000000000000001 0.1422403797013478
2 8 0.0014 0.10099921289354741
7 8 0.0021000000000000003 0.13643563419077925
