10
5 1 23 3 23 4 16 7 12 8 16
3 3 19 7 15 8 20
2 4 13 9 21
8 0 21 1 21 4 22 5 22 6 12 7 16 8 22 9 13
6 0 12 1 18 2 19 3 15 7 19 8 17
8 0 24 1 21 2 13 3 22 4 12 6 19 7 18 9 15
4 1 22 2 19 5 15 8 23
4 0 21 1 22 2 13 3 20
5 1 17 2 21 4 23 5 17 9 14
2 2 19 5 18
3
5 9 0.0018000000000000002
6 9 0.0023
1 3 0.0017000000000000001
9
2 9 0.0022 0.11341771848030975
1 0 0.0017000000000000001 0.11268801754700812
1 5 0.0017000000000000001 0.10003273036486628
4 9 0.002 0.1348149975057751
8 1 0.002 0.13154826103862974
4 0 0.0014 0.13644288264726073
7 9 0.0017000000000000001 0.13737308433422202
2 8 0.002 0.14650230849215645
7 4 0.002 0.14150246804718808
