10
7 1 21 3 21 4 16 6 16 7 12 8 18 9 15
5 2 24 5 23 6 22 8 13 9 21
2 3 15 8 12
6 1 19 2 12 4 22 6 21 8 12 9 14
3 1 18 2 19 5 14
7 0 22 1 20 3 22 4 18 7 13 8 15 9 15
2 3 19 4 22
4 3 17 5 14 8 14 9 19
6 0 12 1 18 3 16 5 21 7 17 9 20
8 0 21 1 14 3 19 4 15 5 19 6 18 7 13 8 17
3
1 6 0.0019
2 4 0.0021000000000000003
5 2 0.0024000000000000002
9
1 9 0.0024000000000000002 0.10338874753491137
4 5 0.0021000000000000003 0.10831064658281514
4 0 0.002 0.13948594638520662
5 7 0.0022 0.13284142047030312
6 2 0.0019 0.12044530476002233
8 2 0.0018000000000000002 0.10868408882718371
4 3 0.0013000000000000002 0.11104016087039904
3 5 0.0012000000000000001 0.1431723151997716
9 7 0.002 0.12434039473574747
