10
7 1 22 2 12 4 13 5 13 6 16 7 24 8 19
5 2 16 3 22 4 17 5 13 9 22
5 3 20 4 13 5 21 7 23 8 20
5 1 21 2 22 4 22 6 12 9 24
2 5 17 8 15
3 1 23 2 23 4 23
1 8 15
6 0 22 1 22 3 15 4 22 5 16 8 23
3 1 21 3 18 4 15
7 0 22 1 24 2 20 3 12 5 24 7 18 8 23
3
8 1 0.0014
1 7 0.002
0 8 0.0014
9
9 5 0.0018000000000000002 0.14277112798548316
6 1 0.0014 0.14691409847541004
0 8 0.002 0.12222581053084955
2 4 0.0023 0.12755816821581134
1 9 0.002 0.14790820835912122
7 5 0.0017000000000000001 0.1363398351698532
7 1 0.0018000000000000002 0.12473325198943358
5 4 0.0015 0.1459825919810746
9 5 0.0022 0.10361794997260022
