10
5 1 22 3 16 6 15 8 18 9 16
7 0 23 2 17 3 22 4 23 5 22 6 21 7 15
5 0 15 3 21 4 14 5 14 7 20
2 0 22 2 16
7 0 22 2 16 3 22 5 16 6 13 7 13 9 23
2 7 18 9 18
1 1 13
5 1 15 4 20 5 20 8 20 9 23
8 0 17 1 16 2 24 3 24 5 24 6 22 7 19 9 18
5 1 19 2 12 4 24 5 16 8 14
3
9 6 0.0021000000000000003
1 7 0.0024000000000000002
8 3 0.0019
9
1 0 0.0012000000000000001 0.1006534459708974
8 6 0.0015 0.1338834846579947
4 0 0.0019 0.13238762787974864
3 0 0.0017000000000000001 0.11766817297684562
3 5 0.0024000000000000002 0.10083006422893748
0 3 0.0019 0.10724269670032213
2 3 0.0015 0.1308979716330616
8 0 0.0022 0.13785561077420033
4 9 0.0019 0.1314149453256108
