10
2 3 18 6 23
5 0 14 3 21 4 19 5 17 9 15
8 0 22 1 13 3 21 4 14 5 13 6 24 7 24 8 12
3 0 23 7 17 8 17
1 9 13
8 0 19 1 24 3 18 4 21 6 15 7 14 8 13 9 16
8 0 22 1 15 2 16 3 19 4 12 5 22 7 18 9 22
2 0 12 6 22
4 1 15 3 24 4 24 9 22
3 1 21 6 22 7 21
3
1 0 0.0021000000000000003
8 9 0.0014
8 4 0.0016
9
6 8 0.0021000000000000003 0.13757141049067612
2 8 0.0023 0.13060222831474724
1 7 0.0022 0.10950716383043901
7 5 0.0016 0.11025470812415314
9 8 0.0016 0.10120076281115299
3 0 0.0022 0.1132207107236212
2 8 0.002 0.14427384652754882
9 7 0.0023 0.1478661428164513
6 5 0.0015 0.12899322577045788
