10
6 4 17 5 23 6 18 7 17 8 19 9 12
3 0 18 8 17 9 12
1 1 20
8 0 14 1 12 2 24 5 22 6 18 7 16 8 17 9 22
4 1 15 3 17 5 13 8 17
7 0 18 1 20 2 24 3 12 6 24 7 16 9 23
4 0 21 3 13 4 22 7 20
8 0 21 1 13 2 19 4 15 5 20 6 14 8 21 9 22
1 3 17
2 3 17 7 20
3
9 7 0.0012000000000000001
0 7 0.0024000000000000002
0 9 0.0012000000000000001
9
0 3 0.0022 0.12293423635268076
6 3 0.0015 0.13745042376694952
0 4 0.0012000000000000001 0.12118687967176642
7 8 0.0014 0.14276147729874356
1 6 0.0017000000000000001 0.1440776095407864
6 7 0.0013000000000000002 0.11230367350387042
1 2 0.0013000000000000002 0.106111320939053
7 5 0.0022 0.1308541911806285
6 4 0.0012000000000000001 0.14067083128668467
