10
4 3 15 4 13 6 19 7 15
5 0 20 3 20 4 13 5 13 9 16
8 0 14 1 23 4 22 5 22 6 17 7 12 8 20 9 14
5 0 21 2 13 4 21 7 13 8 18
5 0 18 1 13 2 19 3 24 8 17
6 0 15 1 15 2 15 4 21 7 12 8 17
7 0 15 1 20 2 18 3 15 7 23 8 17 9 16
5 1 12 2 18 3 12 4 23 8 16
3 0 18 7 12 9 24
2 7 21 8 21
3
6 3 0.0017000000000000001
0 5 0.0023
6 7 0.0012000000000000001
9
7 0 0.0013000000000000002 0.14948754584157886
5 9 0.0017000000000000001 0.13405566302139751
6 8 0.0022 0.14297201670778617
0 5 0.0023 0.1344384625563431
3 2 0.0017000000000000001 0.12447600357568366
9 5 0.0013000000000000002 0.12638753403202546
0 1 0.0022 0.11792159439332105
7 8 0.0018000000000000002 0.10815382307980233
3 4 0.0018000000000000002 0.10623752558485026
