10
2 6 21 8 12
4 3 14 4 20 7 12 9 20
1 5 24
5 1 24 2 12 4 18 5 15 6 14
7 0 24 1 15 3 13 5 15 6 24 8 15 9 21
6 0 21 2 20 4 20 6 23 8 24 9 15
4 3 19 4 19 5 15 8 15
8 0 14 1 17 2 13 4 20 5 24 6 23 8 14 9 22
5 3 17 4 20 5 12 6 23 9 20
8 0 22 1 15 2 23 3 12 4 16 5 15 7 24 8 12
3
0 7 0.0021000000000000003
1 4 0.0018000000000000002
9 0 0.0016
9
5 8 0.0016 0.10973987464468554
9 1 0.0019 0.1358979876351819
7 8 0.0023 0.14581721862677022
9 3 0.0019 0.12743515214367945
1 0 0.0023 0.13000536361474835
7 9 0.0014 0.1285653382936052
5 7 0.0019 0.11020286212148625
3 0 0.0018000000000000002 0.10609593302107108
5 6 0.0016 0.11056981211833732
