10
2 3 21 7 17
7 0 19 2 14 3 15 4 14 5 20 7 15 8 16
5 1 21 5 15 7 13 8 14 9 17
5 2 18 4 18 6 21 7 18 8 17
8 0 22 1 14 2 14 3 20 5 18 6 18 7 23 8 23
8 0 21 1 20 2 15 3 20 4 23 6 17 7 12 8 13
1 5 16
5 2 24 3 20 5 12 6 13 9 16
5 1 15 3 15 6 23 7 13 9 23
4 0 17 1 20 3 13 8 24
3
5 1 0.0014
3 2 0.002
2 7 0.0023
9
6 0 0.0013000000000000002 0.13325434809460107
7 9 0.0017000000000000001 0.1308832322008665
0 9 0.0012000000000000001 0.1359937065818439
9 2 0.0017000000000000001 0.14530841467960326
9 6 0.0021000000000000003 0.14073890822168791
0 5 0.0021000000000000003 0.1368429908085397
5 7 0.0018000000000000002 0.11088628376944604
5 8 0.0019 0.10625695217460088
3 4 0.0015 0.1290484967064804
