10
1 2 24
4 0 14 5 23 6 21 7 17
4 1 24 6 12 7 16 9 15
3 0 16 4 24 9 23
6 0 20 1 20 3 17 5 22 7 23 8 16
5 0 19 2 17 3 24 4 18 6 21
1 8 19
6 0 20 2 17 3 14 6 14 8 23 9 19
4 1 24 2 22 3 22 7 22
3 4 18 5 21 8 20
3
7 2 0.0022
5 7 0.0018000000000000002
6 5 0.0021000000000000003
9
9 8 0.002 0.1428537156648527
2 0 0.0024000000000000002 0.12489291452911777
0 4 0.0017000000000000001 0.12669281846837563
6 1 0.0014 0.11351440402415806
1 5 0.0013000000000000002 0.12972769081224284
0 8 0.0024000000000000002 0.1301467924076418
5 7 0.0014 0.12535525973553835
3 1 0.0024000000000000002 0.12319443413451221
2 5 0.0012000000000000001 0.12534337829050626
