20
5 3 17 13 13 14 13 15 15 17 20
1 12 17
7 0 19 3 15 4 16 5 17 9 23 14 15 16 12
16 2 16 4 16 5 23 6 14 7 23 8 19 9 15 11 23 12 23 13 20 14 14 15 18 16 15 17 17 18 16 19 22
16 0 20 1 14 2 12 3 14 5 15 6 13 7 15 8 16 9 21 10 21 11 14 12 19 14 19 15 21 17 17 19 21
6 0 20 8 15 10 18 11 13 15 24 17 16
7 3 14 7 12 12 14 14 17 15 15 16 18 17 16
5 2 21 5 15 8 12 11 24 15 22
4 14 22 15 12 16 21 18 15
5 0 16 8 15 11 22 13 23 18 22
5 1 20 2 18 12 14 13 14 16 14
13 1 15 2 13 3 16 4 15 5 19 6 15 9 12 10 23 13 15 15 19 16 22 17 22 19 23
1 18 18
2 8 14 11 16
5 0 14 2 15 8 24 12 24 15 15
10 1 20 4 17 5 22 6 21 8 19 10 24 11 23 14 24 17 24 19 23
18 0 23 1 16 2 15 3 12 5 17 6 21 7 22 8 13 9 21 10 17 11 22 12 19 13 15 14 22 15 16 17 22 18 20 19 23
9 5 12 6 23 9 12 11 14 12 18 13 23 14 17 18 15 19 14
2 2 18 16 22
10 2 18 3 13 4 19 6 12 7 17 8 20 9 18 15 21 17 24 18 24
17
18 14 0.0016
12 4 0.0016
0 10 0.0018000000000000002
7 2 0.0017000000000000001
12 0 0.0019
17 19 0.0016
12 17 0.0016
9 13 0.0014
10 6 0.0013000000000000002
3 0 0.0018000000000000002
3 16 0.002
3 11 0.0016
9 11 0.0017000000000000001
18 13 0.0024000000000000002
9 1 0.0023
19 0 0.0022
10 19 0.0022
17
10 6 0.0015 0.13652654219765947
16 2 0.002 0.11813319329166627
5 10 0.0024000000000000002 0.10242872335942602
8 14 0.0022 0.12006733292675169
10 13 0.0014 0.1466908328525442
8 0 0.0015 0.14959652728321293
10 6 0.0022 0.14136897729710982
16 8 0.0015 0.14973906357432903
5 8 0.0017000000000000001 0.14668246943966354
7 19 0.0015 0.10367551738123824
13 8 0.0016 0.10776718030716254
18 5 0.0023 0.14255797027352762
19 13 0.0021000000000000003 0.14531741984680213
15 17 0.0012000000000000001 0.1314110134748589
5 7 0.0012000000000000001 0.12340403490174828
3 18 0.0023 0.14043829450411702
16 7 0.0013000000000000002 0.10165263894364263
