20
13 2 22 3 19 5 23 6 14 7 17 8 12 11 18 12 16 14 18 15 14 16 12 18 19 19 13
5 3 14 6 13 11 24 12 18 15 12
9 0 15 1 21 3 16 6 14 11 15 14 17 16 22 17 14 19 17
4 0 14 2 15 6 16 8 20
17 0 22 1 24 2 19 3 23 5 23 7 23 8 18 9 23 10 18 11 20 12 20 13 13 15 22 16 18 17 24 18 13 19 18
15 1 20 3 20 6 18 7 23 8 18 10 12 11 16 12 18 13 15 14 12 15 20 16 20 17 15 18 24 19 22
11 1 21 4 16 8 14 9 14 10 24 12 19 13 18 16 17 17 19 18 20 19 14
2 3 21 18 23
15 0 24 1 24 4 18 5 20 6 21 7 24 9 14 10 16 12 17 13 12 14 21 16 23 17 14 18 17 19 15
2 3 14 19 22
16 0 18 1 20 2 21 4 13 5 12 7 23 8 18 9 17 11 15 12 15 13 20 15 12 16 24 17 17 18 16 19 13
2 13 15 19 15
16 1 14 2 15 3 23 4 13 5 24 6 17 8 18 9 12 10 21 11 16 14 24 15 16 16 12 17 23 18 12 19 14
7 4 15 6 23 8 19 15 12 17 16 18 22 19 13
11 1 21 2 14 4 20 5 15 6 13 8 22 9 20 11 24 12 14 15 17 19 13
15 0 19 1 19 2 18 3 15 4 12 5 15 6 12 7 13 9 18 10 20 12 15 14 20 16 13 17 13 19 16
1 3 18
1 5 17
6 1 23 5 13 6 15 10 14 12 13 14 20
18 0 17 1 22 2 12 3 20 4 14 5 16 6 13 7 24 8 16 9 17 10 20 11 17 12 16 13 19 14 19 15 13 16 14 17 12
17
8 3 0.0021000000000000003
14 13 0.002
15 19 0.0018000000000000002
9 0 0.0016
14 12 0.0015
19 2 0.0024000000000000002
17 18 0.0013000000000000002
5 9 0.0012000000000000001
6 13 0.0016
14 10 0.0013000000000000002
13 19 0.002
14 2 0.0023
12 8 0.0024000000000000002
3 6 0.0016
4 7 0.0018000000000000002
4 17 0.0016
19 1 0.0021000000000000003
17
4 10 0.0017000000000000001 0.1337873448468622
5 9 0.0022 0.11333090117531786
16 9 0.0012000000000000001 0.13239057195587667
4 2 0.0018000000000000002 0.14395332185283471
9 13 0.0016 0.1286461735011423
17 19 0.0024000000000000002 0.13134141874936772
0 16 0.0023 0.12175387637035048
8 9 0.0013000000000000002 0.12350744480083058
6 18 0.002 0.10625617501377567
5 6 0.0015 0.11493800954192696
6 1 0.0012000000000000001 0.14410137987521987
17 19 0.002 0.10036049661103924
7 14 0.0012000000000000001 0.11359739669908289
3 18 0.0024000000000000002 0.1408742432515785
6 7 0.0016 0.13280412973748743
2 12 0.0018000000000000002 0.14861547730300406
17 16 0.0019 0.11646969942836805
