20
11 2 14 3 14 5 17 6 15 7 20 11 24 12 23 14 14 15 21 16 23 19 21
13 0 24 2 15 3 15 4 18 6 12 7 21 9 23 10 15 13 12 14 18 16 19 18 14 19 18
8 0 14 3 24 4 15 7 23 13 21 16 15 17 16 18 12
11 0 19 1 15 6 21 9 17 11 13 12 14 14 20 15 23 17 20 18 18 19 17
11 2 22 5 23 6 17 8 12 11 12 13 20 15 14 16 24 17 14 18 20 19 20
10 0 24 4 15 6 23 7 14 9 18 11 14 12 19 16 21 18 21 19 19
16 0 15 2 16 3 17 4 23 5 22 7 20 8 15 10 24 11 22 12 15 13 12 14 21 15 18 16 13 17 12 18 15
16 0 13 1 20 2 21 4 16 5 23 6 17 8 16 9 19 11 22 12 14 13 23 14 20 16 22 17 18 18 19 19 16
12 2 18 3 21 5 23 6 14 10 15 11 16 12 16 14 23 15 22 17 22 18 21 19 22
5 1 24 3 18 8 18 17 20 18 14
4 1 12 13 18 16 20 17 15
4 4 20 12 19 13 21 18 20
9 2 19 3 16 4 15 5 21 6 22 14 19 15 22 17 13 18 23
9 4 20 5 19 8 19 10 20 14 21 15 12 17 22 18 23 19 16
12 1 21 2 17 3 14 4 22 6 15 8 17 9 13 10 23 12 16 13 22 15 19 19 12
17 0 17 1 13 2 15 3 23 4 17 5 12 6 13 7 16 8 18 9 12 11 23 12 24 13 16 14 19 16 24 17 21 18 12
15 0 12 1 13 2 23 4 17 5 18 6 23 7 18 8 17 11 23 12 19 14 24 15 19 17 22 18 20 19 22
3 9 20 12 22 14 19
1 5 20
8 0 18 1 21 7 16 9 17 11 22 13 13 14 17 16 13
17
16 1 0.0015
6 10 0.0017000000000000001
13 1 0.0022
19 8 0.0014
14 3 0.0024000000000000002
0 4 0.0021000000000000003
11 19 0.0023
14 7 0.0017000000000000001
10 17 0.0018000000000000002
8 7 0.0014
13 19 0.002
7 14 0.0024000000000000002
5 18 0.0012000000000000001
1 12 0.0015
10 9 0.0016
9 0 0.0019
16 11 0.0016
17
11 15 0.0024000000000000002 0.14698545345768407
6 10 0.0017000000000000001 0.14179522415816728
14 4 0.0019 0.13334974583197778
19 2 0.0018000000000000002 0.10103016708957867
10 5 0.0016 0.11075300479086377
18 4 0.0021000000000000003 0.12183488682838965
9 18 0.0022 0.10502381667731338
11 14 0.0017000000000000001 0.1451039878670056
14 9 0.002 0.12445668853858549
19 11 0.0023 0.14517847917163013
2 5 0.0015 0.12709787758349878
3 9 0.0013000000000000002 0.10382697124724127
6 10 0.0023 0.13144649429058392
4 10 0.002 0.14106463220126894
6 9 0.0019 0.12018520360350568
14 13 0.0015 0.13719700502585747
17 1 0.0012000000000000001 0.14496134889286785
