20
1 19 22
4 0 18 9 16 12 13 17 13
2 13 24 18 13
3 2 22 7 16 15 13
17 0 14 1 16 2 12 3 12 5 23 6 22 7 18 8 14 10 17 12 17 13 13 14 18 15 15 16 23 17 16 18 23 19 12
1 14 14
12 0 21 1 23 2 20 4 14 8 13 10 14 11 13 12 24 15 22 16 21 17 24 18 22
8 1 17 3 23 9 23 11 15 13 13 14 21 17 17 18 18
4 5 16 11 15 12 12 13 14
10 2 24 3 13 5 15 6 19 8 16 12 16 13 16 16 12 18 14 19 24
1 6 12
11 0 12 2 24 3 13 5 24 6 15 9 19 10 14 12 17 14 15 16 16 17 19
17 0 20 1 19 2 15 3 17 4 22 5 19 6 21 7 19 9 21 10 18 11 17 13 18 15 19 16 23 17 14 18 22 19 12
4 0 17 9 14 14 17 17 19
6 5 17 8 22 9 20 10 20 15 20 17 15
12 1 19 3 21 4 13 6 12 7 19 8 20 9 16 12 19 14 23 16 12 17 16 19 16
12 2 21 3 22 5 12 6 23 7 24 9 24 10 19 13 22 14 19 15 24 18 16 19 18
9 1 23 5 15 8 17 9 22 10 14 12 24 15 23 16 20 18 21
16 1 23 2 22 3 14 5 14 6 14 7 19 8 22 9 14 10 18 11 17 12 13 13 24 15 18 16 18 17 12 19 20
18 0 16 2 14 3 24 4 18 5 20 6 14 7 14 8 12 9 14 10 15 11 24 12 14 13 13 14 15 15 20 16 20 17 24 18 15
17
14 3 0.0012000000000000001
17 15 0.0012000000000000001
6 4 0.0023
18 5 0.0016
5 7 0.0022
6 15 0.002
10 6 0.0022
8 4 0.0023
10 5 0.0024000000000000002
16 18 0.0013000000000000002
10 15 0.0017000000000000001
19 7 0.0024000000000000002
13 12 0.0021000000000000003
18 9 0.002
19 1 0.0021000000000000003
13 9 0.0015
8 14 0.0014
17
7 10 0.0014 0.14596627829512218
7 3 0.0012000000000000001 0.13009444524357833
11 9 0.0017000000000000001 0.1428430333835363
7 4 0.0023 0.11210678134148586
2 6 0.0021000000000000003 0.11063248827306159
17 3 0.0012000000000000001 0.1033961062141938
10 7 0.0012000000000000001 0.14376128140408528
13 11 0.0012000000000000001 0.11479804631132394
7 13 0.0014 0.14548338299596625
3 9 0.0024000000000000002 0.14973468826472053
11 14 0.0014 0.10537314302657687
8 0 0.0015 0.11076535751985282
0 19 0.0012000000000000001 0.12676631415557144
18 2 0.0016 0.1254733773210217
1 14 0.0019 0.11175707457282967
5 14 0.0024000000000000002 0.11694029447289493
1 8 0.0019 0.12347512955623813
