20
16 1 15 3 14 4 24 5 19 7 22 8 18 9 18 10 20 11 23 12 20 13 22 15 21 16 18 17 15 18 24 19 19
15 0 18 2 14 3 12 4 20 5 20 7 17 8 21 9 24 10 13 11 24 13 17 14 20 16 23 18 19 19 20
12 0 23 1 20 4 13 5 19 7 12 8 16 10 21 13 21 14 13 15 17 16 15 17 13
7 2 13 4 21 5 17 6 23 11 18 16 15 19 22
14 0 19 1 13 6 20 7 19 8 14 10 23 11 13 12 13 13 16 14 16 15 18 17 19 18 19 19 16
11 0 22 3 12 4 24 7 15 10 21 11 19 12 18 14 15 15 14 17 14 19 13
16 0 14 1 19 2 12 3 21 4 16 5 13 7 23 8 20 9 20 10 23 12 12 13 19 15 24 17 16 18 22 19 23
6 3 23 5 19 10 15 12 19 15 23 17 13
5 5 17 9 20 15 20 18 21 19 20
6 1 20 4 16 5 16 10 20 16 12 17 23
14 0 12 1 12 3 13 4 14 5 16 6 23 9 17 13 12 14 18 15 21 16 24 17 15 18 12 19 13
4 2 12 7 20 13 17 17 21
7 0 15 3 22 10 20 11 19 15 15 17 16 18 12
12 0 15 3 12 4 24 6 20 7 12 11 19 14 17 15 23 16 18 17 19 18 15 19 18
4 1 20 2 17 12 20 15 23
1 9 17
8 3 12 4 20 7 12 8 24 15 23 17 18 18 18 19 22
13 0 15 1 17 2 24 3 22 4 13 6 12 9 14 13 17 14 16 15 20 16 19 18 13 19 22
3 0 22 4 24 6 18
10 1 15 2 17 3 18 4 13 10 14 13 17 14 22 15 14 16 21 18 14
17
8 13 0.0013000000000000002
16 15 0.0022
7 0 0.0015
1 5 0.0016
14 5 0.0023
9 15 0.0013000000000000002
16 13 0.0012000000000000001
15 3 0.0022
3 19 0.0018000000000000002
11 2 0.0023
6 12 0.0024000000000000002
10 8 0.0016
5 13 0.0014
13 8 0.0013000000000000002
10 17 0.0019
3 6 0.0015
1 9 0.0022
17
15 18 0.002 0.1487959530417442
3 10 0.0024000000000000002 0.11663534584649908
11 1 0.0014 0.11724938297399377
7 18 0.0023 0.14688051561542823
14 5 0.0012000000000000001 0.10024262320957139
10 5 0.0017000000000000001 0.11275153513448587
10 9 0.0023 0.10782954590448868
5 11 0.0013000000000000002 0.12495520748024648
15 5 0.0013000000000000002 0.12220459602730013
1 18 0.0024000000000000002 0.12052462932562256
11 3 0.0013000000000000002 0.14745792005569974
15 4 0.0024000000000000002 0.13596927444950546
19 10 0.0016 0.11616095130430037
15 9 0.0024000000000000002 0.12963379945170653
10 6 0.0022 0.10434130231631346
6 9 0.0014 0.14330838890907388
2 9 0.0016 0.14076971435708716
