20
9 1 24 2 12 5 13 10 20 11 13 12 21 14 22 16 21 18 20
12 2 24 3 12 4 18 6 12 7 19 8 19 9 19 10 18 13 16 15 17 18 12 19 20
17 0 23 1 24 3 17 4 20 5 21 6 12 7 24 8 19 9 18 11 15 13 20 14 20 15 23 16 24 17 19 18 23 19 23
14 0 14 1 24 2 18 4 18 5 23 6 19 7 20 9 15 10 21 11 15 13 16 17 19 18 20 19 24
13 0 19 1 21 6 17 7 22 8 12 9 16 10 15 11 15 12 21 14 16 16 16 17 19 19 14
14 0 24 4 23 7 19 8 15 9 13 10 22 11 17 12 22 13 19 14 15 16 24 17 18 18 14 19 17
15 1 23 2 21 3 19 4 19 5 12 7 15 9 14 10 19 11 24 12 23 14 17 16 16 17 20 18 13 19 15
5 3 22 4 23 8 12 12 23 13 20
12 1 19 2 23 4 19 5 19 6 21 7 13 10 24 11 18 16 14 17 13 18 18 19 22
8 0 16 2 15 6 14 8 13 11 14 13 20 17 14 18 21
17 0 20 1 22 2 19 4 19 5 23 6 15 7 17 8 12 9 14 11 22 12 21 13 14 15 15 16 19 17 24 18 14 19 13
15 0 13 2 21 3 22 4 12 5 14 6 15 7 13 8 18 9 14 12 14 13 14 14 13 16 24 17 15 19 19
5 0 24 2 21 6 12 13 21 15 12
5 0 22 4 22 7 14 15 24 17 24
14 1 21 2 22 3 24 4 16 5 22 6 18 7 23 8 22 9 16 12 22 15 12 16 21 17 14 19 22
8 3 21 4 19 7 21 9 20 10 12 13 14 14 14 19 21
3 5 22 6 22 19 21
7 4 24 5 23 7 14 11 15 12 14 13 12 16 16
8 2 14 6 21 7 20 9 22 12 18 13 17 15 12 16 12
12 0 19 1 19 2 12 4 19 7 24 9 14 10 24 12 19 13 13 14 18 15 21 18 23
17
7 19 0.0015
13 15 0.0022
9 3 0.0022
15 6 0.0019
14 5 0.0015
0 7 0.0014
9 2 0.0017000000000000001
14 13 0.0017000000000000001
5 2 0.0023
6 11 0.0015
19 1 0.0021000000000000003
16 0 0.0015
8 16 0.0024000000000000002
8 3 0.0017000000000000001
17 7 0.0016
2 18 0.0016
4 3 0.002
17
17 11 0.0017000000000000001 0.1204938968207371
15 18 0.0013000000000000002 0.1368171618437396
9 2 0.0015 0.14045594984531773
3 17 0.0014 0.1039811842964116
13 8 0.0017000000000000001 0.12446571303626883
5 2 0.002 0.1424069864372627
10 4 0.0017000000000000001 0.109665431104462
11 5 0.0021000000000000003 0.13820094266348276
11 18 0.0024000000000000002 0.14992334864968293
1 3 0.0016 0.1042318108910433
15 12 0.0012000000000000001 0.12662962510797784
11 13 0.0012000000000000001 0.14229870405108982
3 5 0.0015 0.11306163962523555
19 12 0.0022 0.13390884909836348
3 2 0.0021000000000000003 0.12068057199959335
4 15 0.0019 0.14582098662394669
11 10 0.0012000000000000001 0.10829894252739154
