20
10 2 15 3 24 5 19 6 16 7 14 10 12 11 18 13 14 16 22 18 24
3 7 13 16 12 17 17
16 1 20 4 12 5 19 6 15 7 22 8 13 9 20 10 13 11 22 12 14 13 12 14 19 15 17 17 21 18 15 19 20
16 1 16 2 17 5 12 6 22 7 14 8 23 9 17 10 23 11 22 12 18 13 23 14 14 15 23 17 14 18 15 19 16
12 3 19 5 13 6 14 8 13 9 14 11 24 12 18 13 13 14 24 16 13 17 23 18 17
6 1 20 4 19 7 15 12 22 14 17 15 15
9 1 22 2 21 4 18 5 17 8 23 10 23 12 15 17 13 18 19
3 10 23 14 22 17 12
17 0 13 1 19 3 17 4 14 5 23 6 21 7 17 9 22 10 21 11 22 12 12 13 16 14 24 15 24 16 15 17 22 18 15
11 2 19 7 24 8 12 10 22 11 23 13 16 14 24 15 15 16 15 18 22 19 20
6 1 17 8 21 9 13 12 14 16 20 18 12
9 0 13 1 12 6 15 7 12 8 12 12 15 14 22 17 16 19 21
4 3 16 9 14 17 23 18 15
16 0 17 1 12 2 12 3 13 4 24 5 21 6 17 7 18 8 14 11 20 14 16 15 22 16 24 17 21 18 12 19 12
9 1 16 2 18 3 16 6 22 10 18 12 19 16 12 17 21 19 17
4 3 16 8 23 16 19 17 19
5 1 21 11 24 12 18 15 23 18 24
16 0 16 2 13 3 19 4 16 5 20 6 20 8 13 10 18 11 13 12 20 13 17 14 18 15 14 16 14 18 15 19 12
7 2 23 5 20 6 18 9 21 12 14 16 19 19 12
16 0 12 1 24 2 24 3 21 4 23 5 16 8 18 9 14 10 17 11 22 12 24 13 17 14 20 16 15 17 22 18 21
17
3 18 0.0012000000000000001
14 18 0.0023
8 6 0.0018000000000000002
15 14 0.0024000000000000002
13 5 0.0021000000000000003
11 15 0.0024000000000000002
8 7 0.0023
2 3 0.0021000000000000003
1 2 0.0024000000000000002
1 10 0.0013000000000000002
12 14 0.0013000000000000002
5 8 0.0023
18 10 0.0021000000000000003
18 3 0.0012000000000000001
14 5 0.0019
0 9 0.0018000000000000002
15 9 0.0015
17
2 14 0.0023 0.13991955375699527
18 1 0.0022 0.1112846751992163
13 10 0.0015 0.1115201367712544
19 16 0.002 0.12494758103647136
5 13 0.0012000000000000001 0.12305237249172743
13 12 0.0018000000000000002 0.10486494836727003
2 9 0.0024000000000000002 0.12625021852336354
15 10 0.0019 0.12534231915885624
13 7 0.0016 0.10881527369797662
3 7 0.0023 0.12454100240867519
14 6 0.0016 0.10419649043256722
0 2 0.0014 0.12117503903459333
10 11 0.0019 0.12555024009191385
18 2 0.0013000000000000002 0.12365324927625772
6 11 0.0013000000000000002 0.11673244155830825
2 17 0.0013000000000000002 0.1386542538536344
3 12 0.002 0.1439557305518619
