20
13 1 21 2 23 3 15 4 12 5 15 6 16 9 13 10 14 11 20 12 14 13 12 15 20 16 18
15 0 15 3 13 4 17 6 14 8 21 9 12 10 16 11 18 12 20 13 16 14 14 16 22 17 22 18 21 19 20
1 16 16
12 1 17 5 24 6 21 7 19 10 14 11 14 12 16 13 21 14 13 15 21 17 23 18 21
16 0 20 1 21 2 23 3 14 5 14 6 12 7 18 8 19 10 16 11 24 12 18 13 20 15 16 16 17 17 20 19 16
14 1 15 3 22 4 15 6 16 7 13 8 16 9 22 10 20 12 12 13 13 14 14 15 17 18 17 19 16
9 1 14 2 14 3 24 4 16 8 24 12 12 13 16 15 21 16 23
7 8 12 10 20 15 17 16 24 17 20 18 24 19 23
16 0 24 1 18 2 15 3 24 4 18 7 24 9 19 10 22 11 14 12 12 13 19 14 12 16 12 17 12 18 18 19 23
18 0 20 1 20 2 24 4 19 5 22 6 14 7 14 8 13 10 24 11 20 12 14 13 21 14 16 15 20 16 12 17 15 18 20 19 13
16 0 17 1 16 3 19 4 23 5 19 6 17 7 19 8 24 9 12 12 18 14 24 15 21 16 15 17 24 18 14 19 17
5 1 13 9 21 10 23 15 22 16 12
15 0 12 1 23 2 23 3 22 6 17 7 15 8 14 9 12 11 13 14 13 15 15 16 16 17 12 18 12 19 17
5 5 24 7 16 10 19 11 18 18 14
8 0 12 2 12 4 17 6 22 9 16 10 22 17 19 18 12
10 0 17 3 12 6 22 8 21 10 18 14 16 16 20 17 12 18 24 19 21
18 0 12 1 23 2 22 4 22 5 17 6 13 7 14 8 21 9 19 10 22 11 24 12 15 13 23 14 22 15 17 17 22 18 21 19 24
6 1 17 4 24 7 14 8 23 11 13 13 20
1 19 14
7 7 20 9 15 12 12 13 13 15 12 16 15 18 16
17
4 9 0.0012000000000000001
15 14 0.0022
15 4 0.0024000000000000002
2 5 0.0016
3 2 0.0019
6 5 0.0014
8 12 0.0022
13 17 0.0021000000000000003
15 7 0.0014
10 16 0.002
1 10 0.0014
13 14 0.0013000000000000002
16 2 0.0014
11 19 0.0014
19 3 0.0021000000000000003
18 12 0.0018000000000000002
14 11 0.0015
17
14 19 0.0012000000000000001 0.1499834083116105
0 7 0.0014 0.1290635892120203
14 18 0.0016 0.12040634173264689
19 8 0.0014 0.10200382542298
3 13 0.0013000000000000002 0.13488274518796192
19 5 0.0022 0.11877160832101721
8 1 0.0022 0.11647303602705653
10 7 0.0017000000000000001 0.14058974006688077
8 16 0.0016 0.13828817717156888
1 7 0.0014 0.14431281154596326
13 5 0.0015 0.13962392465100318
3 17 0.0012000000000000001 0.1283587738267024
15 7 0.002 0.1352971267884775
11 4 0.0018000000000000002 0.1434727092976998
0 10 0.0013000000000000002 0.1216284840809763
0 14 0.0017000000000000001 0.14632188941503657
17 7 0.0019 0.14677703360080951
