20
5 4 12 5 12 8 16 14 16 16 17
3 11 13 14 24 16 17
12 0 20 1 19 3 17 5 19 6 18 7 15 8 18 10 19 12 21 16 20 17 12 19 24
7 0 15 9 22 11 14 12 21 15 15 16 24 19 18
8 0 15 1 13 9 22 11 18 13 14 16 22 18 21 19 19
16 1 17 2 21 4 13 6 17 7 21 9 24 10 23 11 18 12 18 13 17 14 23 15 17 16 14 17 13 18 14 19 14
2 7 14 18 14
6 0 17 1 20 6 15 8 16 9 14 18 12
8 1 22 2 18 3 24 11 22 13 13 15 16 16 20 18 15
17 1 21 2 20 3 18 4 21 5 14 7 16 8 14 10 21 11 12 12 16 13 23 14 20 15 20 16 19 17 24 18 23 19 20
9 3 13 4 15 7 24 9 13 11 24 12 21 13 15 16 21 18 18
1 19 19
15 0 18 1 21 2 15 3 16 6 15 7 23 8 20 9 12 11 14 13 14 14 13 15 20 17 19 18 21 19 20
9 0 16 1 20 3 21 5 12 9 14 10 24 12 18 15 13 18 17
15 0 13 1 19 2 13 3 17 4 22 6 22 7 14 9 24 10 14 11 17 12 22 13 23 16 23 18 21 19 18
18 0 22 1 14 2 17 3 17 4 21 5 12 6 18 7 21 9 18 10 24 11 24 12 15 13 19 14 20 16 24 17 14 18 23 19 15
3 10 23 13 21 17 21
17 0 13 1 18 2 21 3 20 4 16 5 14 6 15 7 19 9 16 10 19 11 23 12 18 13 23 14 18 16 24 18 19 19 12
15 0 12 1 20 2 14 4 21 5 22 6 24 7 21 9 22 10 19 12 12 13 17 14 16 15 20 16 24 19 13
5 4 14 8 12 13 16 16 17 18 14
17
6 17 0.0016
10 19 0.0013000000000000002
3 6 0.0024000000000000002
5 2 0.002
6 2 0.0013000000000000002
1 18 0.0016
16 14 0.0012000000000000001
6 1 0.0021000000000000003
8 16 0.0023
19 15 0.0023
10 12 0.0017000000000000001
17 16 0.0016
3 9 0.0024000000000000002
12 14 0.0019
2 3 0.0022
15 8 0.0014
18 11 0.0014
17
14 8 0.0019 0.12925564830204087
17 4 0.0019 0.12426551179367555
7 10 0.0015 0.10407617813422422
4 5 0.0018000000000000002 0.12467853416362289
10 2 0.0017000000000000001 0.14005950041293852
1 0 0.0023 0.11186535591671723
19 6 0.0024000000000000002 0.13361024712813427
13 10 0.0019 0.10425655184465644
0 17 0.0012000000000000001 0.12253632949150495
13 14 0.0015 0.14438438318011915
16 11 0.0016 0.12731951625621016
4 12 0.0016 0.11710917297188347
9 5 0.0016 0.13410559717132392
18 13 0.0023 0.12116664801099593
16 1 0.0016 0.13686488534287256
12 17 0.0018000000000000002 0.11793589342322858
10 3 0.0021000000000000003 0.12946297127488415
