20
9 2 17 3 18 4 21 10 12 11 22 12 15 13 17 14 21 19 22
10 2 20 5 20 7 12 8 24 10 17 11 13 13 21 15 21 16 21 19 14
18 0 24 1 20 3 20 4 12 5 19 6 21 7 19 8 22 9 13 10 15 11 14 12 22 13 12 14 13 15 12 16 12 18 15 19 24
10 1 22 4 22 5 21 6 19 7 13 8 14 11 22 12 16 18 12 19 24
3 9 24 14 17 18 13
9 0 16 1 20 3 19 7 16 8 12 9 18 10 18 15 24 16 23
17 0 21 2 22 4 18 5 23 7 13 8 16 9 23 10 18 11 22 12 13 13 13 14 24 15 13 16 12 17 23 18 24 19 19
1 15 24
14 1 20 2 20 3 18 4 19 6 13 7 20 9 24 11 17 12 13 13 14 15 17 17 15 18 16 19 24
4 8 17 12 15 17 16 18 23
14 0 23 1 22 2 18 3 22 7 19 8 22 9 16 12 13 13 24 14 20 15 13 16 13 17 13 19 23
12 0 19 2 14 4 24 7 22 8 15 9 18 10 21 13 12 14 23 17 20 18 13 19 21
8 1 20 3 13 6 21 10 17 15 17 16 16 18 15 19 17
5 1 22 3 20 8 20 17 15 19 23
17 0 15 1 13 2 22 3 16 4 15 5 22 6 18 8 20 9 24 10 19 12 23 13 15 15 19 16 13 17 22 18 17 19 23
4 3 13 5 20 7 14 8 21
3 8 12 9 23 11 20
12 0 19 1 23 2 14 3 22 4 18 6 19 7 14 8 17 11 22 13 14 15 24 19 13
9 1 19 2 14 3 18 4 15 6 19 12 24 13 14 14 24 17 18
4 7 22 10 21 11 14 12 22
17
15 6 0.0021000000000000003
7 1 0.0012000000000000001
16 15 0.0013000000000000002
17 14 0.0022
4 6 0.0021000000000000003
9 15 0.0012000000000000001
1 13 0.002
3 10 0.0021000000000000003
5 2 0.0015
13 9 0.0012000000000000001
16 14 0.0022
0 5 0.0023
3 1 0.0015
11 10 0.0021000000000000003
10 7 0.0018000000000000002
11 18 0.0022
16 11 0.0014
17
14 2 0.0019 0.10979504556427053
8 13 0.0024000000000000002 0.11876011426022103
2 5 0.0012000000000000001 0.1426707392771039
2 5 0.002 0.14191866895726232
16 18 0.0017000000000000001 0.13614390948891783
19 7 0.0021000000000000003 0.1071036351837914
9 7 0.0022 0.13263856784795727
8 9 0.0024000000000000002 0.10611614524776808
10 7 0.0018000000000000002 0.1445050579646712
4 6 0.0018000000000000002 0.13004241601955266
11 15 0.0013000000000000002 0.10685836956273756
10 5 0.0024000000000000002 0.12434783913473213
3 5 0.0014 0.10184815439904149
5 18 0.0018000000000000002 0.12466264810464979
9 3 0.0018000000000000002 0.12069547273108082
9 7 0.0017000000000000001 0.12106245111250583
1 4 0.0019 0.10093779851602994
