20
18 1 13 3 24 4 21 5 19 6 22 7 17 8 17 9 21 10 24 11 21 12 23 13 19 14 24 15 15 16 23 17 13 18 21 19 14
2 6 13 13 13
1 12 15
9 1 17 2 19 6 16 8 20 9 13 13 17 14 14 15 20 19 14
7 7 20 8 23 9 23 12 21 15 20 16 15 18 15
1 14 16
7 2 19 8 13 10 12 11 21 15 22 16 24 19 23
5 0 16 3 12 11 13 15 14 18 23
3 6 21 12 18 15 13
11 0 13 2 24 3 21 6 22 11 24 12 24 13 19 15 13 17 18 18 14 19 15
3 2 21 7 13 15 17
13 0 22 2 13 3 14 4 21 5 17 6 14 8 15 9 23 10 19 12 14 14 16 17 23 19 12
10 0 14 1 20 2 18 5 19 7 23 9 21 11 14 16 14 17 14 19 13
5 6 14 8 17 12 15 16 23 18 19
10 0 15 2 21 4 21 5 21 6 19 7 19 8 21 11 24 13 12 17 13
2 0 17 10 15
2 4 21 15 19
18 1 17 2 13 3 14 4 17 5 20 6 18 7 21 8 19 9 20 10 24 11 23 12 16 13 14 14 14 15 14 16 20 18 23 19 23
16 0 13 1 22 2 13 4 15 5 14 6 13 7 16 10 20 11 23 12 13 13 15 14 24 15 14 16 15 17 22 19 14
17 0 20 1 19 2 19 3 22 4 13 5 21 6 20 7 22 8 19 9 21 11 15 12 12 13 23 15 23 16 16 17 12 18 16
17
17 0 0.002
4 9 0.0014
7 17 0.002
13 15 0.0012000000000000001
2 1 0.0019
15 18 0.0023
15 16 0.0014
12 6 0.0022
1 7 0.0017000000000000001
17 8 0.0018000000000000002
4 13 0.0022
10 15 0.002
19 7 0.0012000000000000001
5 13 0.0022
9 13 0.0024000000000000002
5 8 0.0017000000000000001
17 3 0.0024000000000000002
17
6 17 0.0015 0.13039917822049885
0 13 0.0024000000000000002 0.10123769589012577
0 16 0.0019 0.12291755110650213
12 10 0.0018000000000000002 0.10680456383655054
1 5 0.0022 0.1340794587755318
16 8 0.0022 0.14238036343640711
2 11 0.0021000000000000003 0.131648963018483
17 18 0.0015 0.10500529116681714
17 5 0.0023 0.1455134851639771
10 13 0.0023 0.13479721045611734
4 8 0.0014 0.12414980542550627
13 11 0.0012000000000000001 0.11253208972352237
0 4 0.002 0.11341957531651377
18 16 0.0017000000000000001 0.1454463705435
19 17 0.0013000000000000002 0.11831857527491954
15 19 0.0019 0.12578870044594445
10 14 0.0013000000000000002 0.14416926043092493
