20
18 2 19 3 18 4 16 5 19 6 12 7 20 8 19 9 15 10 17 11 23 12 21 13 24 14 17 15 12 16 17 17 14 18 23 19 13
5 11 14 14 22 17 14 18 13 19 24
7 4 17 7 22 14 21 15 15 16 12 17 20 19 14
1 9 22
8 0 15 1 24 7 21 9 22 11 17 13 19 16 24 17 17
17 0 14 1 18 2 20 4 13 6 24 8 17 9 24 10 24 11 18 12 21 13 12 14 15 15 20 16 18 17 15 18 14 19 13
12 0 23 1 21 2 20 3 12 4 17 7 21 8 14 12 24 13 24 14 16 17 16 18 21
9 0 12 2 16 3 14 4 22 6 13 8 17 12 24 14 23 15 19
14 0 22 1 21 2 18 3 18 4 21 5 16 6 21 7 24 11 12 12 23 14 24 15 20 16 19 17 22
13 0 15 2 12 3 24 4 21 5 17 6 18 8 20 11 12 13 23 15 18 16 16 17 15 19 23
3 6 14 7 14 12 22
8 0 15 1 20 2 17 3 16 6 22 9 15 17 22 18 18
14 1 24 2 14 4 23 5 21 6 12 7 18 8 13 9 19 10 21 14 16 15 17 16 19 18 12 19 15
16 1 18 2 13 3 23 4 14 5 16 6 21 8 16 9 21 10 21 11 20 12 19 15 15 16 16 17 21 18 14 19 17
8 3 19 5 13 10 14 11 19 15 14 16 21 17 18 18 20
12 0 21 1 14 4 17 6 20 7 12 9 21 11 15 12 14 14 21 16 22 17 21 18 19
6 0 12 6 16 13 15 14 13 18 14 19 13
9 1 13 2 17 3 18 8 12 9 12 10 24 12 14 16 23 19 15
9 4 14 5 24 9 12 10 14 12 15 13 20 14 22 17 14 19 22
8 0 20 4 23 7 23 12 16 15 13 16 13 17 15 18 21
17
6 4 0.0021000000000000003
12 15 0.0017000000000000001
12 17 0.0022
12 16 0.0015
3 6 0.0016
4 16 0.0024000000000000002
11 15 0.0016
7 9 0.0022
13 4 0.0014
9 7 0.0024000000000000002
14 4 0.0022
4 15 0.0021000000000000003
19 15 0.0023
18 6 0.002
15 19 0.0017000000000000001
16 12 0.0014
16 9 0.0023
17
11 16 0.0014 0.12554571004047477
19 16 0.0014 0.14616110452508987
13 4 0.0016 0.14660248046229205
19 18 0.002 0.14448301373433575
17 18 0.0021000000000000003 0.14905383509587056
17 13 0.0018000000000000002 0.14828881194921023
1 16 0.0017000000000000001 0.1105967436788261
8 10 0.0018000000000000002 0.11281001332920089
2 18 0.0012000000000000001 0.11363023519999627
14 1 0.0012000000000000001 0.13743628707718492
4 17 0.0022 0.1464730257298772
5 15 0.002 0.1414469617855095
6 2 0.0022 0.12539026349680799
3 17 0.0017000000000000001 0.11211880427670746
16 2 0.0013000000000000002 0.13334242421938103
9 8 0.0019 0.1192879068996428
4 18 0.0016 0.11902992775057901
