20
3 3 20 12 14 15 24
14 0 21 2 20 3 20 5 16 6 22 8 13 9 21 11 23 12 12 14 14 16 14 17 14 18 24 19 19
5 3 20 6 17 9 15 11 13 12 12
6 0 15 5 13 8 21 9 12 11 17 19 15
4 0 18 1 15 3 19 11 16
16 0 24 1 20 2 18 4 13 6 20 8 17 9 23 11 18 12 19 13 19 14 19 15 20 16 22 17 21 18 14 19 21
1 2 15
3 9 12 13 13 19 19
14 0 19 1 22 2 22 3 22 4 14 5 15 6 16 9 18 11 20 13 12 15 17 16 23 17 20 18 19
10 0 13 1 17 2 23 6 15 8 15 12 16 15 22 16 15 18 23 19 20
14 0 22 1 13 3 22 4 17 5 17 7 17 8 22 12 23 14 14 15 24 16 17 17 16 18 15 19 12
3 1 16 5 21 18 14
15 0 22 1 15 2 15 3 19 4 20 5 14 6 18 7 17 8 22 9 18 10 14 11 20 14 14 17 15 18 19
10 1 21 2 22 5 18 7 24 8 19 11 24 14 15 16 21 18 14 19 17
1 18 21
6 1 23 4 22 12 12 13 23 14 16 19 19
5 0 14 4 14 6 16 7 17 11 18
8 2 21 4 17 5 18 7 21 9 18 10 22 11 23 15 19
10 2 21 3 16 5 20 8 22 10 21 12 20 14 20 16 18 17 20 19 18
7 2 20 3 21 7 15 8 17 13 14 16 18 18 15
17
2 4 0.0018000000000000002
2 0 0.0012000000000000001
16 11 0.0013000000000000002
2 10 0.0017000000000000001
18 2 0.0017000000000000001
2 4 0.0013000000000000002
19 4 0.0012000000000000001
16 14 0.0012000000000000001
0 8 0.0023
8 2 0.0017000000000000001
7 5 0.0016
4 18 0.0019
3 13 0.0012000000000000001
18 5 0.0016
13 12 0.0015
18 2 0.0013000000000000002
9 10 0.0012000000000000001
17
15 16 0.0022 0.12373793667734147
3 6 0.0024000000000000002 0.1378562277757944
18 3 0.0019 0.10964501210738238
2 9 0.0014 0.11885672458026839
4 17 0.0023 0.12068254447940253
17 11 0.0013000000000000002 0.11584391346245186
6 8 0.002 0.12372400585219337
16 2 0.0022 0.1349292339579334
18 6 0.002 0.10327154827926688
8 15 0.0021000000000000003 0.12727717692024568
7 17 0.0023 0.14031176097423376
6 11 0.0022 0.12794648680899637
0 4 0.0017000000000000001 0.11313138018320822
18 3 0.0015 0.13409503251677624
8 9 0.0018000000000000002 0.1306043751336786
10 2 0.0016 0.13756646612168916
6 19 0.0017000000000000001 0.11060759049499132
