20
18 1 12 3 13 4 13 5 17 6 19 7 21 8 22 9 18 10 19 11 15 12 21 13 12 14 15 15 24 16 20 17 12 18 17 19 12
4 2 18 11 24 14 12 16 16
18 0 24 1 21 3 22 4 19 6 20 7 20 8 24 9 14 10 19 11 14 12 13 13 19 14 17 15 22 16 16 17 15 18 19 19 14
7 2 19 5 13 13 12 14 23 15 23 16 12 18 18
13 0 19 1 16 2 17 3 23 5 13 7 13 9 14 10 19 11 24 15 12 17 17 18 22 19 21
5 9 24 13 13 15 15 16 21 17 24
2 5 15 15 22
4 3 23 4 19 11 13 13 23
10 1 12 2 19 3 14 5 14 9 12 10 18 12 13 14 18 15 24 19 22
16 1 14 2 15 3 24 4 24 5 16 6 24 7 18 8 17 10 17 12 24 13 20 14 14 15 15 16 23 18 23 19 12
11 0 16 1 16 3 24 5 21 6 23 7 18 8 22 11 22 12 19 18 21 19 21
13 0 23 3 20 4 14 5 16 6 21 7 20 10 17 12 21 13 20 14 22 15 21 16 20 17 24
9 1 12 2 15 4 21 5 14 7 13 9 19 10 19 17 14 18 12
3 6 19 16 12 17 16
6 0 23 1 17 16 19 17 22 18 12 19 20
14 0 20 1 15 2 20 3 13 4 22 6 22 8 15 9 22 10 20 13 15 14 23 16 16 18 22 19 12
15 0 14 1 15 2 21 3 21 4 13 5 17 6 19 7 19 10 16 12 12 14 17 15 19 17 15 18 22 19 24
13 0 15 1 22 5 15 7 21 8 16 9 15 10 16 12 20 13 12 14 22 15 19 16 22 18 13
12 0 14 3 19 4 23 6 17 7 15 9 16 11 21 13 17 14 23 15 20 16 24 19 19
3 1 12 11 24 16 17
17
8 13 0.0021000000000000003
13 14 0.0017000000000000001
18 0 0.0024000000000000002
13 2 0.0021000000000000003
15 18 0.0018000000000000002
17 4 0.0024000000000000002
0 12 0.0013000000000000002
8 14 0.0019
13 14 0.0019
9 13 0.0017000000000000001
8 13 0.0014
8 12 0.0012000000000000001
2 19 0.0021000000000000003
14 1 0.0024000000000000002
10 9 0.0017000000000000001
9 5 0.0023
18 10 0.0014
17
10 12 0.0015 0.114705911804917
8 1 0.002 0.13631067953868373
19 3 0.0012000000000000001 0.10319322178152997
13 0 0.0018000000000000002 0.1265783422762181
4 5 0.0019 0.1397147748608825
14 2 0.0012000000000000001 0.13647459192961064
7 18 0.002 0.11245662747520056
18 12 0.0021000000000000003 0.1164956336885764
6 11 0.0024000000000000002 0.10265544263012233
15 17 0.0016 0.14680017078397162
18 7 0.0021000000000000003 0.11840815010012656
17 15 0.0012000000000000001 0.13076370028955236
15 13 0.0013000000000000002 0.11159101707623079
10 9 0.0013000000000000002 0.10772748273591891
4 5 0.002 0.10153814311707467
13 6 0.0014 0.13347602025613062
18 0 0.0017000000000000001 0.10746004915401179
