20
4 8 15 13 14 14 21 15 12
5 9 12 11 24 12 23 13 18 18 17
12 1 18 3 21 9 19 10 13 11 19 12 15 14 24 15 20 16 12 17 14 18 12 19 22
7 4 19 8 23 10 13 16 18 17 20 18 17 19 20
13 0 17 1 13 3 18 5 23 7 20 8 20 9 24 10 13 11 24 13 16 15 18 17 14 18 15
4 2 24 3 12 14 21 15 13
6 3 17 5 14 8 24 11 21 12 16 16 13
6 1 19 10 12 11 18 12 19 15 16 19 16
17 0 15 1 24 2 22 3 21 4 13 5 14 7 14 9 24 10 16 11 16 12 24 13 17 14 17 15 21 16 21 17 18 19 22
9 0 15 3 15 4 19 10 21 12 21 13 15 14 15 15 13 19 14
15 1 20 2 17 3 21 4 23 6 12 7 23 8 12 9 17 11 24 12 14 13 20 14 15 15 13 16 15 17 20
7 3 22 9 19 12 18 13 19 15 12 17 18 19 16
5 3 14 5 18 6 17 15 16 18 12
14 0 23 1 16 2 23 3 14 5 13 6 22 7 24 8 23 11 20 12 20 14 17 15 16 18 15 19 13
12 1 24 2 17 3 23 4 21 5 18 7 16 9 18 10 13 11 16 12 20 16 22 18 14
6 1 14 2 15 6 12 7 20 16 22 17 21
13 0 14 1 24 3 23 4 24 5 13 7 12 8 18 10 18 11 18 12 22 13 22 15 13 18 21
16 0 16 1 23 2 18 4 15 5 16 6 14 7 14 8 15 9 13 10 15 11 14 14 12 15 12 16 13 18 13 19 15
8 1 23 3 15 6 15 7 23 8 21 12 17 14 16 17 23
10 1 23 2 14 3 22 4 19 7 14 9 16 10 24 12 23 13 23 18 19
17
10 14 0.0019
15 14 0.0012000000000000001
0 19 0.0023
15 9 0.0022
9 17 0.0015
1 3 0.0017000000000000001
13 4 0.0017000000000000001
19 17 0.0017000000000000001
11 7 0.0015
13 4 0.0018000000000000002
6 5 0.0016
6 14 0.0014
19 18 0.0014
1 10 0.0015
19 2 0.0015
9 19 0.0012000000000000001
19 7 0.0019
17
10 16 0.0017000000000000001 0.12620267948497957
19 11 0.0018000000000000002 0.12105366429294488
12 11 0.0023 0.10894223495856063
14 10 0.0017000000000000001 0.1277890031620117
8 16 0.002 0.13906198616832333
10 11 0.0012000000000000001 0.10614857394762477
10 16 0.0024000000000000002 0.1453251809168745
18 3 0.0018000000000000002 0.13701715378797685
12 19 0.0024000000000000002 0.11117788749610823
8 7 0.0014 0.1190125362110931
9 4 0.0022 0.12987589250422812
9 18 0.0016 0.13470463503348146
4 10 0.0021000000000000003 0.1262559809363451
6 3 0.0018000000000000002 0.1391544970138837
9 5 0.0022 0.1148663431294313
6 14 0.002 0.14287731997527586
2 13 0.0014 0.10732660084004605
