20
7 6 22 8 16 11 18 12 16 14 21 15 16 17 17
8 2 20 4 12 9 14 11 13 12 23 13 23 15 20 18 23
12 1 17 3 18 4 15 7 21 8 15 9 19 10 17 14 22 15 19 17 20 18 24 19 23
3 2 23 15 13 19 23
2 0 16 10 16
12 0 16 2 18 6 19 8 14 10 14 11 23 12 14 13 20 15 12 16 20 17 12 18 13
12 0 15 1 13 2 17 5 14 8 22 9 16 10 14 12 17 13 17 17 16 18 16 19 24
9 1 21 4 16 5 12 8 17 9 18 13 20 15 22 17 18 18 13
15 0 24 1 12 2 14 5 12 6 16 7 15 9 17 10 13 11 20 12 20 13 24 14 17 15 22 17 15 19 17
5 7 20 8 13 14 17 17 21 19 18
9 0 14 1 22 3 14 4 16 7 12 9 19 14 14 15 14 19 15
5 5 22 6 21 10 22 12 16 16 18
10 0 24 1 12 2 22 3 16 8 23 11 12 13 19 16 12 18 22 19 16
5 0 24 1 20 9 22 17 13 19 22
17 0 23 2 14 3 16 4 15 5 13 6 21 7 24 8 17 9 21 10 21 11 17 12 18 13 22 16 19 17 17 18 14 19 21
2 8 17 9 16
9 1 18 2 21 5 13 8 17 13 23 14 21 15 21 17 14 19 24
16 0 13 1 18 2 22 3 16 4 22 5 17 6 17 7 20 8 23 9 19 10 19 11 24 12 20 13 19 16 23 19 12
14 0 15 1 20 2 17 3 19 5 12 6 12 7 20 8 13 10 19 11 20 13 14 14 16 16 24 19 16
2 14 20 18 12
17
10 17 0.0023
14 13 0.0022
13 18 0.0022
17 8 0.0021000000000000003
17 6 0.0023
4 5 0.002
11 8 0.0017000000000000001
19 8 0.0016
9 8 0.0017000000000000001
9 19 0.0017000000000000001
12 5 0.002
15 11 0.0012000000000000001
18 5 0.0019
5 17 0.0023
10 3 0.0021000000000000003
13 8 0.0018000000000000002
16 14 0.0013000000000000002
17
18 17 0.0022 0.14951178452454733
15 7 0.0014 0.14942282412507413
17 0 0.0012000000000000001 0.10313490986256407
16 17 0.0012000000000000001 0.10277612849164434
14 15 0.0018000000000000002 0.14976282472958558
7 6 0.0012000000000000001 0.1350928204857203
12 1 0.0012000000000000001 0.11117218120804713
8 10 0.0017000000000000001 0.1356954700162101
15 8 0.0012000000000000001 0.14313410793238693
8 1 0.0024000000000000002 0.11011083249996204
4 0 0.0012000000000000001 0.10906893511791829
17 2 0.0017000000000000001 0.11523132038108906
1 10 0.0018000000000000002 0.10654319422703808
8 12 0.0023 0.14037926000114814
10 2 0.0023 0.12076304561403252
15 4 0.0018000000000000002 0.13110321590680546
5 6 0.0016 0.10176295983028744
