20
6 3 19 7 18 8 16 12 22 15 15 17 12
18 0 13 2 19 3 22 4 21 5 20 6 17 7 14 8 23 9 18 11 15 12 17 13 21 14 14 15 21 16 13 17 23 18 14 19 13
9 1 17 3 20 4 22 6 20 10 21 12 21 13 23 15 23 18 12
16 0 17 1 23 2 17 4 16 5 18 6 14 7 20 9 15 11 18 12 23 13 22 14 23 15 23 16 23 18 23 19 18
16 0 21 1 15 2 15 5 21 6 18 7 23 8 20 9 14 10 18 12 13 13 17 14 13 16 21 17 19 18 21 19 20
11 0 15 2 21 3 13 4 17 6 14 7 17 8 15 13 24 16 17 17 22 19 24
18 0 24 1 16 2 23 3 13 4 17 5 13 7 14 8 16 9 13 10 24 11 22 12 20 13 15 15 24 16 23 17 24 18 17 19 16
11 1 14 2 22 8 19 9 21 10 19 11 19 12 17 13 16 14 22 15 15 17 16
10 2 22 7 22 9 20 11 12 12 22 13 15 15 12 17 24 18 24 19 20
2 14 12 17 22
16 1 22 2 24 3 17 4 18 5 12 7 22 8 22 9 15 12 22 13 15 14 20 15 13 16 24 17 14 18 21 19 15
13 0 24 1 17 2 19 4 12 5 21 6 19 7 16 8 13 9 18 10 17 13 14 16 23 19 17
13 0 12 1 13 3 22 4 15 5 22 7 18 10 21 13 19 15 14 16 22 17 21 18 24 19 21
9 0 22 1 20 4 18 7 20 8 22 10 18 11 16 16 15 17 22
8 1 23 2 21 6 23 7 15 8 13 13 17 17 18 18 18
8 0 18 2 23 3 20 4 13 5 18 12 15 14 22 18 22
1 6 21
13 1 18 2 23 3 15 4 24 5 16 9 20 10 16 11 23 12 12 13 14 14 20 16 12 18 12
18 0 12 1 12 2 18 3 13 4 20 5 16 6 12 7 14 8 24 9 13 11 16 12 17 13 23 14 17 15 15 16 23 17 20 19 21
5 5 16 7 21 9 22 10 18 11 21
17
16 7 0.0024000000000000002
18 3 0.0022
6 16 0.0023
1 14 0.002
3 5 0.0015
11 17 0.0018000000000000002
14 18 0.0019
8 0 0.0012000000000000001
14 8 0.0024000000000000002
9 17 0.0024000000000000002
12 8 0.0013000000000000002
3 8 0.0024000000000000002
18 6 0.0016
17 9 0.0018000000000000002
16 3 0.0013000000000000002
14 1 0.0016
4 19 0.0024000000000000002
17
10 18 0.0016 0.1031085983992146
18 17 0.0012000000000000001 0.14733537548671444
2 3 0.0015 0.13856827196663946
7 13 0.0016 0.14454428694333477
18 12 0.0013000000000000002 0.10566319745339216
10 13 0.0018000000000000002 0.1397982091222103
9 17 0.0013000000000000002 0.14868038442511278
13 12 0.0022 0.1288712438507902
0 12 0.0022 0.13009020586180425
18 10 0.0018000000000000002 0.1441495961968227
7 10 0.0023 0.11557206469632088
6 15 0.0014 0.13916532327293263
16 18 0.0015 0.11597643342437366
11 17 0.0021000000000000003 0.1406160124460368
0 13 0.0013000000000000002 0.10857063940101547
5 9 0.0017000000000000001 0.12187511062048688
3 15 0.0013000000000000002 0.10419563567890001
