20
5 4 13 9 14 11 24 15 16 19 16
14 2 22 3 12 4 17 5 18 6 17 7 17 8 22 9 19 11 23 14 23 15 20 16 21 17 17 18 14
1 5 16
17 0 15 1 15 2 15 4 22 5 16 6 14 7 24 8 19 9 12 11 24 12 23 13 19 14 13 15 14 16 15 18 24 19 13
3 6 14 14 19 16 20
14 1 21 2 15 3 17 4 17 7 21 8 20 9 12 11 12 12 21 13 13 15 24 16 12 18 14 19 23
16 0 22 1 17 2 13 3 20 4 18 5 23 7 17 9 20 10 21 11 21 12 15 13 18 16 19 17 14 18 24 19 21
5 2 14 5 19 8 21 14 16 18 19
2 13 21 19 12
13 1 23 3 21 4 21 5 13 7 23 8 19 11 16 14 14 15 14 16 24 17 23 18 24 19 17
5 3 16 7 14 8 14 9 17 17 14
6 5 21 10 21 13 16 16 13 17 16 19 24
10 0 14 1 17 2 18 5 14 6 18 8 14 9 17 13 15 16 21 17 21
17 0 21 2 14 3 15 4 24 5 22 6 20 7 17 8 19 9 23 10 23 11 19 12 18 14 18 15 21 16 15 18 24 19 17
11 0 21 1 15 3 24 4 13 5 13 6 16 9 19 10 19 12 18 15 16 17 17
5 6 20 9 23 11 22 14 23 17 22
16 0 14 1 12 2 20 3 24 4 16 6 16 7 22 8 22 9 22 10 20 11 20 12 15 13 16 14 19 18 18 19 18
16 0 15 1 18 2 24 3 13 4 22 5 16 6 21 7 23 8 18 9 18 10 15 11 24 12 14 14 18 15 22 19 20
4 2 24 9 19 15 15 17 24
7 1 19 2 13 4 16 8 19 13 17 14 21 16 14
17
7 14 0.0018000000000000002
17 8 0.0012000000000000001
11 12 0.0024000000000000002
13 7 0.0022
3 10 0.0017000000000000001
16 19 0.0014
12 13 0.0013000000000000002
13 2 0.0012000000000000001
12 3 0.0017000000000000001
0 15 0.0021000000000000003
10 7 0.0024000000000000002
2 13 0.0024000000000000002
18 10 0.0016
17 1 0.0015
1 13 0.0014
18 11 0.0016
0 5 0.0023
17
5 12 0.0022 0.11515255692084322
2 4 0.0013000000000000002 0.11717898086598003
5 16 0.002 0.13584417134314927
7 8 0.0021000000000000003 0.135517378849612
13 2 0.0019 0.14322406279324143
4 0 0.0022 0.14182319041217611
11 4 0.0013000000000000002 0.1005976316470386
6 19 0.0018000000000000002 0.12354663186049125
6 12 0.0015 0.1439957334983562
9 16 0.0024000000000000002 0.10889534133553244
5 11 0.0021000000000000003 0.14717001051869164
5 7 0.0016 0.11607285963512173
6 11 0.0014 0.13169106274138292
15 1 0.0012000000000000001 0.14127080759053448
14 15 0.0013000000000000002 0.11799317832436333
19 10 0.0017000000000000001 0.12229796542859286
0 4 0.0016 0.14684561951422995
