20
1 18 20
16 0 12 2 22 3 16 4 21 5 17 6 19 8 24 9 13 11 21 12 13 13 12 14 12 16 18 17 21 18 12 19 22
14 0 16 1 18 5 18 6 17 7 21 8 12 9 14 10 15 11 24 13 22 14 21 16 14 17 21 18 23
1 5 18
8 0 12 1 16 11 18 13 15 15 20 16 15 18 18 19 20
11 4 16 6 24 7 18 8 17 9 20 10 24 11 23 12 20 15 20 17 20 18 16
1 8 16
10 0 21 1 23 2 23 4 16 8 20 9 23 10 23 14 19 17 23 18 17
4 7 23 9 24 17 17 19 12
18 0 15 1 17 2 14 3 21 4 15 5 24 6 16 7 23 8 12 10 17 11 22 12 12 13 13 15 17 16 12 17 12 18 18 19 23
1 11 23
5 1 23 2 16 5 23 6 21 17 19
13 0 18 1 20 2 15 3 24 6 16 7 23 8 14 13 24 14 15 15 20 16 17 17 21 19 19
15 0 21 1 12 2 16 3 20 4 20 7 13 8 17 11 17 12 14 14 24 15 20 16 22 17 24 18 17 19 23
17 0 22 1 18 3 17 4 21 5 22 6 23 7 14 9 17 10 12 11 15 12 22 13 12 15 20 16 13 17 23 18 14 19 18
16 0 18 1 18 2 16 4 19 5 19 7 17 8 14 9 16 10 15 11 19 13 18 14 24 16 12 17 21 18 15 19 18
15 0 18 1 21 3 24 4 24 5 21 6 18 7 17 8 24 10 13 11 14 12 23 13 22 15 22 18 21 19 21
17 0 24 2 24 4 21 5 21 6 21 7 17 8 24 9 23 10 16 11 16 12 14 13 21 14 19 15 15 16 21 18 15 19 15
12 2 24 3 14 4 18 5 19 7 24 8 17 9 12 10 13 11 15 12 15 13 24 16 20
17 0 24 1 14 2 13 3 16 4 22 5 14 6 23 7 24 9 16 10 24 11 16 12 21 14 19 15 17 16 21 17 13 18 18
17
0 6 0.002
2 12 0.0023
13 7 0.0019
14 18 0.0014
1 12 0.0013000000000000002
0 19 0.0014
6 9 0.0018000000000000002
8 2 0.0023
3 0 0.0021000000000000003
6 17 0.0014
16 2 0.0019
17 3 0.0022
11 5 0.0022
13 2 0.0013000000000000002
5 0 0.0014
2 14 0.0013000000000000002
9 6 0.0019
17
11 4 0.0019 0.11854454779642985
11 2 0.0015 0.13603591574728943
6 0 0.002 0.10192078634418456
17 4 0.0024000000000000002 0.1035348675347064
9 10 0.0012000000000000001 0.14185716967278822
14 15 0.0016 0.14252484188817185
2 15 0.0012000000000000001 0.11434380388268887
12 13 0.0014 0.10838341194683064
2 4 0.0023 0.132774907001882
19 13 0.002 0.14673848827388453
18 15 0.0013000000000000002 0.10546291787016239
10 14 0.0016 0.10201672871061279
10 19 0.0015 0.13358145105985214
9 16 0.0018000000000000002 0.11290756595376927
7 4 0.0019 0.1321750654853485
8 14 0.0017000000000000001 0.12032364786913233
7 9 0.0017000000000000001 0.11347586676836692
