20
3 9 16 12 13 17 15
5 0 21 2 22 10 16 11 17 19 19
4 3 24 4 17 5 21 14 16
9 6 13 8 12 9 21 10 15 12 15 14 17 16 22 17 24 18 19
15 0 17 2 18 5 16 6 18 7 14 8 12 9 15 10 22 11 20 12 18 13 20 14 23 15 14 17 22 19 15
2 0 21 8 13
2 0 19 14 12
11 0 21 3 13 5 16 6 18 9 20 12 21 13 21 14 22 15 17 16 19 18 19
13 0 21 2 19 5 12 6 15 9 17 11 20 12 16 13 21 14 12 15 12 16 22 18 16 19 15
13 2 22 3 19 4 24 5 17 7 12 8 20 11 22 12 21 14 21 15 13 17 19 18 17 19 19
15 0 12 1 12 2 13 3 19 4 22 5 14 6 18 8 14 11 19 12 22 14 18 15 20 16 24 17 22 18 12
5 3 18 5 18 12 18 13 18 16 24
8 0 12 3 22 5 24 7 16 10 12 13 12 15 15 16 22
9 0 15 2 21 3 16 4 13 7 19 10 12 12 12 15 15 17 17
8 2 13 4 16 5 17 7 20 8 23 15 20 17 21 19 21
13 0 14 1 15 2 13 3 20 5 13 6 19 9 13 10 20 11 19 12 16 13 13 14 24 16 14
10 0 12 2 15 3 18 4 16 7 16 10 23 12 12 15 14 18 24 19 12
3 3 17 13 19 15 14
17 0 13 1 14 3 24 4 18 5 22 6 23 7 22 8 21 9 12 10 23 11 19 12 21 14 18 15 24 16 17 17 13 19 16
11 1 15 4 13 5 16 6 23 7 22 9 15 12 18 13 14 15 20 16 15 17 13
6
2 3 0.002
15 19 0.0012000000000000001
12 14 0.0015
13 1 0.0013000000000000002
11 15 0.0014
9 8 0.0019
24
15 19 0.0014 0.14842332496782076
13 10 0.0023 0.12267322182140289
11 18 0.0018000000000000002 0.12710137140185296
17 4 0.0012000000000000001 0.1360896618247836
11 7 0.0023 0.11320991891618143
11 0 0.0017000000000000001 0.11433196197825198
8 11 0.0023 0.1428152258976304
14 5 0.0022 0.14678021546340758
15 19 0.0019 0.1411505234092736
1 12 0.0014 0.12071387120855237
1 13 0.002 0.1189775216143841
19 16 0.0024000000000000002 0.11925952441390406
9 10 0.0019 0.10468059261469004
12 8 0.0023 0.13926439621059908
12 0 0.0012000000000000001 0.10862668817622996
15 8 0.0022 0.10248254062004086
6 11 0.0013000000000000002 0.13809604586419588
18 2 0.0016 0.1359221198882923
5 3 0.002 0.14943789071959984
4 5 0.0024000000000000002 0.11571825397517294
8 5 0.0012000000000000001 0.13112096181856936
6 14 0.0013000000000000002 0.13851090841563002
10 12 0.0018000000000000002 0.13908809363090568
9 7 0.0023 0.11586426150507102
