20
18 1 16 2 17 3 24 4 23 5 23 6 19 8 18 9 16 10 13 11 15 12 20 13 14 14 22 15 17 16 17 17 20 18 12 19 18
8 3 15 5 24 6 16 7 12 10 22 12 12 13 13 19 14
10 0 18 1 22 4 21 5 15 6 20 8 21 9 17 12 22 14 17 18 20
6 4 13 8 20 9 23 12 15 14 15 15 23
12 1 17 2 17 6 24 9 16 11 13 12 15 13 13 15 12 16 23 17 22 18 24 19 16
12 1 13 3 12 6 24 7 21 8 21 9 13 10 18 12 18 13 15 14 19 15 15 16 14
6 7 23 8 22 10 20 11 22 18 23 19 21
16 0 22 1 24 2 21 3 21 5 18 6 15 8 22 9 24 10 21 12 15 14 15 15 23 16 18 17 15 18 23 19 22
14 0 15 1 23 3 19 6 24 7 17 9 22 10 19 11 22 12 24 14 16 15 23 17 24 18 23 19 21
7 6 23 10 21 15 21 16 13 17 23 18 16 19 21
10 0 20 1 20 6 18 7 19 13 21 14 24 15 22 16 20 18 14 19 13
3 12 12 14 13 17 13
13 0 18 1 24 2 14 4 21 6 20 8 16 9 12 10 17 14 23 15 22 16 14 18 12 19 23
2 9 21 12 21
7 1 22 5 14 7 17 9 17 10 16 12 13 18 15
3 4 16 6 21 10 21
5 1 16 8 12 11 24 18 13 19 20
10 2 22 5 22 6 15 8 24 11 20 12 15 15 15 16 16 18 13 19 22
3 8 13 10 12 17 12
17 1 22 2 18 3 15 4 14 5 24 6 19 7 24 8 20 9 20 11 15 12 19 13 15 14 22 15 16 16 23 17 23 18 19
6
12 2 0.0012000000000000001
8 10 0.0015
3 9 0.0023
10 0 0.0016
7 9 0.0021000000000000003
8 5 0.0021000000000000003
24
5 8 0.0012000000000000001 0.11652355404202354
5 18 0.0018000000000000002 0.11825106695516918
4 2 0.0023 0.11614322982982636
4 0 0.0022 0.13295652475139152
11 17 0.0021000000000000003 0.1438860637029597
2 1 0.0018000000000000002 0.13112054894031686
6 16 0.0014 0.14684931521878503
10 0 0.0017000000000000001 0.11398365028989135
6 14 0.002 0.12113061323496227
0 13 0.0014 0.14299244217320328
7 12 0.0017000000000000001 0.10982947332788041
17 11 0.0022 0.10228263649215684
18 2 0.002 0.1077562336082258
3 6 0.0014 0.12295676922760937
2 3 0.0015 0.12648355504673683
10 14 0.0023 0.11897525122455238
12 14 0.0016 0.1381324780116171
0 1 0.0019 0.11269156392391518
15 9 0.0024000000000000002 0.1320143460524888
3 14 0.0022 0.12989111770370618
4 10 0.0017000000000000001 0.12587350180618256
16 2 0.0018000000000000002 0.12218187128969014
2 15 0.0021000000000000003 0.12758127699144617
5 8 0.0024000000000000002 0.11880854663019871
