20
2 10 21 11 19
3 4 24 6 17 7 18
6 1 14 6 14 9 17 12 22 14 21 15 20
7 0 14 6 20 7 21 8 14 10 20 13 23 15 17
7 0 19 3 17 6 21 9 16 13 21 15 20 18 22
9 2 15 7 20 10 18 11 20 12 16 13 21 15 23 16 23 17 16
1 18 17
9 1 20 2 22 3 21 6 15 8 15 14 13 15 18 16 23 18 19
7 0 12 3 18 4 15 11 19 13 12 18 22 19 16
11 0 21 1 23 3 12 4 14 7 23 8 19 10 21 15 20 17 24 18 14 19 15
14 0 13 1 19 2 23 4 23 6 17 7 14 8 18 11 23 12 23 13 18 14 23 15 22 16 15 19 20
14 1 24 2 13 3 24 4 14 5 15 7 19 8 21 9 18 12 14 13 24 15 21 16 21 17 23 18 18
4 1 20 11 19 17 18 18 14
7 1 19 3 17 4 22 9 14 10 17 12 16 15 16
12 0 12 1 15 4 13 5 12 7 14 9 18 11 18 12 16 15 13 16 19 17 17 19 18
3 1 12 13 21 19 13
18 0 17 1 15 2 12 3 12 4 12 5 23 6 21 7 15 8 22 9 15 10 13 11 17 12 15 13 19 15 15 17 22 18 22 19 16
13 0 15 1 15 2 14 4 17 5 20 7 12 9 23 11 16 13 23 15 13 16 18 18 22 19 24
14 0 17 2 22 3 13 4 16 5 21 6 23 7 17 10 21 11 14 12 20 13 15 16 14 17 16 19 12
13 0 17 1 21 2 15 9 20 10 20 11 12 12 16 13 17 14 16 15 20 16 13 17 22 18 14
6
2 10 0.0023
17 14 0.0013000000000000002
19 2 0.0018000000000000002
11 4 0.002
9 7 0.0023
2 3 0.0012000000000000001
24
0 4 0.0017000000000000001 0.13307995258216712
10 9 0.0018000000000000002 0.1419818722514686
2 12 0.0014 0.1385014957052771
1 11 0.0015 0.10559654361808833
4 2 0.0014 0.12405501250458131
3 19 0.0022 0.12460054850782021
9 14 0.0015 0.12360706151775758
6 0 0.0021000000000000003 0.1368910683804642
1 3 0.0018000000000000002 0.13783716826240103
5 9 0.002 0.13957077896352715
4 3 0.0021000000000000003 0.11086436784802767
15 17 0.0019 0.11818050796495123
0 6 0.0023 0.14508703833864658
8 7 0.0023 0.12004509086626444
14 7 0.0015 0.1394729010602583
7 15 0.0012000000000000001 0.10106670172929424
14 1 0.0015 0.1481926793398214
8 3 0.0014 0.12032493277714407
8 17 0.0021000000000000003 0.1436325345120978
2 4 0.0024000000000000002 0.1276909694078104
12 19 0.0019 0.12672201778296963
9 18 0.0016 0.11159148812066225
13 1 0.0014 0.10665939951150526
14 15 0.0013000000000000002 0.1337259859116887
