20
2 3 16 7 16
1 19 14
15 0 15 1 20 3 17 4 24 6 18 7 21 8 18 10 24 11 16 13 19 14 17 15 17 16 12 17 15 19 15
5 0 23 7 16 8 17 16 21 18 20
18 0 18 1 17 2 15 3 12 5 21 7 17 8 17 9 12 10 17 11 19 12 20 13 20 14 17 15 17 16 19 17 24 18 21 19 12
15 1 24 2 14 3 12 4 20 6 23 7 23 10 17 11 13 12 23 13 24 15 16 16 18 17 17 18 18 19 20
3 1 15 5 24 19 21
12 0 12 1 17 2 14 4 24 6 18 8 22 9 14 10 19 12 24 13 16 14 20 16 20
2 6 24 14 14
9 0 13 4 20 5 17 8 15 10 21 14 13 15 21 18 22 19 23
5 1 17 3 20 4 21 9 12 17 19
2 13 21 17 15
7 2 21 3 20 5 19 6 24 7 16 14 12 16 21
15 2 18 4 12 5 17 6 17 7 21 8 12 9 16 10 19 11 16 12 20 14 14 15 15 16 24 17 16 18 12
13 0 20 1 18 2 17 3 19 4 18 5 18 6 18 8 24 10 21 11 22 12 18 15 19 17 15
14 1 19 3 24 4 20 5 20 8 15 9 23 10 24 11 22 12 12 13 19 16 12 17 20 18 22 19 14
11 0 24 3 18 5 15 7 13 10 13 11 15 13 24 14 16 17 16 18 12 19 13
12 1 19 2 12 6 23 7 23 8 12 9 24 10 14 11 15 12 16 13 18 16 14 18 23
7 0 19 1 21 5 19 8 15 11 22 12 14 13 21
10 0 20 1 24 2 24 8 15 9 20 10 15 11 15 13 22 14 14 17 13
6
16 2 0.0012000000000000001
3 19 0.0014
11 13 0.0022
19 13 0.0017000000000000001
11 18 0.0017000000000000001
3 7 0.0017000000000000001
24
4 9 0.0024000000000000002 0.1067531874042174
0 9 0.0014 0.10133311459597864
9 0 0.0018000000000000002 0.13602823869055944
0 10 0.0015 0.12381351934635922
19 1 0.0024000000000000002 0.13136552629740134
16 8 0.0012000000000000001 0.14617663504473333
1 18 0.0018000000000000002 0.10376976084952474
4 6 0.0018000000000000002 0.11815661232070725
4 0 0.0019 0.14044564124388972
9 18 0.0012000000000000001 0.12765650702546932
14 9 0.0024000000000000002 0.10397931005114541
7 14 0.0015 0.13215217339003274
10 19 0.0019 0.1361714184505057
11 7 0.0023 0.1015183696913936
14 9 0.0012000000000000001 0.125244090943364
6 12 0.0014 0.10155540886351493
3 5 0.0014 0.14708912544015781
3 15 0.0019 0.12219640004314085
10 5 0.0013000000000000002 0.111859225965894
13 19 0.0024000000000000002 0.11899262012913994
2 10 0.002 0.11710577344742493
15 14 0.0014 0.11661384340429742
16 17 0.0024000000000000002 0.11554883383052465
12 18 0.0014 0.12055988198741183
