20
13 2 21 3 15 4 20 5 24 6 22 7 24 9 23 12 16 14 14 15 22 16 19 18 12 19 20
18 0 21 2 21 3 18 4 18 5 19 6 15 7 12 8 21 9 20 10 19 11 18 12 17 13 22 14 12 15 17 17 13 18 14 19 20
2 1 24 13 23
9 2 16 6 13 7 18 8 21 12 17 14 14 15 24 16 16 18 24
17 0 18 1 12 2 23 3 20 5 19 6 15 7 17 8 16 9 24 10 24 11 14 12 13 15 17 16 16 17 14 18 17 19 15
15 0 13 1 24 2 12 3 18 4 15 6 16 7 20 8 23 11 19 12 18 13 20 15 17 16 14 17 24 19 21
6 0 19 2 17 5 22 11 18 12 23 17 13
6 3 20 5 17 8 18 9 20 11 22 15 16
4 5 23 9 18 16 12 18 13
7 2 20 3 12 5 14 6 13 7 14 14 19 17 16
6 0 20 2 14 3 14 7 19 13 17 19 15
10 1 16 4 12 5 16 6 18 7 24 13 16 16 15 17 21 18 13 19 14
2 3 12 18 23
6 5 24 7 24 10 19 12 21 14 12 19 13
8 0 24 2 23 3 23 5 14 9 17 16 13 17 18 19 19
6 0 22 3 13 4 19 6 22 17 23 19 13
3 2 21 3 22 19 21
5 3 18 4 13 10 18 12 23 19 22
10 2 14 3 22 4 20 6 19 9 14 11 12 12 17 14 18 17 15 19 23
15 0 18 1 22 2 12 3 23 4 24 5 18 6 20 9 16 11 12 12 24 14 14 15 24 16 17 17 23 18 24
6
19 1 0.0018000000000000002
5 7 0.0016
19 11 0.0014
4 3 0.0024000000000000002
17 13 0.0015
14 11 0.0018000000000000002
24
17 12 0.0014 0.10701695502840416
0 2 0.0024000000000000002 0.12387929837279116
5 9 0.0024000000000000002 0.11529126311312295
7 6 0.0012000000000000001 0.12415346042703575
6 14 0.0013000000000000002 0.14525659094297447
7 2 0.0018000000000000002 0.10763772227721477
19 2 0.0019 0.12683304801184944
15 14 0.0022 0.10233439011915456
8 2 0.0023 0.10887182090341202
9 13 0.0022 0.1324570010502531
0 19 0.0023 0.1370758197624273
14 6 0.0018000000000000002 0.13254739621601985
11 15 0.002 0.11927347914926403
14 2 0.0019 0.10929022955815344
14 16 0.0014 0.12493739633183508
15 2 0.0021000000000000003 0.14021293877396143
6 5 0.0014 0.12928627672025175
12 10 0.0015 0.14334998071606767
1 14 0.0018000000000000002 0.10651888210208682
15 16 0.0019 0.12481946023783524
1 16 0.0012000000000000001 0.13344527456760757
1 18 0.002 0.14322953279831202
11 5 0.0016 0.10188094719607918
6 16 0.0022 0.13614761505336115
