20
5 1 18 4 17 12 16 15 12 17 16
5 3 19 8 18 12 24 13 20 19 24
4 0 24 1 19 8 12 10 19
5 6 21 7 18 8 13 9 17 12 17
1 14 13
14 0 18 2 17 3 17 6 24 8 18 9 14 10 22 11 19 12 12 13 19 14 12 15 23 17 20 19 19
5 0 18 9 15 10 23 15 14 18 21
11 0 14 2 16 5 20 6 17 8 12 9 18 11 14 12 21 16 15 18 22 19 24
10 1 16 4 14 5 23 7 14 9 21 10 18 11 15 14 19 15 24 19 24
12 0 12 1 15 3 20 4 23 5 22 7 23 10 19 13 22 15 17 16 19 17 22 19 12
4 0 21 1 20 4 13 11 20
7 0 12 3 16 7 19 12 23 13 12 14 17 18 23
10 0 17 1 18 4 17 8 20 11 18 14 20 15 19 16 22 17 18 18 13
18 0 20 1 22 2 14 3 20 4 20 5 22 6 24 7 24 8 17 9 21 10 14 11 19 12 23 14 22 15 19 16 15 17 24 19 20
16 0 19 1 22 2 19 3 20 4 18 5 21 7 19 8 24 9 24 10 13 12 14 13 17 16 19 17 14 18 16 19 15
12 2 23 3 15 4 13 5 22 6 17 7 20 8 21 9 15 10 22 12 13 14 17 17 16
6 0 23 4 18 10 21 13 22 15 19 17 21
7 1 24 2 18 4 24 10 18 12 17 14 20 18 12
3 4 20 10 19 15 12
15 0 15 1 17 2 19 3 15 4 20 6 22 7 24 8 12 10 13 11 12 12 12 13 24 15 17 16 19 17 23
6
16 12 0.002
14 8 0.0012000000000000001
3 14 0.0015
16 2 0.0014
13 16 0.0023
12 14 0.0022
24
12 5 0.0016 0.11594706874551415
12 4 0.0018000000000000002 0.1272817485724953
13 0 0.0012000000000000001 0.105246456384038
10 17 0.0013000000000000002 0.13413089075820056
10 2 0.0023 0.11207108523145962
6 2 0.0012000000000000001 0.1318502116052504
5 4 0.0016 0.10610275345361542
2 8 0.0016 0.1014688062761701
3 6 0.0017000000000000001 0.13087326200645596
4 7 0.0019 0.141400479723686
2 4 0.0021000000000000003 0.13989352569290428
0 12 0.0017000000000000001 0.11968859665800985
19 1 0.002 0.1045798775488641
13 2 0.0012000000000000001 0.10775705966127377
15 0 0.0012000000000000001 0.11742782516391193
18 19 0.0022 0.10551306438428892
12 11 0.0024000000000000002 0.12764349549363327
12 3 0.0014 0.13501765466593044
10 9 0.0021000000000000003 0.1136392320125739
12 3 0.0017000000000000001 0.11293857629578807
13 16 0.0013000000000000002 0.14513744393461428
10 12 0.0024000000000000002 0.14925912531690363
3 8 0.002 0.14370365762230336
0 11 0.0013000000000000002 0.11666900674703759
