20
2 4 13 9 24
13 0 23 2 12 4 23 5 20 6 20 7 19 10 15 12 17 13 20 14 20 17 20 18 24 19 14
6 0 16 11 24 12 16 13 19 14 19 18 13
13 0 23 2 16 4 19 6 17 7 13 9 21 10 21 13 22 14 15 15 18 17 13 18 20 19 24
1 8 23
16 0 20 1 17 3 16 4 19 7 20 8 16 9 12 10 19 11 12 12 14 13 15 15 19 16 22 17 15 18 13 19 23
10 0 16 1 24 2 12 5 13 8 14 9 21 14 18 15 18 17 24 18 24
1 9 21
9 0 23 2 19 5 19 6 20 7 22 11 14 12 15 18 19 19 16
3 0 19 4 17 6 20
18 0 20 1 19 2 16 3 18 4 16 5 15 6 17 7 13 8 24 9 19 11 17 12 23 14 21 15 18 16 13 17 19 18 21 19 15
10 0 19 1 15 2 15 6 22 7 19 8 23 9 15 10 20 16 16 19 18
16 1 23 2 14 3 24 5 24 6 15 7 24 8 16 9 23 10 18 11 23 13 13 14 24 15 17 16 22 17 20 18 14
1 19 16
9 2 18 5 16 6 16 8 18 11 18 13 24 15 16 16 19 19 19
14 1 22 2 20 4 21 5 18 6 16 7 20 8 19 9 22 11 14 12 12 16 22 17 18 18 24 19 19
18 1 15 2 22 3 22 4 19 5 16 6 24 7 18 8 13 9 17 10 18 11 19 12 18 13 14 14 21 15 12 17 24 18 16 19 14
9 1 22 3 19 5 13 6 16 7 13 8 24 10 24 11 18 15 22
16 0 20 2 14 3 19 4 23 5 19 6 12 7 24 9 21 10 16 12 23 13 21 14 14 15 19 16 21 17 22 19 15
4 0 12 2 12 13 19 18 21
6
13 3 0.0021000000000000003
19 1 0.0017000000000000001
2 19 0.0022
7 8 0.0024000000000000002
3 1 0.0015
4 7 0.0017000000000000001
24
11 17 0.0013000000000000002 0.10311552680366921
17 6 0.0021000000000000003 0.13773550332261947
3 0 0.0016 0.10949303070620035
15 14 0.0023 0.11257787597956306
1 4 0.0015 0.13227253288320248
19 11 0.0013000000000000002 0.10769377602583216
8 14 0.0023 0.10928030405241045
7 16 0.0015 0.1294850110421917
19 8 0.0018000000000000002 0.14707894885143707
3 2 0.0018000000000000002 0.13207972788055206
1 5 0.0017000000000000001 0.10337355120464616
7 4 0.0016 0.14417153372303165
1 14 0.0022 0.13759192733644174
10 7 0.0017000000000000001 0.1336335096311094
3 2 0.0021000000000000003 0.14667021659212076
6 5 0.0021000000000000003 0.14657417445539395
0 5 0.0017000000000000001 0.1251440438012318
13 18 0.0015 0.10845639058877929
14 4 0.0024000000000000002 0.1074332665609931
17 9 0.0014 0.11588529740989083
6 16 0.0021000000000000003 0.11597543193434805
13 5 0.0021000000000000003 0.11980178688133439
16 13 0.0021000000000000003 0.10246783509280752
2 1 0.0021000000000000003 0.14789051784739843
