20
5 2 15 5 19 8 17 11 24 14 22
6 0 21 2 18 5 24 8 12 14 14 19 18
1 14 24
10 4 21 5 20 6 22 7 22 8 13 9 23 11 18 14 13 15 15 18 22
4 9 19 12 20 15 16 19 23
9 0 22 4 13 6 23 8 15 9 21 13 19 14 18 18 16 19 14
3 3 18 4 18 5 13
9 2 24 4 23 6 20 9 22 10 23 11 23 15 19 16 24 17 18
2 1 16 13 17
12 0 13 1 22 3 12 6 22 7 17 8 22 10 23 11 24 12 15 13 19 17 24 19 22
15 0 16 1 21 2 19 3 17 4 13 6 21 7 20 8 18 9 21 11 22 13 23 14 23 15 18 18 15 19 16
12 0 19 1 22 2 16 3 16 5 22 6 23 10 15 13 22 15 23 17 15 18 15 19 16
2 16 23 18 16
2 7 17 19 23
4 2 13 11 18 12 18 16 12
11 5 12 6 12 7 17 8 13 10 22 11 20 13 22 14 15 16 13 17 24 18 17
9 0 24 1 19 5 18 9 18 10 19 11 12 12 18 15 23 18 12
7 0 23 2 20 7 23 9 15 11 24 15 13 16 13
10 1 12 4 24 6 18 12 20 13 20 14 14 15 22 16 14 17 16 19 15
14 0 22 1 23 2 17 4 20 5 12 6 12 7 21 8 22 9 12 13 18 14 24 15 23 17 18 18 12
6
12 3 0.002
0 11 0.0016
3 6 0.002
4 15 0.0018000000000000002
6 4 0.0012000000000000001
4 15 0.0013000000000000002
24
6 1 0.0013000000000000002 0.10179335640626264
10 5 0.0016 0.12827394499449032
0 1 0.0017000000000000001 0.14017709794017036
0 19 0.0021000000000000003 0.14555447934602767
17 0 0.0017000000000000001 0.12824200539258812
17 9 0.0013000000000000002 0.1375372253309999
18 10 0.0022 0.1170895799501935
9 14 0.0014 0.1205879560061889
17 12 0.0021000000000000003 0.12672914491899365
9 6 0.0015 0.11876398677132699
10 6 0.0016 0.10294588248315664
15 6 0.0021000000000000003 0.10803543906261205
4 17 0.0012000000000000001 0.10193793745056558
15 7 0.0013000000000000002 0.10931409694450077
2 1 0.0016 0.10372735039390396
5 15 0.0023 0.10268805014493254
1 8 0.0014 0.11643937076264022
9 8 0.0019 0.10316174709865314
3 2 0.0014 0.11985817524422265
8 1 0.0024000000000000002 0.1321536633372558
7 10 0.0018000000000000002 0.10554854647400148
4 7 0.0012000000000000001 0.12942134665696722
5 1 0.0022 0.12488414857073382
11 12 0.002 0.143091040834718
