20
8 3 13 6 19 8 14 9 24 10 16 11 22 12 18 15 23
17 0 21 2 21 3 17 4 14 5 18 6 18 7 14 8 20 9 23 11 15 12 21 13 23 14 18 15 13 17 14 18 24 19 14
7 4 18 5 12 9 12 11 13 14 24 16 20 19 15
10 1 13 5 12 7 21 8 15 12 12 13 22 16 20 17 23 18 16 19 21
16 0 23 1 22 2 21 3 12 5 13 6 13 8 12 9 24 10 13 11 23 12 12 13 19 14 12 15 12 18 23 19 14
2 7 24 13 12
14 0 17 1 18 4 15 5 12 7 22 8 13 9 15 11 16 12 21 13 21 14 19 15 18 16 13 18 19
8 1 14 4 16 9 24 10 24 12 15 13 20 14 12 18 12
8 0 16 3 22 4 24 5 23 7 16 11 13 14 18 17 20
9 2 18 3 15 4 19 5 24 7 21 10 24 11 14 15 16 19 12
2 0 22 19 17
13 0 20 1 20 2 24 4 21 5 12 6 17 7 22 10 22 13 24 14 22 15 13 16 12 18 14
3 1 14 11 19 16 22
10 1 15 8 22 9 16 11 19 12 24 14 15 15 12 16 17 17 12 19 22
13 0 24 1 13 2 12 4 23 6 24 9 17 10 23 11 17 12 12 15 21 16 14 18 21 19 20
12 3 19 5 15 7 12 8 14 9 21 10 13 12 21 13 12 16 18 17 16 18 18 19 14
17 0 20 1 17 3 20 4 22 5 24 6 23 7 15 8 21 9 14 10 18 11 19 12 14 13 13 14 12 15 20 17 15 19 16
9 0 13 2 16 3 17 5 21 6 14 9 14 16 16 18 17 19 23
8 1 18 2 17 7 14 10 12 11 21 13 21 15 17 17 19
18 0 12 1 23 2 21 3 23 4 19 5 12 6 17 7 15 8 18 9 15 10 16 11 18 12 17 13 21 14 16 15 13 17 19 18 13
6
19 18 0.0022
12 16 0.0018000000000000002
11 17 0.0023
18 16 0.0019
6 14 0.0014
12 4 0.0012000000000000001
24
0 2 0.0022 0.12949702540083532
2 7 0.0017000000000000001 0.1208145519790602
12 6 0.0015 0.14641771472191745
9 7 0.0014 0.14973589539263377
15 17 0.0021000000000000003 0.11889733112575504
13 8 0.0019 0.14346957383166126
14 12 0.0022 0.10857864054318252
9 12 0.0023 0.11055394137553834
11 1 0.0023 0.12353095123406727
11 9 0.0015 0.1320846265107334
5 9 0.0022 0.10341617057217313
4 3 0.0022 0.13985875040094128
1 14 0.0021000000000000003 0.13222779856785552
16 1 0.0012000000000000001 0.10412300489345937
14 12 0.0021000000000000003 0.10162781689262035
16 7 0.0018000000000000002 0.13461872695785168
18 7 0.0013000000000000002 0.10417363203557747
1 7 0.0019 0.14842002220353478
6 5 0.0023 0.12684776350207594
5 11 0.0018000000000000002 0.13350790449932048
9 17 0.0016 0.14361425086950577
10 1 0.002 0.13265903495472356
5 10 0.002 0.10898778043013521
12 9 0.0018000000000000002 0.1469632328614614
