20
7 6 24 9 12 10 13 12 14 13 24 18 17 19 19
9 4 12 5 20 6 16 7 19 8 19 12 23 13 15 14 12 15 22
6 0 23 6 20 7 16 9 24 11 15 15 21
1 7 12
14 0 16 1 13 2 17 3 13 5 24 7 14 8 20 9 23 11 21 13 24 14 23 16 12 18 12 19 14
16 0 20 1 19 2 24 3 23 4 21 6 23 7 16 8 24 9 23 10 20 11 22 12 17 15 15 16 22 17 17 18 24
12 0 21 2 14 3 23 4 14 5 12 8 17 9 13 10 16 11 19 13 19 15 15 16 21
16 0 14 1 20 2 24 3 16 4 24 5 12 6 14 8 21 10 14 11 17 12 24 13 21 14 19 15 22 17 19 18 12
18 0 20 2 15 3 24 4 23 5 21 6 17 7 14 9 15 10 22 11 13 12 16 13 14 14 24 15 21 16 15 17 13 18 20 19 22
1 10 17
1 19 20
15 2 17 4 22 5 17 6 14 7 18 8 19 9 15 10 18 13 12 14 21 15 15 16 14 17 16 18 12 19 22
9 0 19 2 16 5 16 6 12 7 23 8 21 11 15 13 15 17 21
3 8 20 14 12 15 15
2 6 14 18 21
1 0 21
18 0 12 1 16 2 14 4 19 5 15 6 13 7 19 8 19 9 16 10 12 11 21 12 23 13 23 14 13 15 13 17 12 18 15 19 23
18 0 19 1 19 2 12 3 18 4 24 5 14 6 19 7 21 8 16 9 23 10 19 11 22 12 12 13 14 14 24 15 14 18 19 19 21
7 0 16 3 12 6 18 8 15 10 20 12 23 15 15
12 0 13 1 23 4 16 5 14 6 12 8 14 9 15 10 18 12 17 15 21 16 17 18 20
6
2 7 0.0021000000000000003
1 14 0.0024000000000000002
1 15 0.0021000000000000003
4 5 0.0021000000000000003
7 11 0.0023
10 3 0.0021000000000000003
24
7 8 0.0014 0.1416951044216514
11 4 0.0022 0.11674924903967875
19 4 0.0021000000000000003 0.11590521695621495
6 8 0.0021000000000000003 0.11586182502190791
9 10 0.0024000000000000002 0.1381384833788032
12 14 0.0014 0.13493380384672826
0 1 0.0013000000000000002 0.12485795900036657
6 3 0.0012000000000000001 0.11031905472839688
15 5 0.002 0.11308740067411875
3 11 0.0016 0.121028389886163
19 1 0.0013000000000000002 0.11539887308237207
10 17 0.0013000000000000002 0.13203904068206299
18 2 0.0024000000000000002 0.14326306806541206
10 14 0.0021000000000000003 0.10507611574770243
5 0 0.0018000000000000002 0.12800410935926299
0 8 0.0015 0.13609770461194187
11 19 0.0023 0.1219031747630775
1 10 0.0013000000000000002 0.1399247953613928
10 5 0.0024000000000000002 0.14480928480605446
1 7 0.0019 0.14559855707810115
2 16 0.0021000000000000003 0.14338614068794667
5 9 0.0014 0.14106596018077353
14 9 0.0015 0.1045003811483407
2 19 0.0014 0.13855266980971087
