20
18 1 24 2 14 3 24 4 22 5 20 6 16 7 19 8 13 10 23 11 20 12 16 13 12 14 20 15 18 16 15 17 13 18 14 19 17
4 6 15 7 24 12 17 19 14
2 0 12 13 14
17 0 19 1 24 2 20 4 24 5 24 7 13 9 19 10 12 11 16 12 24 13 16 14 17 15 23 16 17 17 12 18 13 19 21
18 0 15 1 17 2 21 3 13 5 13 6 23 7 15 8 23 9 21 10 15 11 18 12 21 13 18 15 17 16 13 17 15 18 16 19 20
10 0 17 6 23 8 23 9 12 12 19 13 15 14 18 15 19 16 23 18 16
14 0 19 1 17 2 16 3 17 4 12 8 13 9 12 10 12 11 13 13 20 14 19 15 17 16 16 18 18
2 8 14 11 14
4 1 17 2 21 10 16 18 14
12 0 24 1 17 2 23 3 14 4 23 5 18 6 13 10 16 14 19 16 21 17 17 19 20
5 1 13 2 24 4 19 9 12 19 16
2 0 14 18 20
1 3 15
18 1 22 2 19 3 16 4 18 5 15 6 17 7 20 8 23 9 17 10 21 11 24 12 21 14 21 15 23 16 19 17 23 18 18 19 15
2 6 24 8 16
11 0 24 1 12 4 17 5 14 7 19 9 16 11 17 13 18 16 13 17 22 19 14
8 1 20 2 22 4 23 5 24 11 21 12 19 15 14 19 15
4 7 18 8 14 9 12 16 15
13 0 20 2 21 5 23 6 19 7 19 8 22 9 22 10 15 11 13 12 23 13 22 16 21 19 19
3 13 14 14 23 17 12
6
13 11 0.0021000000000000003
5 13 0.0014
10 5 0.002
3 11 0.0012000000000000001
14 19 0.0024000000000000002
1 5 0.0021000000000000003
24
8 14 0.0017000000000000001 0.10146830363786183
9 3 0.0019 0.10315269776082979
4 15 0.0023 0.13055984540539908
14 11 0.0021000000000000003 0.13928904949433907
18 19 0.002 0.10546622426673968
8 12 0.0016 0.11158064002180153
4 8 0.0014 0.10593886309980173
10 1 0.0018000000000000002 0.11445987631359687
11 7 0.0021000000000000003 0.14334290531285632
3 9 0.0023 0.13828287263992395
5 9 0.0016 0.11496810531274289
15 19 0.0021000000000000003 0.13918960292898988
11 12 0.002 0.13300187080432757
4 7 0.0018000000000000002 0.1293678479160948
10 5 0.0022 0.12024021897569528
19 6 0.0019 0.10424693171616169
16 11 0.0014 0.12326623160346564
5 7 0.0017000000000000001 0.13801364899287247
3 7 0.0024000000000000002 0.10163377164045904
3 6 0.0021000000000000003 0.14804245059483978
6 3 0.0019 0.13355796729441552
17 2 0.0022 0.1333806628204337
8 19 0.0013000000000000002 0.11911539691443343
4 5 0.0021000000000000003 0.11005367671403597
