20
1 6 17
14 0 19 3 22 4 18 6 13 7 12 10 23 11 16 12 20 13 24 15 18 16 21 17 12 18 21 19 14
7 1 24 8 14 9 17 12 14 15 19 16 13 18 16
1 15 24
4 1 24 7 22 13 18 19 23
7 4 19 6 12 8 19 12 17 14 23 15 20 17 14
3 1 18 7 22 19 23
1 17 12
5 0 17 3 14 11 20 12 17 14 22
15 0 15 1 20 2 19 3 21 4 20 7 20 10 18 11 21 12 23 13 13 14 15 15 17 16 23 17 16 19 14
13 0 17 1 13 5 13 6 19 7 20 9 17 13 21 14 19 15 22 16 15 17 12 18 24 19 18
17 0 15 1 14 2 22 3 13 4 14 5 20 7 13 8 14 9 14 10 24 12 18 13 23 14 13 15 13 16 18 18 18 19 14
10 2 19 3 12 4 17 5 18 6 17 7 23 9 14 17 12 18 13 19 20
2 3 13 12 20
18 0 21 1 12 2 17 3 17 4 15 5 23 6 22 7 22 8 18 9 18 10 18 11 22 12 21 13 24 15 15 17 15 18 23 19 12
2 7 17 17 23
6 2 14 3 16 5 14 7 12 8 12 15 23
17 0 13 1 18 2 15 3 12 4 17 5 13 6 24 7 14 8 21 9 23 10 21 11 16 12 15 14 20 15 18 18 17 19 14
13 0 22 2 12 4 16 5 16 6 16 8 17 10 13 11 22 12 24 14 17 15 15 17 22 19 17
1 4 17
6
8 11 0.0017000000000000001
6 18 0.0016
10 8 0.002
11 0 0.0024000000000000002
3 0 0.0014
0 1 0.0013000000000000002
24
18 0 0.0019 0.10077803359750495
7 6 0.0017000000000000001 0.13431044657683117
1 3 0.0018000000000000002 0.13763994876222121
12 7 0.0015 0.12352728426266776
3 5 0.0015 0.12004471280793663
14 10 0.0016 0.10629585331066602
18 0 0.0021000000000000003 0.11488800713693022
6 14 0.0021000000000000003 0.14074259410103282
10 6 0.0024000000000000002 0.12287571350415874
11 0 0.0022 0.13920255027220463
5 14 0.0022 0.14026935034977495
9 3 0.0018000000000000002 0.14316640480616213
13 17 0.0017000000000000001 0.11159900194954259
8 3 0.0019 0.10501100620772993
8 3 0.0016 0.14589099913256204
15 7 0.0024000000000000002 0.13731680852225076
10 9 0.0018000000000000002 0.13826404850587654
19 11 0.0022 0.14862392861978657
6 14 0.0015 0.100384584572558
7 16 0.0018000000000000002 0.13584642705604813
19 3 0.0012000000000000001 0.1305656855235297
8 15 0.0013000000000000002 0.14072583512517683
0 8 0.002 0.14022989169818936
9 7 0.0022 0.13166660175560446
