20
9 2 19 6 15 9 16 10 13 12 23 13 24 15 20 16 21 18 15
5 3 23 6 17 9 13 11 12 14 23
15 0 23 3 22 4 20 6 17 7 17 8 22 9 18 10 17 12 18 13 12 15 15 16 22 17 19 18 13 19 13
8 0 12 1 13 6 13 11 15 14 20 15 17 17 20 18 21
14 1 15 3 13 5 17 6 23 7 19 8 16 10 23 11 24 12 23 13 17 14 20 16 18 17 13 19 12
7 1 16 2 24 3 19 4 24 11 23 14 14 17 13
14 0 14 2 13 3 13 4 19 7 15 8 19 9 19 10 23 12 12 13 12 14 20 15 18 16 18 19 23
8 1 23 4 23 5 21 6 23 8 14 10 19 11 21 14 17
15 0 20 1 14 2 13 3 14 6 18 7 17 9 16 10 13 13 20 14 22 15 20 16 23 17 20 18 14 19 22
17 0 16 1 17 2 23 3 17 4 12 5 12 6 12 7 24 10 17 11 18 12 17 13 19 14 12 15 20 17 16 18 16 19 18
10 0 21 1 16 2 19 3 12 5 21 6 23 8 12 11 15 13 21 17 20
3 9 17 10 14 17 24
7 0 23 3 19 6 16 8 19 10 13 11 14 16 20
2 11 21 14 20
13 2 21 3 21 4 14 5 18 6 14 8 24 9 22 10 12 12 18 13 21 15 17 17 18 18 23
13 0 23 1 16 2 12 3 13 5 16 6 14 8 20 10 13 11 24 13 19 16 14 17 14 18 13
13 1 20 2 24 4 12 6 16 7 16 9 18 10 24 11 24 12 24 13 12 15 14 17 19 18 22
14 1 13 2 13 3 22 4 16 7 15 8 13 10 12 11 16 12 12 13 16 14 15 15 19 16 16 18 18
2 12 22 19 14
7 1 24 3 14 6 23 10 14 14 19 15 20 18 21
6
14 8 0.0023
16 13 0.0019
11 4 0.0015
2 6 0.0014
11 19 0.0024000000000000002
5 14 0.0016
24
8 6 0.0016 0.11676596160510276
11 7 0.0013000000000000002 0.1156908466617635
10 7 0.0013000000000000002 0.14192371133662968
15 5 0.0023 0.11875903797475731
5 10 0.002 0.1355270776853403
7 6 0.0021000000000000003 0.14507921160854553
14 4 0.0022 0.10778594137583311
2 5 0.0022 0.10101186791812228
3 2 0.0013000000000000002 0.14278499621515925
17 12 0.002 0.13719860306989698
12 17 0.0016 0.11119890069046888
1 3 0.0021000000000000003 0.12054421929089457
9 19 0.0021000000000000003 0.11465682820891289
2 16 0.0019 0.1263545718096181
1 19 0.0019 0.10526681022109252
2 13 0.0021000000000000003 0.11447800550516306
13 6 0.002 0.10834609726151344
19 6 0.0013000000000000002 0.10480300952901354
2 5 0.002 0.1319715711763683
19 7 0.0014 0.10325571184252172
12 3 0.0022 0.11488545668982585
3 0 0.0016 0.1040680201461694
5 17 0.0018000000000000002 0.10753320175287008
2 10 0.0021000000000000003 0.1148655782812892
