20
12 1 20 2 18 5 15 7 22 8 12 9 16 11 20 13 16 15 19 17 17 18 18 19 23
7 0 13 3 20 5 20 7 15 10 14 13 24 18 21
12 0 20 3 15 5 12 7 15 8 19 9 24 11 21 14 16 15 17 16 12 18 13 19 15
17 1 15 2 19 4 13 5 15 6 16 7 13 8 23 10 24 11 23 12 22 13 23 14 20 15 23 16 22 17 12 18 23 19 22
9 1 24 2 19 5 20 9 19 14 12 15 16 16 13 17 14 18 12
10 2 17 3 13 4 12 6 21 10 22 13 15 14 21 15 14 17 20 19 13
8 0 14 1 17 4 23 5 13 9 20 11 13 12 22 15 23
8 1 20 2 16 5 22 8 17 11 13 13 21 17 21 19 17
1 13 19
9 1 21 7 19 8 15 12 19 13 24 14 17 17 21 18 16 19 15
16 0 18 2 19 3 15 4 22 5 12 6 24 7 24 8 12 9 23 11 14 12 22 14 23 16 20 17 16 18 16 19 21
7 1 20 5 19 6 12 8 20 10 20 14 12 15 17
17 0 12 1 19 2 15 3 24 4 12 5 14 6 23 7 21 8 13 9 12 10 24 11 13 13 24 14 16 15 18 16 24 17 17
13 0 17 1 14 4 21 5 24 8 13 9 16 11 14 12 14 14 14 15 24 16 17 18 18 19 20
12 2 18 3 20 5 15 6 21 7 21 8 13 9 22 10 13 11 17 12 23 13 24 17 19
4 4 16 8 19 16 23 19 13
3 2 13 13 24 14 18
11 1 23 2 17 4 23 6 18 7 19 10 14 12 23 13 23 15 21 16 20 18 24
16 2 14 3 19 4 16 5 13 7 16 8 14 9 14 10 18 11 15 12 21 13 19 14 22 15 19 16 18 17 15 19 13
17 0 24 1 16 2 14 3 22 4 15 5 14 7 17 8 21 9 14 10 22 11 17 12 12 13 14 14 19 15 18 17 12 18 23
6
16 6 0.0013000000000000002
4 16 0.0013000000000000002
4 7 0.0024000000000000002
13 17 0.0012000000000000001
5 2 0.0013000000000000002
10 4 0.0022
24
13 17 0.0013000000000000002 0.13492576034107112
15 18 0.0022 0.12269443199680533
18 10 0.0016 0.10037509112082157
15 6 0.0022 0.12986949001177653
6 17 0.0018000000000000002 0.12057706361175656
9 3 0.0022 0.12421951299396364
8 9 0.0021000000000000003 0.11706084386095113
4 3 0.0018000000000000002 0.13919694077789962
8 15 0.0022 0.11590298600603577
15 7 0.0013000000000000002 0.13606152736865398
17 11 0.0022 0.11686674538193792
11 3 0.0015 0.13607422658222534
3 12 0.0017000000000000001 0.11333411456008226
16 0 0.0021000000000000003 0.1275884654299973
3 16 0.0015 0.14288407437612
13 18 0.0014 0.10217568276451158
0 10 0.0023 0.1489671811472021
12 16 0.0016 0.11847266263678961
13 15 0.0017000000000000001 0.12564828678209172
8 5 0.0018000000000000002 0.10826812921813703
5 8 0.0016 0.12134033902167271
14 2 0.0012000000000000001 0.10665125941863496
13 19 0.0022 0.13913817471328283
9 8 0.0018000000000000002 0.1432005606772765
