20
6 1 13 5 14 11 15 15 14 16 24 18 23
5 0 24 5 22 15 12 16 24 17 20
5 1 14 5 15 7 23 8 17 9 20
1 4 12
13 1 18 2 20 3 20 6 13 7 12 10 15 11 14 12 13 13 20 14 19 15 23 17 17 19 15
10 1 15 2 21 3 15 4 21 7 22 9 14 11 21 14 20 15 18 18 22
13 0 19 1 17 2 23 4 20 5 19 7 17 8 15 10 19 12 22 14 16 15 19 17 18 18 12
17 0 13 1 24 3 16 4 12 6 13 8 12 9 18 10 15 11 13 12 17 13 15 14 15 15 17 16 14 17 18 18 14 19 13
1 16 20
16 0 14 1 19 2 12 3 16 4 12 6 23 7 21 8 20 10 12 11 13 13 22 14 12 16 16 17 22 18 17 19 16
11 0 17 2 14 4 17 5 22 8 24 11 13 12 22 14 12 16 22 17 18 18 18
2 2 14 9 19
17 0 21 1 22 2 20 3 19 4 20 6 19 7 18 8 24 9 16 10 24 11 14 13 21 15 15 16 16 17 23 18 24 19 20
1 10 24
8 1 20 5 15 8 19 10 20 15 22 16 18 17 24 19 22
15 1 17 3 18 4 22 5 16 6 22 7 16 8 19 9 20 11 20 12 12 13 23 14 22 16 19 17 24 18 19
16 0 24 1 17 2 24 3 22 4 12 6 19 7 22 9 14 10 15 11 16 12 23 13 19 14 20 15 16 18 19 19 20
14 0 17 4 21 5 15 6 13 7 18 9 12 11 12 12 13 13 23 14 17 15 14 16 20 18 19 19 21
8 0 13 1 21 2 14 3 20 4 16 10 17 12 23 13 17
15 0 12 1 13 2 14 4 12 5 18 6 15 7 21 9 13 12 18 13 24 14 22 15 15 16 17 17 20 18 15
6
3 14 0.0018000000000000002
17 9 0.0021000000000000003
9 19 0.0015
4 12 0.0021000000000000003
4 2 0.0021000000000000003
15 10 0.0016
24
1 17 0.002 0.10616582840410473
0 6 0.002 0.11521207124150279
10 1 0.0017000000000000001 0.10315948759880081
11 4 0.0023 0.10485698098524186
2 9 0.0024000000000000002 0.11700748104588239
3 15 0.0013000000000000002 0.13177432470298386
13 10 0.0023 0.11508651370865737
1 18 0.0023 0.11656118501489976
2 4 0.0017000000000000001 0.10636238366695366
19 9 0.0021000000000000003 0.12815699889743512
18 16 0.0015 0.136571734737292
0 6 0.0016 0.10915069922586447
18 7 0.0016 0.14434709731725456
6 4 0.0016 0.11694873642839695
13 12 0.0016 0.1412500963937084
15 18 0.0021000000000000003 0.14452348097730655
2 0 0.0013000000000000002 0.14953289373532846
19 3 0.0022 0.12929778594992483
16 9 0.0018000000000000002 0.14443579751812613
6 9 0.0012000000000000001 0.1170922705184765
14 4 0.0023 0.10239521120944228
18 5 0.002 0.14275314110953105
11 12 0.0022 0.13578278861630622
14 2 0.0012000000000000001 0.145420969169248
