20
17 1 12 2 19 4 23 5 18 6 12 7 20 8 16 10 12 11 14 12 19 13 15 14 12 15 22 16 23 17 16 18 24 19 14
18 0 19 2 24 3 21 4 21 5 16 6 24 7 22 8 22 9 18 10 19 11 17 12 19 14 24 15 15 16 21 17 23 18 23 19 21
13 1 23 4 21 5 20 6 22 7 20 8 20 9 16 10 24 11 17 12 12 15 23 18 18 19 12
3 0 22 16 24 18 17
10 1 16 5 23 8 22 9 22 10 19 12 13 13 18 15 24 16 14 19 24
14 0 12 1 15 2 23 3 13 4 20 7 20 9 20 10 24 11 13 13 12 14 18 16 16 17 24 18 24
4 1 17 11 17 17 15 19 12
3 4 16 11 21 19 21
7 5 21 7 12 9 15 13 14 14 20 17 22 19 18
17 0 23 1 12 2 14 3 17 4 23 5 21 6 14 7 20 10 22 12 23 13 15 14 16 15 17 16 24 17 23 18 21 19 15
16 0 23 3 23 4 18 6 14 7 24 8 15 9 20 11 13 12 23 13 16 14 23 15 16 16 20 17 20 18 21 19 19
6 0 21 1 24 9 24 12 23 16 15 19 14
10 1 16 2 16 4 18 5 24 6 17 8 17 10 20 11 21 13 12 16 16
7 0 14 2 16 7 17 8 20 11 23 16 24 18 17
4 0 12 10 19 15 16 19 18
12 2 12 4 24 5 22 8 14 9 23 11 17 13 13 14 20 16 21 17 13 18 12 19 21
9 5 20 7 13 9 15 10 14 12 22 13 15 15 15 18 22 19 14
13 3 17 4 22 5 13 6 20 7 20 8 22 9 14 11 24 12 15 13 18 14 16 16 16 19 12
4 5 15 8 23 16 24 19 20
7 7 24 8 19 9 16 10 19 11 13 15 24 16 17
6
9 3 0.0012000000000000001
3 12 0.0014
0 3 0.002
13 1 0.0016
10 6 0.0024000000000000002
2 3 0.0016
24
1 3 0.0018000000000000002 0.10018037407653407
15 3 0.002 0.11021863326341681
2 15 0.0022 0.14582875559844685
17 4 0.0018000000000000002 0.10472107350497743
7 10 0.0022 0.14156340376740528
8 13 0.0012000000000000001 0.13568751320489264
9 12 0.0019 0.1409986416503145
1 19 0.0018000000000000002 0.1066616185307682
19 11 0.0022 0.1223021079912982
2 14 0.0022 0.14759629199076252
17 14 0.002 0.12183173020532845
10 17 0.002 0.14565546161580217
6 18 0.0023 0.12449949995413367
16 2 0.0016 0.12972746209209599
18 4 0.0017000000000000001 0.126123545491957
16 15 0.0016 0.11088974581768696
8 5 0.0013000000000000002 0.12383755867792384
11 17 0.0013000000000000002 0.13096153509463354
9 14 0.0022 0.11773942271617102
7 15 0.0015 0.11840197944557294
15 8 0.0023 0.12640617769246207
7 8 0.0013000000000000002 0.1489308103715102
1 19 0.0014 0.1443392142932432
14 10 0.0014 0.11781635565530284
