20
13 2 18 5 23 6 24 7 24 8 23 9 19 12 13 13 19 15 12 16 14 17 22 18 18 19 16
14 6 24 7 24 8 22 9 14 10 21 11 15 12 19 13 23 14 20 15 18 16 18 17 14 18 19 19 17
14 0 16 3 18 4 17 5 13 6 14 8 19 9 12 10 22 11 14 13 13 14 23 16 13 17 19 19 21
11 0 24 1 23 2 18 5 24 6 22 9 16 13 12 14 22 15 22 16 23 18 20
10 0 13 3 13 5 23 6 17 8 21 9 12 10 16 11 16 13 22 17 13
1 18 24
6 3 17 5 20 9 19 11 19 12 15 17 20
16 0 22 2 20 3 22 4 17 6 24 8 22 9 17 10 13 11 13 12 24 13 24 14 24 15 13 17 14 18 12 19 23
6 0 23 1 21 3 15 10 14 12 24 19 17
11 1 16 2 21 3 15 4 23 5 14 6 23 7 19 11 13 16 18 17 22 19 14
14 0 18 1 22 2 20 4 22 5 14 6 12 7 14 11 21 12 13 13 21 14 21 15 23 16 19 17 17
11 0 14 1 17 2 23 4 16 5 23 8 13 10 17 13 13 14 23 15 14 18 20
9 0 16 2 20 10 18 11 22 14 18 15 20 16 20 17 16 18 24
8 0 20 2 14 3 19 6 15 11 24 15 17 16 14 19 20
12 0 15 1 23 2 22 4 24 5 15 6 17 7 12 8 16 9 22 11 20 17 20 19 19
7 1 18 2 16 7 13 8 12 10 15 11 19 19 18
12 3 23 4 23 5 21 6 23 9 20 10 21 11 21 12 14 14 12 15 22 17 15 18 19
9 0 23 2 18 3 17 4 21 5 18 8 15 11 13 14 13 15 24
2 15 23 16 19
18 0 16 1 20 2 15 3 19 4 13 5 21 6 24 7 21 8 22 9 15 10 18 11 16 13 14 14 20 15 17 16 12 17 12 18 23
6
9 13 0.0014
18 5 0.0017000000000000001
3 1 0.0023
17 15 0.0012000000000000001
8 4 0.0016
3 8 0.0017000000000000001
24
6 5 0.0017000000000000001 0.14087513767757526
13 8 0.0024000000000000002 0.12680598632884119
13 8 0.002 0.12177396688863809
15 6 0.0022 0.14646670815842255
13 16 0.0012000000000000001 0.11944081669775974
14 8 0.0021000000000000003 0.13968689643223436
14 18 0.002 0.1422690184255979
0 4 0.0015 0.10144208638916963
16 4 0.0014 0.13148431833657714
13 10 0.0019 0.14026412630281226
5 15 0.0012000000000000001 0.11209913318808144
0 9 0.0023 0.14991040804838432
6 9 0.0013000000000000002 0.11047390808109828
0 6 0.0021000000000000003 0.10083260718467481
16 17 0.0023 0.14629206055673152
7 11 0.0024000000000000002 0.10613594391055367
7 14 0.0023 0.11206658726360673
9 17 0.0016 0.10555368436650767
13 16 0.0013000000000000002 0.10818888859730154
9 5 0.0012000000000000001 0.12051438106738717
19 8 0.0019 0.1499182063634272
5 12 0.0018000000000000002 0.13913755832817443
5 12 0.002 0.1345961050278437
15 17 0.0012000000000000001 0.10911053164945146
