20
8 1 24 3 17 4 13 6 16 8 20 9 19 10 19 15 15
6 0 24 10 21 12 24 17 19 18 14 19 12
12 0 14 1 24 5 12 6 14 10 18 11 18 12 15 13 21 14 12 16 20 17 24 18 24
13 0 21 1 20 2 24 4 15 7 24 9 12 11 18 14 23 15 23 16 15 17 14 18 17 19 15
11 0 14 3 24 6 20 7 21 9 24 10 12 11 24 14 21 16 19 18 12 19 13
12 1 22 3 21 4 23 8 23 11 16 12 23 13 19 14 23 16 20 17 17 18 13 19 13
18 0 23 1 12 2 12 3 17 4 12 5 18 7 21 8 14 9 18 10 20 11 22 12 13 14 13 15 16 16 23 17 20 18 23 19 13
9 1 16 2 13 10 21 11 13 14 24 15 15 16 23 17 12 18 15
3 0 23 2 24 19 12
18 0 24 1 24 2 23 3 18 4 17 5 23 6 13 7 13 8 16 10 23 11 16 12 20 13 16 14 21 15 22 16 20 17 19 18 22
15 0 14 2 12 3 15 4 12 5 22 6 13 7 17 9 20 11 15 13 16 14 21 16 15 17 16 18 17 19 22
6 0 16 2 19 3 21 4 13 7 14 16 21
9 2 17 5 21 6 19 7 12 10 15 11 19 13 18 16 24 18 16
8 2 20 4 13 6 24 8 20 9 18 10 14 18 13 19 20
8 1 21 2 14 3 16 4 23 5 17 6 19 11 13 19 19
17 1 13 2 12 3 17 4 13 5 17 6 20 7 14 8 15 9 16 10 19 11 15 12 13 13 18 14 23 16 23 18 17 19 18
15 0 15 1 12 2 19 3 20 4 12 5 19 6 14 7 18 8 15 10 14 11 23 12 16 14 15 15 22 17 13
3 7 19 8 12 15 20
17 0 16 1 15 3 24 4 13 5 17 7 16 8 13 9 22 10 13 11 20 12 20 13 23 14 13 15 16 16 19 17 21 19 15
16 0 20 1 21 2 13 3 12 4 17 5 18 6 16 8 18 9 14 10 17 12 24 13 21 14 22 15 15 16 22 17 18
6
3 4 0.0016
7 17 0.0018000000000000002
6 5 0.0022
8 6 0.0022
10 17 0.0023
4 16 0.0018000000000000002
24
17 11 0.0013000000000000002 0.10238031528065913
15 5 0.0023 0.10825853800552358
0 11 0.0021000000000000003 0.1329415950168179
11 2 0.0023 0.13418436584091528
1 4 0.0018000000000000002 0.12435003713358476
13 2 0.0012000000000000001 0.13539165560686625
10 9 0.0017000000000000001 0.10701242748758134
5 9 0.0021000000000000003 0.11065103172173425
2 13 0.0019 0.11681746465113782
14 9 0.0016 0.13185922582115492
9 4 0.0017000000000000001 0.11711254705603075
2 4 0.0015 0.1258099462086271
12 6 0.0023 0.12690834481313196
5 8 0.0017000000000000001 0.14945205178552468
6 4 0.002 0.11461355251073363
2 1 0.0024000000000000002 0.14322194404534452
17 14 0.0018000000000000002 0.14812608789236642
9 0 0.0015 0.11272840021374701
5 19 0.0014 0.13252495404267095
3 18 0.0022 0.13203514669839056
18 13 0.0014 0.10551882648574992
2 10 0.0016 0.13488159587875223
15 16 0.0016 0.10843904832759917
10 5 0.002 0.13093126830507362
