20
3 3 23 11 16 14 16
12 2 18 3 14 5 19 6 20 8 22 11 19 12 14 14 24 15 20 16 12 17 22 18 17
18 0 18 1 18 3 16 4 21 5 21 6 17 7 22 8 20 9 22 10 15 11 18 13 21 14 19 15 18 16 22 17 21 18 14 19 12
14 0 16 1 22 5 23 6 15 7 18 9 13 10 20 11 18 12 24 13 18 14 14 16 19 18 18 19 12
1 3 17
10 0 20 4 18 7 22 9 12 10 14 12 21 13 19 15 16 18 19 19 13
14 0 20 3 23 4 15 8 21 9 21 10 20 11 17 12 13 13 14 14 15 16 18 17 17 18 14 19 23
12 0 21 1 15 2 22 4 13 8 17 9 19 10 15 12 24 14 12 15 15 18 14 19 23
2 1 12 9 16
2 11 14 19 24
4 8 18 11 22 12 22 13 19
16 1 18 2 22 3 17 4 13 5 13 6 12 7 20 8 22 9 16 10 20 13 18 14 20 15 21 17 20 18 24 19 13
9 5 12 6 16 7 12 8 22 11 13 15 17 16 20 17 23 18 12
5 2 16 6 16 8 24 15 17 18 13
4 3 22 6 24 9 14 16 12
12 0 17 1 21 3 14 4 24 5 23 6 17 7 13 11 19 12 16 14 23 18 14 19 23
13 0 22 1 24 3 23 4 23 7 20 8 12 9 17 10 21 12 15 14 20 15 16 17 15 18 12
2 1 13 6 16
12 0 13 2 17 3 14 4 12 6 24 8 20 10 22 11 22 12 22 14 15 17 15 19 15
17 1 20 2 17 3 17 5 19 6 15 7 24 8 13 9 12 10 18 11 13 12 21 13 14 14 15 15 18 16 23 17 17 18 17
6
13 16 0.0012000000000000001
4 9 0.0019
3 14 0.0014
12 0 0.002
8 10 0.0018000000000000002
19 16 0.0024000000000000002
24
8 18 0.0014 0.10210037256945599
19 11 0.0023 0.13561275053179236
12 7 0.0019 0.1493166184430748
6 8 0.0017000000000000001 0.10766194576784058
17 14 0.0022 0.1458934314926515
14 12 0.0018000000000000002 0.1337284054231983
0 18 0.0013000000000000002 0.13841573306032212
4 18 0.0017000000000000001 0.1028327890854638
9 6 0.0022 0.10606865512052559
3 13 0.0014 0.14489176522769864
6 4 0.0024000000000000002 0.12810817682136832
9 17 0.0021000000000000003 0.13516920134378974
16 2 0.0018000000000000002 0.12556346676218905
12 3 0.0015 0.12797070354568396
7 19 0.0021000000000000003 0.14839434210860208
11 5 0.0014 0.12431913483438985
14 19 0.0023 0.1293264327231275
13 3 0.0022 0.10413374307362996
16 11 0.002 0.10077378997104894
8 0 0.0016 0.1289873742400979
14 8 0.0014 0.10114534188929114
14 10 0.0017000000000000001 0.12110266355074177
8 17 0.0017000000000000001 0.1435614421785035
4 15 0.0016 0.1257288883324158
