15
9 2 16 6 15 7 16 8 24 9 23 10 16 11 20 12 17 14 20
5 3 21 4 24 7 15 8 15 9 16
13 0 18 1 15 3 20 4 20 5 23 7 24 8 13 9 19 10 22 11 13 12 21 13 22 14 23
5 2 12 5 17 11 19 13 18 14 24
2 9 21 11 12
10 0 15 2 12 3 23 4 19 8 12 9 24 10 12 11 12 13 12 14 19
13 0 15 1 22 2 13 3 15 4 12 5 16 7 24 8 20 9 24 10 13 11 17 13 18 14 24
10 0 21 1 12 4 22 5 22 6 23 9 16 10 18 12 22 13 23 14 17
1 1 20
6 0 16 5 21 8 20 10 12 13 22 14 20
2 3 18 12 17
7 0 16 3 17 4 21 5 13 7 23 8 15 9 22
10 0 17 1 21 2 12 3 18 4 19 5 24 7 14 9 21 10 23 13 20
12 0 18 1 13 2 16 3 24 4 14 5 18 6 17 7 24 9 17 10 24 12 23 14 12
1 6 20
5
6 12 0.0023
14 12 0.0019
11 14 0.0016
7 13 0.0012000000000000001
9 1 0.0014
10
2 13 0.0017000000000000001 0.10284338121364675
7 11 0.002 0.12039794359277742
0 13 0.0023 0.14687131689207253
9 7 0.002 0.11323277020796892
7 13 0.0019 0.12486883868415319
12 9 0.0024000000000000002 0.1228729960904367
8 11 0.0017000000000000001 0.1318489915426413
5 2 0.0024000000000000002 0.10158857812179439
14 4 0.0022 0.11435675570575503
8 5 0.002 0.14079374412368967
