15
2 6 15 7 19
2 0 18 3 21
10 0 14 4 24 5 18 6 13 8 12 9 19 10 21 11 15 12 17 14 19
1 6 21
5 3 16 6 15 11 15 12 24 14 21
7 2 18 4 12 7 13 9 17 10 13 13 19 14 13
12 0 21 1 21 3 15 4 24 5 13 8 21 9 23 10 16 11 17 12 21 13 16 14 15
2 3 17 13 20
6 0 16 2 24 5 18 6 19 9 16 13 23
6 1 17 4 13 6 23 10 16 11 21 12 15
6 0 15 1 23 3 24 8 14 11 14 12 24
2 3 23 9 19
7 0 14 1 22 2 19 8 17 9 21 10 12 14 20
2 0 15 3 21
5 2 18 3 17 7 12 12 20 13 21
5
9 13 0.0024000000000000002
7 12 0.0022
4 3 0.0021000000000000003
14 5 0.0023
13 2 0.0014
10
4 5 0.0019 0.11619929252107443
12 1 0.002 0.11128482764378413
1 8 0.002 0.11201285941183137
13 8 0.0021000000000000003 0.1415234307609765
12 13 0.0023 0.1470508567988148
2 5 0.0018000000000000002 0.1489526996467439
1 9 0.0014 0.10755592570488802
5 14 0.0018000000000000002 0.11436398278469563
4 11 0.0019 0.144434146895104
12 11 0.0018000000000000002 0.10499383066698134
