15
1 2 23
2 0 17 8 19
5 5 23 9 16 10 20 11 18 13 14
4 2 18 6 24 9 19 14 12
8 2 15 5 23 6 13 7 16 9 18 10 17 11 15 13 20
2 2 22 7 23
9 1 24 4 22 5 14 7 20 10 24 11 23 12 14 13 14 14 12
12 0 19 1 23 2 23 3 12 4 17 5 20 6 12 10 22 11 17 12 20 13 24 14 24
6 1 21 7 18 9 12 12 16 13 18 14 24
12 0 13 1 14 2 16 3 20 5 19 6 18 7 15 8 15 11 14 12 15 13 15 14 12
10 0 21 2 21 5 22 6 17 7 13 8 18 11 19 12 20 13 14 14 23
3 0 19 1 24 12 12
7 2 16 5 18 6 22 8 19 9 12 10 23 14 13
11 0 13 1 19 3 15 4 23 5 16 7 21 8 16 10 15 11 16 12 21 14 14
5 1 23 6 12 7 16 9 22 13 17
5
12 7 0.0022
8 13 0.0024000000000000002
10 7 0.0015
14 11 0.0018000000000000002
5 1 0.002
10
10 7 0.0015 0.11747337937700318
4 2 0.0021000000000000003 0.14994319784889318
1 12 0.0012000000000000001 0.1165272101042821
7 12 0.0021000000000000003 0.10279918601356842
7 3 0.0019 0.13178590550528724
2 3 0.0013000000000000002 0.10370715255570269
12 11 0.0013000000000000002 0.13060431472839737
9 2 0.0021000000000000003 0.11851721852665094
11 4 0.002 0.10081924668430281
12 14 0.0023 0.13244104237549556
