15
11 1 12 4 21 5 17 6 12 7 18 9 18 10 24 11 24 12 22 13 21 14 19
3 0 16 8 15 11 13
4 0 21 4 20 12 17 14 13
10 0 21 2 14 4 14 5 22 6 19 8 15 10 24 12 22 13 16 14 16
10 0 14 1 16 2 15 5 12 7 19 8 20 9 16 12 17 13 16 14 15
4 0 12 4 18 8 17 14 20
5 0 15 3 14 5 19 9 20 12 16
8 1 14 2 19 3 21 10 19 11 12 12 23 13 20 14 18
9 0 21 1 17 2 23 3 24 4 14 5 15 10 19 11 24 13 19
9 2 22 4 19 5 16 6 23 8 12 10 21 11 14 12 20 13 24
13 0 14 1 17 2 14 3 22 4 23 6 13 7 14 8 18 9 18 11 23 12 23 13 16 14 13
5 3 24 4 19 5 22 9 18 14 21
7 0 17 1 15 5 20 7 14 8 12 13 14 14 14
13 0 17 1 13 3 14 4 16 5 16 6 19 7 19 8 17 9 24 10 20 11 19 12 24 14 16
1 10 18
5
2 14 0.0017000000000000001
14 2 0.0024000000000000002
14 11 0.0017000000000000001
4 1 0.002
6 9 0.002
10
8 14 0.0014 0.12025451705792296
9 14 0.0019 0.12042485826999372
11 14 0.0024000000000000002 0.12595001124948743
13 7 0.0024000000000000002 0.12757009920096288
0 4 0.002 0.14813377211272102
8 1 0.0023 0.13330619772731217
8 13 0.0022 0.14679937924758832
8 0 0.0012000000000000001 0.1473386655696491
11 0 0.0018000000000000002 0.11242503254572794
10 11 0.0023 0.13194713668784053
