15
13 1 19 3 18 4 15 5 17 6 12 7 12 8 20 9 18 10 14 11 20 12 13 13 23 14 19
9 0 24 5 23 6 17 7 19 8 14 9 23 10 21 11 22 12 22
8 0 17 3 15 5 20 7 23 10 24 11 17 13 22 14 21
3 0 15 2 17 11 12
4 2 18 5 18 8 23 11 19
4 1 17 9 13 10 24 12 12
13 0 20 1 13 2 21 3 15 4 24 5 22 7 15 8 19 9 24 10 15 11 15 12 14 14 15
8 0 22 3 17 5 18 6 13 9 20 10 21 11 14 14 19
2 7 14 9 13
12 0 22 1 14 2 13 3 21 4 21 5 19 7 13 8 22 10 16 11 18 12 16 13 18
6 5 19 6 22 9 13 11 15 13 22 14 16
11 0 15 1 17 2 23 3 20 5 12 6 13 8 21 9 24 10 21 13 12 14 19
10 0 24 1 15 3 19 5 13 8 22 9 22 10 20 11 12 13 22 14 12
8 3 24 5 15 6 16 7 22 8 24 9 22 10 17 12 12
9 0 23 1 23 2 24 4 21 5 24 7 12 8 16 9 17 12 22
5
8 9 0.0015
8 13 0.0021000000000000003
5 9 0.0012000000000000001
13 1 0.0017000000000000001
1 13 0.0014
10
0 3 0.0017000000000000001 0.13592470447374513
12 9 0.0013000000000000002 0.13373773931979444
3 14 0.0021000000000000003 0.13219368990693292
3 8 0.002 0.13317813888506114
14 8 0.0015 0.13119434417928819
6 3 0.0014 0.12086670996532915
6 3 0.0014 0.11725200997789754
5 0 0.0019 0.1379133655653592
3 12 0.0024000000000000002 0.13057809500910425
8 7 0.0017000000000000001 0.11018940250986385
