15
13 2 23 3 24 4 19 5 19 6 16 7 22 8 12 9 23 10 20 11 13 12 17 13 22 14 23
9 0 15 3 21 4 24 5 12 7 24 9 15 12 20 13 20 14 22
1 11 19
10 0 20 1 22 2 16 4 24 8 16 9 16 10 20 12 13 13 16 14 19
9 0 12 1 17 3 18 6 21 8 19 9 18 10 17 12 17 14 16
13 0 24 1 21 2 14 3 12 6 24 7 19 8 18 9 17 10 22 11 16 12 16 13 23 14 20
13 0 14 1 24 2 24 3 24 4 20 5 16 7 19 8 21 9 12 10 18 11 13 12 12 14 12
11 0 18 2 19 3 24 4 12 5 14 6 23 8 18 9 13 10 17 11 17 14 12
8 0 18 1 23 2 15 3 20 4 18 7 16 9 19 13 13
5 2 12 10 22 11 23 12 14 13 19
8 1 21 3 17 5 22 7 17 11 21 12 20 13 13 14 16
2 0 13 13 18
9 2 23 3 24 4 15 6 17 8 13 10 15 11 16 13 20 14 15
10 0 19 1 23 2 14 4 15 8 13 9 18 10 19 11 15 12 20 14 21
4 2 18 11 23 12 22 13 17
5
4 1 0.0016
12 11 0.0022
13 1 0.002
4 8 0.002
4 13 0.0018000000000000002
10
9 6 0.0017000000000000001 0.14248305082398963
10 8 0.0015 0.11658630695832012
12 14 0.0023 0.10991103874070776
11 6 0.0012000000000000001 0.13176654129189017
10 0 0.0014 0.10101776436263837
7 0 0.0015 0.1015114181912376
10 6 0.0018000000000000002 0.10416129440652111
4 11 0.0016 0.12691459340017197
7 14 0.0024000000000000002 0.10188439883914134
10 0 0.0019 0.144429506060619
