15
3 1 22 6 12 11 19
12 0 20 2 20 3 18 4 12 5 16 6 19 7 21 9 20 10 19 12 16 13 22 14 17
5 1 21 4 15 5 13 7 18 9 22
6 0 14 1 18 2 12 9 17 11 18 13 15
8 1 21 2 17 5 12 9 22 10 21 11 12 12 13 14 13
6 1 13 3 14 4 19 12 22 13 24 14 16
2 4 12 11 22
3 0 22 11 13 12 15
11 1 14 2 15 3 16 4 17 5 20 7 16 9 18 10 21 11 21 12 14 14 13
9 0 14 1 14 2 16 3 16 5 22 6 14 10 24 11 23 13 22
8 2 19 3 22 4 12 5 15 11 21 12 21 13 23 14 22
7 1 16 2 19 3 22 9 17 10 19 13 16 14 20
11 0 14 1 20 2 19 4 13 5 14 6 12 7 16 8 22 9 19 13 24 14 14
3 2 15 5 15 6 16
8 1 12 4 22 5 24 7 14 8 18 10 21 11 12 13 23
5
1 3 0.0022
10 3 0.0022
8 2 0.002
10 0 0.0019
7 3 0.0022
10
6 4 0.0022 0.10018071467721731
13 7 0.0015 0.11410556674612454
2 10 0.0015 0.12084803067866878
0 1 0.0017000000000000001 0.10034684842524655
4 0 0.0016 0.13573985840041985
5 3 0.0018000000000000002 0.12248272526012004
12 0 0.0023 0.1203766660899427
13 6 0.0017000000000000001 0.13235737460216815
5 8 0.0017000000000000001 0.12958741053258088
12 10 0.0012000000000000001 0.1417084042105107
