15
13 2 14 3 20 4 21 5 13 6 24 7 12 8 19 9 21 10 19 11 12 12 17 13 22 14 21
5 5 19 7 24 11 22 12 23 14 19
3 8 14 12 16 14 20
9 0 18 4 13 5 22 6 12 7 16 8 23 9 23 11 14 14 20
7 1 13 2 23 3 14 5 15 7 23 12 13 13 20
7 1 12 3 22 7 21 9 24 10 13 11 13 14 22
8 0 18 2 12 4 13 7 24 10 21 11 19 12 23 13 14
1 11 20
12 0 12 1 22 2 15 3 24 4 13 5 15 9 24 10 24 11 24 12 24 13 18 14 22
8 1 12 5 21 6 15 8 18 10 15 11 22 12 23 13 16
9 0 16 2 12 4 22 5 24 6 13 7 19 11 12 12 21 14 19
4 0 21 1 24 8 17 9 21
3 3 14 5 16 13 20
10 2 19 3 12 4 15 5 20 6 17 8 13 9 12 10 14 11 23 14 23
1 0 22
5
4 12 0.0013000000000000002
14 12 0.0023
11 0 0.0016
6 7 0.0014
14 12 0.0014
10
8 7 0.0012000000000000001 0.11431767361605148
12 14 0.0013000000000000002 0.1268705872647299
11 6 0.0016 0.1436805170192965
1 0 0.0022 0.11969917949563139
2 8 0.0012000000000000001 0.1473428196821024
6 13 0.0024000000000000002 0.14210797225276464
10 4 0.0024000000000000002 0.13819406899934736
9 0 0.0023 0.10652362830109831
2 13 0.0022 0.11765756677321915
8 4 0.0017000000000000001 0.10463076495320862
