15
8 1 12 3 23 4 12 8 14 9 19 11 17 12 24 14 22
4 0 20 3 19 10 14 11 16
8 0 13 1 17 3 22 9 18 11 23 12 17 13 23 14 15
9 1 14 5 20 6 20 7 23 8 21 11 15 12 20 13 15 14 19
12 0 16 1 16 2 14 3 21 5 15 6 14 7 15 8 18 9 22 12 16 13 17 14 23
8 2 24 4 24 6 22 7 14 8 12 9 12 13 24 14 23
5 0 23 7 18 9 17 11 13 12 19
11 0 15 2 17 3 18 4 15 5 23 6 19 9 22 10 21 11 16 12 14 14 23
5 0 22 2 22 3 21 4 20 10 12
9 0 12 1 22 3 19 4 12 6 21 7 24 8 18 10 24 12 15
4 2 13 4 24 7 21 12 20
4 1 22 5 18 6 14 7 18
12 0 12 1 18 2 24 3 16 4 23 6 16 8 20 9 14 10 14 11 16 13 12 14 19
5 4 22 5 15 6 20 7 19 14 12
2 0 17 9 13
5
9 5 0.0022
0 2 0.0023
7 13 0.0015
5 13 0.0022
9 6 0.0017000000000000001
10
2 9 0.0012000000000000001 0.11304318477645404
7 9 0.0022 0.12013320169225598
10 9 0.0013000000000000002 0.14301867897254916
6 13 0.0017000000000000001 0.14966174931353313
1 6 0.0012000000000000001 0.12364139777239208
10 4 0.0012000000000000001 0.11954726710033842
12 4 0.0012000000000000001 0.14621443518272703
13 14 0.0014 0.11508010180174302
13 12 0.0014 0.1039886275795867
8 3 0.0012000000000000001 0.11168210968177225
