15
6 3 17 6 13 9 17 11 16 13 14 14 19
3 4 12 6 14 14 21
6 0 23 4 24 5 21 6 17 8 21 14 19
7 0 13 1 16 2 19 4 13 7 16 9 13 13 19
6 0 24 1 22 8 21 9 21 12 14 13 12
5 0 21 1 17 3 15 11 19 12 19
2 10 12 11 24
2 5 14 11 20
2 2 14 14 24
7 0 13 6 14 7 22 8 17 11 24 12 24 14 21
11 0 13 1 13 3 18 5 14 6 15 7 18 8 24 9 14 11 20 12 22 14 16
5 0 22 1 17 8 15 13 12 14 12
13 0 22 1 24 2 23 3 24 4 12 5 12 6 24 7 20 8 14 9 14 11 14 13 19 14 19
4 1 16 7 13 12 22 14 14
2 3 17 8 24
5
4 8 0.0014
9 8 0.0016
3 13 0.0024000000000000002
8 2 0.0013000000000000002
12 3 0.0021000000000000003
10
11 10 0.0023 0.11602675325550986
0 11 0.0022 0.10702996286492925
6 11 0.0013000000000000002 0.12490778774665547
8 11 0.0013000000000000002 0.13790873047431296
12 10 0.002 0.10456296808825256
10 13 0.0015 0.1217722941121491
10 0 0.002 0.11658141442536703
8 0 0.0016 0.12704522509919605
4 7 0.002 0.11310340056229973
6 13 0.0022 0.1475927525641847
