15
13 1 12 2 24 3 21 4 15 5 18 7 14 8 24 9 14 10 17 11 14 12 22 13 23 14 18
10 0 21 3 13 5 20 6 19 8 12 9 15 10 16 11 24 12 14 14 20
13 0 20 1 15 3 13 4 22 5 14 6 24 7 24 8 23 9 14 10 21 11 23 13 20 14 19
12 0 19 1 24 4 24 5 22 6 22 7 15 9 14 10 23 11 22 12 18 13 17 14 21
2 5 12 7 14
11 0 15 1 15 2 22 3 22 4 19 7 14 8 13 9 20 10 18 13 12 14 22
10 1 17 3 12 4 21 7 13 8 24 9 16 10 22 11 24 13 22 14 12
6 1 24 2 21 3 17 5 17 11 18 14 19
13 0 19 1 14 2 14 3 22 4 17 5 19 6 14 7 17 9 18 11 13 12 21 13 12 14 21
6 2 24 3 15 4 22 8 17 11 24 13 24
9 1 24 2 23 3 16 4 12 5 14 6 14 7 24 12 14 13 18
9 1 23 2 15 4 23 5 20 7 20 10 17 12 16 13 23 14 16
4 1 23 6 20 9 16 14 13
11 0 20 1 13 2 22 3 16 5 23 6 14 7 13 8 22 9 15 11 21 14 22
9 0 24 1 17 2 12 4 23 6 17 7 17 9 15 10 21 11 16
5
5 8 0.0021000000000000003
1 3 0.002
4 2 0.0012000000000000001
4 5 0.0022
2 9 0.0018000000000000002
10
1 4 0.0018000000000000002 0.14378639897474424
9 13 0.0016 0.12115199351688544
7 9 0.0016 0.10123052233347667
5 12 0.0021000000000000003 0.14224422630685474
0 4 0.0013000000000000002 0.11784108942395718
13 12 0.0021000000000000003 0.144664722006005
13 8 0.0023 0.1271967092946736
1 2 0.0024000000000000002 0.14242083937158617
10 12 0.0015 0.13786039774914388
8 0 0.0024000000000000002 0.13148232977212995
