15
6 2 23 7 21 8 22 12 12 13 24 14 16
2 4 16 9 23
5 1 13 6 20 7 15 8 24 9 20
10 0 24 1 17 2 12 4 22 5 23 6 12 7 22 9 22 10 24 11 22
5 2 21 5 17 6 23 10 13 14 21
7 2 17 4 23 7 14 8 15 12 21 13 14 14 17
9 1 13 3 20 4 24 5 15 7 15 9 19 10 13 13 24 14 22
4 0 16 6 20 9 15 12 18
13 0 19 1 23 2 16 3 22 4 12 5 20 6 17 7 24 9 24 10 17 11 16 12 14 14 18
11 0 24 1 22 2 12 5 12 6 18 8 24 10 13 11 18 12 15 13 14 14 17
9 0 14 1 16 2 19 3 24 7 22 9 19 11 17 12 18 13 19
7 2 14 4 12 5 24 7 17 9 18 12 16 14 12
11 0 13 1 12 2 18 3 19 5 19 6 22 7 18 8 19 9 19 11 13 14 12
9 0 19 2 21 5 13 6 24 7 20 8 20 9 21 11 14 12 20
10 0 21 1 16 2 23 3 13 5 16 8 14 9 19 10 24 11 12 12 21
5
9 0 0.0022
2 12 0.0023
7 6 0.0023
8 6 0.0024000000000000002
1 2 0.0015
10
8 1 0.0015 0.10859739698752416
7 13 0.0019 0.11417396010825369
8 5 0.0024000000000000002 0.1126738651586158
8 14 0.0019 0.1279870012985914
12 7 0.0015 0.14233445622361093
5 2 0.0017000000000000001 0.1321812698896869
13 1 0.0018000000000000002 0.1384718495943439
10 7 0.0016 0.10748716921322374
10 4 0.0021000000000000003 0.10379993543597028
14 4 0.0013000000000000002 0.14142252458138024
