20
17 1 13 2 19 3 13 4 21 5 21 6 14 7 22 8 20 9 21 10 15 12 12 13 18 14 18 16 13 17 24 18 15 19 19
11 0 15 2 24 5 17 8 24 9 20 10 20 12 22 15 12 17 20 18 14 19 17
12 0 17 1 24 4 20 5 19 6 23 7 12 12 14 13 18 15 16 17 20 18 20 19 13
2 8 16 13 12
6 0 15 2 18 7 18 11 24 13 14 14 23
5 0 22 6 24 8 23 9 22 16 24
5 0 15 3 17 5 17 11 16 16 18
16 0 15 1 13 2 13 3 13 4 14 5 21 6 22 8 18 12 14 13 24 14 16 15 24 16 18 17 14 18 22 19 22
7 0 19 2 16 7 20 15 16 16 12 18 19 19 20
7 6 22 8 21 11 18 14 16 16 22 18 24 19 16
17 0 12 1 23 2 22 3 19 5 13 6 20 7 16 8 14 9 16 11 20 12 22 13 20 15 15 16 17 17 13 18 23 19 13
3 3 14 5 13 7 18
7 0 17 4 12 7 22 9 18 10 16 11 15 15 14
13 0 13 2 18 4 18 5 23 6 19 7 20 8 12 9 12 12 13 14 15 15 19 18 14 19 16
15 1 14 2 12 3 21 5 17 6 16 7 22 8 12 9 18 10 19 12 22 13 24 15 24 16 22 17 12 19 13
2 10 24 11 19
5 4 22 6 22 10 16 11 16 19 20
15 0 21 1 12 2 15 3 24 4 15 5 19 6 19 9 21 10 20 11 15 12 15 14 17 15 21 16 18 18 23
17 0 21 1 12 2 17 3 14 4 21 7 19 8 20 9 24 10 21 11 16 12 13 13 17 14 16 15 13 16 22 17 14 19 12
1 18 18
15
3 7 0.0021000000000000003
10 7 0.0016
9 1 0.0024000000000000002
14 5 0.0012000000000000001
14 13 0.002
9 1 0.0015
15 17 0.0018000000000000002
13 16 0.0017000000000000001
18 0 0.0018000000000000002
13 0 0.0013000000000000002
8 5 0.0012000000000000001
7 1 0.0013000000000000002
6 12 0.0019
4 13 0.0018000000000000002
16 19 0.0014
15
17 3 0.0014 0.1272549041837636
7 18 0.0022 0.11254346535588945
7 11 0.0023 0.12291324490187051
17 16 0.002 0.12695786210265933
12 10 0.0014 0.1267576422713354
5 7 0.0022 0.12397118299854619
6 16 0.0013000000000000002 0.14516842459851043
5 15 0.0019 0.12342810818616383
5 8 0.0021000000000000003 0.121693155978929
1 11 0.0019 0.13812750383669536
4 6 0.0021000000000000003 0.1288610015466594
15 7 0.0018000000000000002 0.1363931861623938
13 15 0.0023 0.14396825359059007
0 9 0.0021000000000000003 0.10368960461842573
8 19 0.0012000000000000001 0.13551544511936509
