20
3 2 12 17 16 19 12
11 0 18 3 14 4 12 6 20 7 23 9 23 10 16 11 14 16 13 17 18 18 15
3 10 18 12 17 14 12
18 0 18 1 12 2 16 4 19 5 13 6 22 7 24 8 23 9 15 10 12 11 19 12 22 13 18 14 12 15 23 17 18 18 22 19 21
16 0 22 1 22 2 20 3 13 6 17 7 18 8 22 9 16 10 16 12 16 13 23 14 15 15 19 16 13 17 22 18 23
6 2 18 4 12 11 19 17 22 18 15 19 20
8 1 16 5 21 9 21 10 18 13 14 16 12 17 17 18 15
5 0 14 3 15 8 17 10 24 16 23
4 2 24 4 23 5 18 10 13
15 2 22 3 16 4 12 5 12 7 21 8 18 10 17 11 12 12 21 14 15 15 15 16 13 17 16 18 23 19 19
7 0 24 2 21 5 21 6 16 7 24 16 12 18 14
16 0 20 1 16 2 17 5 13 6 18 7 13 8 23 9 12 10 22 12 15 13 18 14 24 15 12 16 19 17 12 18 13
15 0 14 1 19 2 15 4 21 5 14 6 18 7 24 8 13 10 16 11 19 13 24 14 12 15 17 16 12 18 23
4 1 21 5 24 14 16 19 13
2 1 13 10 21
14 0 18 1 23 2 14 3 16 4 23 6 20 8 21 9 12 10 14 11 15 12 17 13 12 16 17 17 16
9 0 24 1 12 2 20 7 15 8 17 11 18 14 22 15 24 19 22
14 0 12 4 16 5 22 6 18 7 22 8 19 9 20 10 24 11 16 12 16 13 20 14 22 18 17 19 19
2 8 22 13 17
1 16 19
15
9 1 0.0012000000000000001
3 2 0.0016
6 4 0.0014
3 16 0.0022
14 15 0.0024000000000000002
8 12 0.0022
12 6 0.0018000000000000002
9 18 0.0013000000000000002
19 11 0.0015
6 0 0.0019
10 18 0.0021000000000000003
18 5 0.0015
9 3 0.002
11 10 0.0014
19 5 0.0013000000000000002
15
2 5 0.002 0.10094350781989414
12 16 0.0024000000000000002 0.14789485321212284
19 16 0.0014 0.12094251808592005
18 10 0.0013000000000000002 0.12260126511487963
6 12 0.0018000000000000002 0.11233075353491735
9 5 0.0016 0.10516590630230781
18 12 0.0022 0.10164448776166096
2 16 0.0022 0.12357362793538253
14 15 0.0012000000000000001 0.14381363681194115
2 10 0.002 0.12914088937330748
19 1 0.0022 0.11756753676198546
17 16 0.0019 0.1207163766083296
1 5 0.0019 0.1197545546902071
11 14 0.0018000000000000002 0.14318318926817003
15 19 0.002 0.14633009286702137
