20
6 1 18 2 19 5 18 11 14 13 24 16 13
15 2 19 3 17 5 23 6 17 7 15 8 12 11 19 12 15 13 22 14 21 15 19 16 16 17 21 18 17 19 24
2 15 16 18 21
16 0 12 1 20 2 18 4 19 5 20 6 20 8 19 10 17 11 13 12 20 13 18 14 14 15 21 16 14 17 16 18 14
10 1 24 3 15 6 20 7 22 10 14 14 21 15 21 16 13 18 12 19 23
18 0 22 1 19 2 22 3 20 4 13 6 17 7 16 8 14 9 12 10 13 11 24 12 16 13 18 15 20 16 20 17 19 18 12 19 17
13 0 18 1 17 2 23 3 21 5 24 10 23 12 18 13 14 14 15 15 24 16 17 17 24 19 22
12 0 19 2 21 3 19 5 14 8 22 9 13 11 18 12 15 13 20 14 18 16 12 18 24
18 0 15 1 19 3 14 4 13 5 22 6 22 7 18 9 13 10 13 11 12 12 23 13 21 14 19 15 23 16 16 17 12 18 19 19 23
2 15 14 17 17
5 2 15 3 13 5 13 11 22 17 17
4 8 15 10 16 16 24 18 24
14 2 17 3 18 5 15 6 23 7 19 8 20 9 14 10 16 11 17 13 18 14 16 15 16 16 14 18 14
1 10 16
13 0 20 2 21 4 22 7 15 8 14 10 14 12 19 13 19 15 24 16 24 17 16 18 13 19 15
1 11 16
2 1 17 19 20
3 6 13 12 15 14 16
15 0 13 1 23 2 22 5 16 8 24 9 19 10 15 11 14 12 12 13 22 14 15 15 20 16 21 17 12 19 14
13 0 22 1 20 3 18 4 20 6 19 7 12 8 13 9 12 11 24 12 21 13 19 16 22 18 20
15
18 16 0.0012000000000000001
10 12 0.0019
16 13 0.0013000000000000002
14 11 0.002
19 1 0.0017000000000000001
6 2 0.0012000000000000001
13 0 0.002
18 16 0.0023
14 0 0.0016
1 10 0.0014
16 6 0.0022
16 13 0.0023
2 0 0.0014
3 10 0.0019
13 15 0.0019
15
12 7 0.002 0.12134865349177643
2 15 0.0022 0.13167527419755826
11 9 0.0019 0.10676143406825289
7 8 0.0013000000000000002 0.13230869234312387
5 1 0.0016 0.1214753378023093
1 15 0.0023 0.11875804576311376
11 12 0.0024000000000000002 0.1315876406006104
12 0 0.0021000000000000003 0.10004560203570205
15 14 0.0015 0.1313858865572844
9 17 0.0018000000000000002 0.12304724126190358
4 19 0.0015 0.12219284745782065
15 11 0.0013000000000000002 0.11706203998087664
5 0 0.0014 0.1414887127039623
1 13 0.0024000000000000002 0.11700151242357051
11 12 0.0022 0.13240147869442567
