20
9 1 13 3 15 5 20 7 17 8 18 9 14 11 20 12 22 14 16
4 3 13 6 18 12 17 13 22
17 0 12 1 23 3 15 4 17 5 13 6 13 7 23 8 19 9 15 10 24 12 19 13 18 14 20 15 15 16 20 17 12 19 17
3 9 20 11 13 18 24
12 2 18 5 19 7 23 10 21 11 24 12 20 14 21 15 16 16 22 17 15 18 12 19 14
18 0 21 2 21 3 16 4 18 6 17 7 19 8 18 9 12 10 15 11 17 12 21 13 17 14 24 15 15 16 14 17 24 18 13 19 12
16 0 20 2 15 3 14 4 22 5 13 7 15 8 15 10 24 11 21 12 22 14 16 15 24 16 20 17 22 18 14 19 19
14 0 13 1 22 2 21 3 22 4 22 6 13 9 16 11 12 12 19 13 14 15 15 16 24 18 18 19 23
17 0 16 1 12 2 14 3 21 4 22 5 21 6 19 9 22 11 18 12 24 13 18 14 18 15 16 16 13 17 18 18 23 19 13
9 1 16 3 24 5 18 6 19 7 19 8 19 10 22 11 14 17 21
5 1 16 3 22 11 21 17 20 19 13
7 2 16 3 21 4 14 9 15 14 24 15 23 19 23
3 4 22 16 15 17 16
4 3 23 10 19 17 17 19 17
10 0 21 1 14 3 14 6 22 9 15 12 12 15 17 16 17 18 17 19 17
9 2 21 3 22 4 20 6 19 7 20 11 23 13 17 14 23 19 13
2 18 12 19 23
12 0 16 2 12 3 16 5 13 7 13 8 17 10 20 12 18 13 16 15 17 16 18 19 20
5 4 13 5 22 10 21 16 18 17 18
6 1 21 8 19 10 15 11 24 13 23 17 12
15
4 10 0.0023
5 2 0.0015
17 11 0.002
8 3 0.002
9 16 0.0015
2 13 0.002
0 2 0.0018000000000000002
9 0 0.0016
12 1 0.0016
16 11 0.0024000000000000002
0 19 0.0019
6 13 0.0014
4 1 0.0018000000000000002
13 16 0.0012000000000000001
11 4 0.0018000000000000002
15
12 10 0.0014 0.13570959728418108
14 15 0.0023 0.1391070114308844
5 13 0.0021000000000000003 0.12665044581816787
0 7 0.0024000000000000002 0.10957942661201031
1 17 0.0019 0.11581741981227803
14 16 0.0017000000000000001 0.10278549985296599
4 15 0.0019 0.11182317325071929
9 3 0.0016 0.11799433852394949
15 16 0.0022 0.11158862384570677
4 14 0.0022 0.14527988736998035
17 18 0.0019 0.11324542606402932
7 18 0.0015 0.10292849368578598
13 2 0.0019 0.1003819889395831
15 11 0.0015 0.11805207211775787
8 6 0.0012000000000000001 0.14945549292771168
