20
14 1 13 2 14 3 22 4 24 7 15 8 23 9 24 11 15 13 16 14 12 15 21 16 23 17 24 19 14
7 0 14 3 23 6 14 7 17 9 12 18 20 19 23
13 0 18 1 23 3 21 5 18 6 18 7 22 8 21 10 14 13 13 14 13 15 16 17 21 19 24
10 2 20 6 12 7 24 8 14 9 14 10 12 11 17 15 22 16 18 18 22
16 0 13 1 21 2 12 5 16 6 22 7 24 8 18 9 15 10 17 11 14 12 19 13 16 14 22 15 24 16 13 18 12
3 4 24 6 22 10 12
5 5 17 8 13 9 12 12 18 16 17
15 0 18 2 20 3 13 4 17 8 18 9 18 10 20 11 14 13 15 14 23 15 14 16 15 17 18 18 19 19 14
10 1 21 4 19 6 24 7 13 9 16 10 13 12 22 13 20 15 20 18 24
8 4 17 5 21 6 12 7 23 8 12 11 21 13 14 16 12
7 1 24 5 18 8 17 13 19 14 20 15 12 17 15
11 1 14 4 17 6 21 8 16 9 23 10 19 12 20 13 17 14 24 15 19 17 23
4 1 12 3 13 7 14 8 19
13 0 21 2 19 3 23 4 14 6 12 7 13 8 12 10 19 12 17 16 24 17 18 18 15 19 19
16 0 13 2 21 3 21 4 22 6 19 7 19 9 12 10 16 11 23 12 23 13 18 15 24 16 14 17 12 18 16 19 14
5 0 24 2 19 3 23 6 23 9 12
13 1 21 4 21 5 14 6 18 7 17 10 16 11 13 12 20 13 18 14 16 15 20 17 17 19 16
2 6 13 19 13
18 0 16 1 17 2 16 3 15 4 19 5 24 7 13 8 21 9 19 10 17 11 19 12 16 13 15 14 20 15 23 16 17 17 18 19 22
13 0 24 2 21 3 21 4 14 6 18 7 19 8 13 9 23 12 14 13 17 15 24 16 14 17 14
15
6 9 0.0023
6 12 0.0012000000000000001
14 3 0.0013000000000000002
13 17 0.0019
4 0 0.0016
9 10 0.0013000000000000002
19 2 0.002
16 2 0.0017000000000000001
16 10 0.0014
4 8 0.0012000000000000001
18 12 0.0015
19 11 0.0023
2 1 0.0017000000000000001
19 1 0.0021000000000000003
16 19 0.0021000000000000003
15
16 17 0.0017000000000000001 0.1137849648490557
12 4 0.0013000000000000002 0.13522246659978127
13 7 0.0014 0.1307596444356809
11 9 0.0024000000000000002 0.13588848629982747
8 16 0.0024000000000000002 0.13537091458973072
14 17 0.0022 0.14809989327141102
12 2 0.0013000000000000002 0.1049686259526972
3 11 0.0022 0.10692618055498254
0 10 0.0024000000000000002 0.12580829008068167
10 9 0.0015 0.13813124219065415
3 11 0.0024000000000000002 0.12810103980817764
0 5 0.0023 0.12796221091241378
12 1 0.0023 0.13397440200088276
1 13 0.0015 0.12445230570217805
14 12 0.0016 0.12707769597845978
