20
8 1 24 2 13 5 24 6 21 13 22 14 14 18 18 19 12
3 5 15 10 19 16 12
9 1 15 4 20 6 14 7 18 11 23 13 21 16 17 18 20 19 15
7 1 12 2 20 7 18 10 13 13 12 15 19 16 12
16 0 17 1 13 2 20 3 23 5 18 6 21 7 24 9 24 10 17 11 16 12 12 14 14 15 14 16 14 17 16 18 13
13 0 23 1 21 2 12 3 18 4 24 7 23 11 12 12 15 13 22 14 23 16 24 17 18 19 21
7 2 21 4 15 5 24 8 19 11 15 12 16 16 24
7 0 13 2 12 3 16 5 24 15 22 16 15 17 21
18 0 19 1 21 2 22 3 21 4 24 5 19 6 12 7 21 9 22 10 12 11 16 13 20 14 12 15 12 16 20 17 17 18 17 19 13
12 0 24 1 12 5 22 6 21 7 17 10 22 12 21 13 21 15 20 16 18 17 19 19 18
9 3 24 7 22 9 17 12 13 13 16 14 19 16 21 18 18 19 23
9 0 21 1 18 2 24 3 18 8 16 16 24 17 12 18 20 19 15
17 0 24 1 22 2 19 3 17 4 19 6 20 7 19 8 22 9 14 10 20 11 18 14 16 15 21 16 17 17 13 18 20 19 20
14 0 16 1 12 2 19 4 15 6 16 8 19 9 13 10 24 12 18 14 23 15 16 16 22 17 16 19 24
16 0 18 1 16 3 19 4 22 6 15 7 12 8 22 9 13 10 20 12 23 13 12 15 18 16 15 17 20 18 21 19 24
12 1 13 2 21 3 17 5 13 7 24 8 15 9 13 10 15 13 17 17 12 18 22 19 17
12 0 20 1 15 2 23 3 24 7 22 8 24 9 13 11 15 12 22 14 24 15 21 19 22
18 0 24 1 16 2 13 3 14 4 24 5 12 6 15 7 15 8 19 10 18 11 18 12 22 13 14 14 22 15 18 16 17 18 14 19 13
2 7 17 8 18
14 0 24 1 23 2 12 4 21 6 19 7 18 9 21 10 17 11 13 12 22 13 22 14 23 17 24 18 19
15
18 13 0.0021000000000000003
6 18 0.0012000000000000001
5 9 0.0019
10 19 0.0021000000000000003
2 18 0.0021000000000000003
12 16 0.0018000000000000002
14 7 0.0022
19 17 0.0023
8 17 0.0021000000000000003
5 9 0.0014
18 17 0.002
16 15 0.0021000000000000003
7 6 0.0021000000000000003
14 12 0.0016
15 13 0.0022
15
8 3 0.0023 0.1414688417213746
2 14 0.0012000000000000001 0.14025947055263188
10 9 0.0014 0.12062820870551555
1 0 0.0013000000000000002 0.10501541607973292
17 16 0.0023 0.13741522635259695
17 11 0.0015 0.10700066329043567
0 9 0.0023 0.14574079676926305
12 17 0.0023 0.10930714146578294
2 4 0.0015 0.13890297420750097
17 19 0.002 0.10540689111348736
9 16 0.0019 0.12100850510121595
17 3 0.0012000000000000001 0.11179471104289376
2 4 0.0015 0.11283443456818075
8 16 0.002 0.13279734389799253
15 16 0.002 0.1024320380335793
