20
6 6 18 11 18 12 16 13 23 14 13 15 21
2 11 18 16 21
11 0 15 6 16 8 13 10 18 11 20 12 15 13 24 14 19 15 18 18 18 19 18
18 0 17 1 22 2 17 4 12 5 12 6 21 7 18 8 16 9 18 10 14 11 13 12 24 13 13 14 17 15 24 16 14 17 19 19 16
12 0 22 2 22 3 22 5 18 6 18 8 14 10 22 11 19 13 17 14 12 18 18 19 18
16 0 24 1 14 2 16 3 20 4 17 6 14 8 15 9 22 10 23 12 14 13 20 15 16 16 17 17 13 18 14 19 16
2 7 15 14 12
2 15 12 19 23
1 16 18
12 1 15 4 13 5 19 7 19 8 15 11 12 12 16 15 24 16 12 17 21 18 24 19 23
7 0 17 4 12 5 22 6 15 12 23 15 18 16 22
18 0 23 1 20 2 15 3 21 5 15 6 17 7 14 8 23 9 12 10 19 12 13 13 18 14 22 15 22 16 14 17 22 18 17 19 21
3 8 23 15 13 16 24
15 0 19 1 17 2 22 3 17 4 15 5 23 6 19 8 22 9 14 11 18 12 24 14 13 16 23 18 12 19 12
15 0 12 2 14 3 23 4 17 5 17 6 20 8 15 9 17 11 21 13 23 15 17 16 17 17 14 18 20 19 20
13 0 15 2 19 3 22 5 23 6 15 7 14 10 18 11 18 12 14 13 24 14 23 16 21 17 17
3 1 15 12 15 14 16
16 0 22 1 24 3 12 4 24 5 16 6 16 7 17 8 20 9 23 10 23 11 20 12 14 13 23 15 24 16 12 18 15
6 0 23 2 18 3 12 4 22 9 24 15 21
16 0 18 1 20 2 22 4 13 5 20 6 15 7 19 8 24 9 19 10 23 11 20 12 20 13 18 14 23 15 18 17 12
15
1 16 0.0023
2 7 0.0017000000000000001
5 18 0.0019
10 6 0.0019
13 8 0.0012000000000000001
15 10 0.0016
2 18 0.0023
7 1 0.0022
11 6 0.0022
0 4 0.0018000000000000002
12 11 0.0014
10 13 0.0012000000000000001
2 5 0.0013000000000000002
18 6 0.0022
17 16 0.0018000000000000002
15
0 9 0.0023 0.13736393612231296
2 0 0.0023 0.14602778146486378
14 17 0.0016 0.1023864270011238
18 5 0.0022 0.14551608047923748
5 2 0.0022 0.11182371387864119
15 3 0.0012000000000000001 0.12147702391988628
16 6 0.002 0.10314621770192589
3 4 0.0018000000000000002 0.14174177146313086
0 12 0.0021000000000000003 0.11266775683357039
6 18 0.0016 0.1271836635900633
7 3 0.0023 0.10296089036337595
9 14 0.0013000000000000002 0.12310401448253365
12 13 0.0014 0.13776711773457107
17 13 0.0021000000000000003 0.12648594716674277
2 13 0.0018000000000000002 0.14708686437899826
