20
7 1 18 3 17 8 22 10 17 14 17 15 14 16 17
16 0 15 2 21 3 22 4 15 5 20 6 13 7 13 8 14 9 13 10 24 11 15 14 14 15 21 17 15 18 18 19 14
11 0 15 4 18 5 18 8 14 9 13 10 12 13 24 14 12 16 23 18 14 19 23
1 8 20
12 0 19 3 14 5 24 6 12 7 21 8 14 9 15 10 14 11 14 14 21 16 15 17 15
12 0 18 1 22 2 20 7 12 8 19 9 18 12 22 13 18 14 18 16 24 17 15 19 17
17 0 12 1 15 2 23 3 20 4 12 5 12 9 22 10 24 11 23 12 22 13 14 14 18 15 16 16 23 17 24 18 21 19 24
12 0 18 1 13 2 15 3 19 11 14 12 19 13 15 14 13 15 17 17 18 18 18 19 13
8 4 14 5 16 6 12 9 16 11 19 13 20 14 18 17 21
5 0 17 1 23 3 12 5 20 13 14
3 5 21 13 23 15 17
10 2 24 5 15 7 24 8 19 9 22 12 21 13 16 15 13 17 13 18 21
13 0 15 1 24 2 20 4 14 5 20 6 18 7 15 8 14 10 13 11 16 14 14 16 15 17 20
2 2 14 12 24
2 3 15 15 24
15 0 15 1 13 2 22 3 13 5 14 6 14 8 13 10 15 11 18 12 22 13 14 14 21 16 12 18 24 19 12
7 2 20 5 12 7 24 11 16 12 14 14 22 17 23
12 0 18 1 17 3 13 4 16 6 22 7 19 10 22 11 24 14 14 15 21 16 17 18 20
13 0 22 1 17 2 16 3 13 5 22 7 22 8 18 10 14 11 16 12 20 13 19 15 19 19 16
17 0 24 1 22 2 14 3 13 5 17 6 12 7 20 8 21 9 16 10 22 11 14 12 18 13 13 14 19 15 20 16 19 17 12
15
5 15 0.0023
11 1 0.002
16 10 0.002
16 13 0.0012000000000000001
3 13 0.0024000000000000002
10 9 0.0013000000000000002
5 17 0.0023
1 11 0.0024000000000000002
2 14 0.0012000000000000001
14 9 0.0022
5 0 0.0018000000000000002
1 9 0.0014
7 0 0.0021000000000000003
0 18 0.0012000000000000001
6 10 0.0023
15
4 3 0.0021000000000000003 0.14209302301903526
7 4 0.0015 0.11123895948024047
14 6 0.0016 0.12664363706456733
10 6 0.0019 0.14026852560136885
14 0 0.0016 0.14960307412659196
9 15 0.0017000000000000001 0.11819267434375019
9 16 0.0012000000000000001 0.14237281736971139
16 5 0.0013000000000000002 0.14759073809817416
2 14 0.0018000000000000002 0.12604407833876063
16 13 0.0021000000000000003 0.12802774321494878
5 12 0.002 0.14525080816948985
12 7 0.0016 0.14063689687847514
4 19 0.0015 0.10185394890995915
1 14 0.0015 0.14833906702686575
6 17 0.002 0.12922776167194366
