20
17 1 13 2 17 3 18 4 17 5 22 6 15 8 21 9 22 10 24 11 24 12 17 13 15 14 18 15 22 17 12 18 20 19 22
3 0 14 3 15 17 22
15 1 24 3 16 4 22 5 12 8 18 10 13 11 17 12 18 13 17 14 16 15 23 16 19 17 21 18 24 19 21
16 2 14 4 20 5 19 6 16 7 20 9 23 10 22 11 19 12 16 13 23 14 14 15 15 16 18 17 13 18 15 19 16
16 0 22 1 20 2 15 5 19 6 23 7 17 8 19 9 21 11 14 12 24 13 16 14 17 16 22 17 14 18 20 19 17
5 3 14 7 16 9 21 15 16 18 21
8 0 21 2 14 5 20 9 23 12 21 15 15 17 13 18 16
4 2 20 5 18 13 19 16 23
15 0 12 1 22 2 19 3 18 4 14 5 19 9 13 11 14 12 24 13 24 14 15 15 18 16 23 18 22 19 15
15 0 19 2 23 3 18 4 20 6 21 7 20 8 24 10 21 11 21 12 23 13 18 14 14 16 19 17 16 19 20
9 4 24 5 19 8 24 9 24 11 15 12 14 14 14 15 22 17 22
1 16 23
15 0 17 1 14 2 24 3 18 4 21 5 16 6 23 7 12 8 14 9 13 11 20 14 20 16 15 17 19 19 14
10 0 20 1 12 2 19 5 12 6 19 9 14 11 22 12 15 15 17 18 17
16 0 19 1 23 2 12 3 18 4 24 5 23 6 21 7 23 8 20 9 15 10 15 11 14 13 16 15 18 17 23 19 16
16 0 24 1 13 2 24 3 22 4 16 6 23 7 21 8 23 9 19 10 14 11 22 12 14 13 19 16 14 18 15 19 19
14 0 24 1 17 2 19 3 21 4 18 5 12 7 19 8 18 9 24 11 18 13 22 15 15 17 17 18 20
10 0 16 1 21 2 19 5 20 9 13 13 19 14 15 16 20 18 13 19 24
11 3 13 4 16 5 23 7 23 9 18 12 18 14 13 15 17 16 19 17 12 19 20
6 0 14 6 14 7 19 12 12 13 19 16 13
15
1 6 0.0015
1 17 0.0012000000000000001
18 2 0.0014
5 17 0.0015
13 8 0.0018000000000000002
10 19 0.0018000000000000002
1 5 0.0019
17 8 0.002
1 2 0.0022
17 15 0.0018000000000000002
3 0 0.0015
9 14 0.0024000000000000002
12 18 0.0018000000000000002
17 0 0.0016
7 18 0.0012000000000000001
15
0 8 0.0024000000000000002 0.1283401945427041
18 17 0.0019 0.14614226976001746
3 17 0.0023 0.13254862594865544
11 4 0.0018000000000000002 0.119383166282475
5 6 0.0015 0.10729395026782788
11 8 0.0016 0.1194779257983149
19 13 0.0021000000000000003 0.13869632350889557
13 19 0.0013000000000000002 0.10245635639874538
4 6 0.0016 0.13500594255766696
5 18 0.0021000000000000003 0.14900828971089716
2 15 0.0014 0.13969710374015037
14 6 0.0024000000000000002 0.11953770247944549
0 14 0.0024000000000000002 0.12992935433427713
4 7 0.0019 0.13117883024989513
19 15 0.002 0.14434975847581896
