20
9 5 18 7 13 11 16 13 20 15 16 16 15 17 23 18 21 19 16
1 17 22
4 1 24 3 22 7 14 13 19
16 0 14 1 18 2 13 4 15 5 20 6 14 7 18 8 13 9 12 10 17 11 21 12 12 13 23 17 21 18 18 19 13
13 0 22 1 18 2 15 6 17 7 20 9 12 10 23 11 20 12 15 13 12 14 12 15 13 17 21
1 6 18
4 1 21 11 12 14 24 16 12
3 8 21 14 18 17 17
15 1 19 2 12 3 12 4 19 5 24 6 14 7 13 10 12 11 12 12 13 14 16 15 22 16 24 17 20 18 17
14 0 20 1 21 2 21 3 12 4 20 5 22 6 20 7 19 8 16 11 12 13 15 14 12 17 12 19 22
12 3 12 4 13 5 22 6 14 8 13 12 19 13 15 14 17 15 18 17 23 18 24 19 24
3 7 22 16 16 18 14
7 0 22 1 20 13 22 14 24 16 23 18 20 19 13
16 0 23 1 13 2 23 3 12 4 22 5 24 7 16 8 20 9 12 10 19 11 16 14 23 15 21 16 12 18 19 19 24
8 1 20 2 14 5 19 6 24 7 15 13 12 18 21 19 19
1 11 18
6 3 16 8 18 12 17 14 22 18 16 19 20
10 1 19 5 20 6 19 7 21 8 22 11 14 13 20 15 14 16 23 18 16
13 0 13 3 12 4 21 5 18 6 13 7 19 8 14 11 20 12 17 13 18 14 22 16 14 17 12
16 0 16 1 17 2 23 3 23 4 18 5 21 7 14 8 20 9 19 10 24 11 18 14 15 15 24 16 20 17 23 18 14
15
14 5 0.0017000000000000001
14 5 0.0024000000000000002
11 13 0.0022
17 16 0.0022
3 19 0.0018000000000000002
8 4 0.0013000000000000002
16 5 0.0021000000000000003
4 10 0.002
1 16 0.0023
1 9 0.0012000000000000001
18 0 0.0021000000000000003
5 11 0.0022
13 9 0.0019
10 7 0.0021000000000000003
13 1 0.0023
15
4 0 0.0024000000000000002 0.12069106614049499
13 12 0.0022 0.12854780663780366
14 18 0.0013000000000000002 0.11538118245109959
4 1 0.0016 0.14189490798977208
8 12 0.0024000000000000002 0.1219890744525053
15 10 0.0012000000000000001 0.1074463828815478
4 15 0.0014 0.13686612698641065
5 8 0.0012000000000000001 0.13849737547274465
14 3 0.0013000000000000002 0.1030712623951559
14 15 0.0021000000000000003 0.11313749404622034
19 4 0.0014 0.13727360477166972
13 14 0.0012000000000000001 0.1249564186600418
4 3 0.0012000000000000001 0.12946493072419904
3 12 0.0014 0.11675507243460403
14 2 0.0017000000000000001 0.11618610305321075
