20
16 1 12 2 17 4 16 5 14 6 13 7 24 8 16 9 19 11 18 12 16 13 13 14 17 15 24 17 18 18 21 19 17
16 0 16 2 19 3 19 5 21 6 23 7 22 8 18 9 13 10 20 11 21 14 14 15 20 16 15 17 15 18 24 19 21
17 1 19 3 16 4 16 5 23 6 23 7 23 8 18 9 13 10 17 11 13 12 15 13 15 14 22 15 23 16 16 17 12 18 14
17 0 21 1 21 2 13 4 16 5 18 6 20 7 13 8 21 9 12 10 17 11 23 12 14 13 18 14 20 15 24 16 14 19 16
4 1 22 9 22 13 15 15 14
8 2 19 7 12 9 24 10 15 11 12 12 12 15 14 18 19
16 0 16 1 23 2 17 3 14 4 20 7 12 9 14 10 22 11 12 12 18 13 13 15 22 16 12 17 13 18 15 19 16
17 0 18 2 20 3 12 4 21 5 16 6 20 9 15 10 22 11 12 12 22 13 14 14 17 15 18 16 24 17 24 18 15 19 18
13 0 16 1 22 2 12 3 22 4 23 9 16 11 23 13 12 14 12 15 22 16 12 18 13 19 19
10 0 17 2 12 4 12 5 15 6 22 7 20 10 19 16 14 18 23 19 20
15 0 15 1 17 3 15 4 22 5 15 6 24 7 19 8 14 9 16 11 12 13 12 14 16 16 22 17 21 19 15
17 0 21 1 20 2 19 3 19 5 20 7 13 8 12 9 17 10 16 12 14 13 16 14 21 15 18 16 19 17 18 18 12 19 22
16 0 15 1 12 2 24 5 19 6 22 7 22 9 22 10 21 11 16 13 18 14 22 15 12 16 12 17 21 18 13 19 19
7 2 23 3 16 6 20 7 20 9 14 14 17 15 16
6 0 16 4 20 5 20 6 12 8 23 10 13
5 8 22 9 18 11 23 13 20 17 19
10 2 19 5 23 6 24 7 23 8 18 9 21 10 12 13 19 18 15 19 16
13 0 13 5 21 6 23 8 22 9 20 10 14 11 20 12 21 13 14 15 15 16 14 18 22 19 21
17 0 16 1 17 3 20 4 19 5 22 6 15 7 23 8 15 9 16 11 13 12 13 13 23 14 18 15 21 16 24 17 20 19 12
18 0 22 1 13 2 23 3 16 4 20 5 13 6 20 7 22 8 12 10 23 11 15 12 16 13 24 14 20 15 19 16 12 17 18 18 23
15
13 12 0.0019
4 16 0.0017000000000000001
9 8 0.0022
15 3 0.0018000000000000002
17 0 0.0019
0 5 0.0023
3 4 0.0021000000000000003
6 11 0.0012000000000000001
13 15 0.0023
12 6 0.0023
18 16 0.0024000000000000002
3 9 0.0024000000000000002
5 10 0.0024000000000000002
13 6 0.0017000000000000001
13 18 0.0021000000000000003
15
11 9 0.0017000000000000001 0.10332673591556966
5 8 0.0016 0.12001919678647502
3 18 0.002 0.11423490441563383
15 12 0.0024000000000000002 0.13330518006574227
17 14 0.0013000000000000002 0.1228325256627639
0 19 0.0023 0.11414746383227947
2 5 0.0014 0.11437971376918077
19 16 0.0017000000000000001 0.1295545973865413
4 19 0.0019 0.13673752150578802
5 14 0.0024000000000000002 0.1239772748228957
13 10 0.0022 0.12573304547386494
4 11 0.002 0.10149706592128765
8 17 0.0021000000000000003 0.1014939266979136
13 6 0.0012000000000000001 0.12219936238467058
2 12 0.002 0.10200477026000448
