20
6 4 24 6 12 9 22 11 15 13 18 19 20
13 0 21 3 21 4 21 5 16 7 20 9 16 11 18 12 20 14 20 16 16 17 20 18 23 19 17
1 8 16
9 2 21 4 12 12 24 13 18 14 16 15 21 16 12 17 20 18 23
12 1 17 2 19 3 24 5 21 7 18 8 16 9 24 11 24 12 17 13 15 15 20 17 15
7 2 18 6 14 7 13 9 24 17 16 18 23 19 20
10 0 13 1 16 3 23 8 20 9 24 10 14 12 16 13 20 16 17 17 17
17 0 24 1 15 2 23 4 12 6 24 8 12 9 15 10 22 11 13 12 14 13 17 14 12 15 16 16 24 17 23 18 23 19 21
3 10 20 14 17 16 24
5 2 17 7 20 11 18 13 14 14 20
18 0 23 1 19 2 12 3 24 4 13 5 18 6 14 7 12 8 20 9 15 12 13 13 14 14 19 15 20 16 24 17 16 18 22 19 16
8 6 12 7 20 8 19 10 22 13 14 14 17 16 23 19 16
7 0 13 1 16 4 14 7 23 8 19 9 12 17 13
15 0 23 1 20 2 13 3 12 5 19 6 21 7 13 8 22 10 12 11 24 12 20 15 14 16 12 17 18 19 24
9 0 21 1 17 3 19 5 23 7 16 8 13 9 19 10 13 12 20
13 1 18 2 23 3 14 6 12 7 23 9 23 10 23 11 21 12 21 13 19 16 12 18 18 19 13
10 2 17 3 15 4 21 5 24 6 22 7 14 9 15 10 23 12 15 18 17
7 0 19 2 18 5 15 7 12 10 23 13 21 16 24
2 2 18 19 15
13 0 23 1 20 2 12 3 24 4 14 5 16 9 17 10 19 12 19 13 22 15 20 16 23 17 22
15
17 14 0.0022
7 16 0.002
7 1 0.0018000000000000002
18 8 0.0022
0 16 0.0024000000000000002
15 7 0.0024000000000000002
4 15 0.0016
4 10 0.0022
15 4 0.0015
13 7 0.0012000000000000001
16 13 0.0015
6 4 0.0019
18 6 0.0021000000000000003
2 3 0.0012000000000000001
14 4 0.0015
15
10 17 0.0016 0.12135318458093339
9 4 0.002 0.12906784001877086
4 11 0.0019 0.12860890069185518
8 9 0.0023 0.10879892820503181
1 11 0.0018000000000000002 0.10596027998158299
10 16 0.0014 0.10763912226074099
9 3 0.0019 0.10120168636431529
6 3 0.0022 0.10654425733320619
15 10 0.0018000000000000002 0.11181921608127378
13 8 0.0015 0.103545804828502
3 13 0.0015 0.10285688462252526
18 1 0.0016 0.14014350340579113
17 6 0.0018000000000000002 0.13100184429197886
9 0 0.0019 0.13201855310541788
15 17 0.0015 0.1109681953805454
