20
9 2 23 4 24 6 17 8 20 11 22 12 15 14 21 16 18 19 21
14 0 18 2 23 4 16 5 21 7 14 8 24 9 12 10 20 11 14 12 16 13 23 16 20 17 16 18 17
2 14 24 19 23
8 5 20 6 21 8 22 9 14 14 20 15 13 17 14 19 20
10 1 17 3 14 5 21 6 13 7 22 8 15 11 23 13 23 16 24 19 23
1 10 12
14 1 18 2 12 3 14 8 19 9 22 10 19 12 19 13 20 14 12 15 23 16 16 17 24 18 15 19 12
12 0 14 1 23 2 17 4 20 5 24 8 19 9 15 13 14 14 18 15 22 16 15 17 24
10 0 14 1 15 5 15 6 21 10 23 11 19 12 19 13 21 14 14 19 16
13 0 17 1 13 3 22 5 19 6 18 8 20 10 19 11 20 13 18 14 19 16 18 17 21 19 24
15 0 21 1 19 4 14 5 19 6 12 7 18 9 21 11 23 12 20 13 23 14 23 15 16 16 24 18 18 19 21
2 7 16 8 19
11 2 21 4 13 5 16 8 22 9 24 10 13 13 17 14 12 15 21 16 21 18 17
9 0 17 4 21 5 23 6 19 7 17 9 17 15 15 16 13 17 14
2 6 22 11 18
5 2 21 7 18 9 22 10 20 14 12
14 0 16 2 22 4 23 5 24 6 16 7 21 8 18 10 18 11 17 12 24 13 21 14 23 15 15 17 15
12 1 24 4 12 5 15 6 14 7 22 8 18 9 21 10 19 11 24 12 15 13 14 15 15
5 3 18 8 14 9 20 11 13 14 17
11 0 21 3 14 6 22 9 13 10 15 11 17 13 23 14 15 15 23 16 13 17 21
15
15 2 0.0018000000000000002
14 9 0.0015
15 17 0.0014
1 11 0.0021000000000000003
8 2 0.0024000000000000002
11 0 0.0021000000000000003
6 19 0.0012000000000000001
11 2 0.0023
19 14 0.0023
3 1 0.0018000000000000002
18 15 0.0024000000000000002
10 9 0.0021000000000000003
3 13 0.0019
12 0 0.0024000000000000002
10 6 0.0021000000000000003
15
3 0 0.0023 0.10286830076729878
10 16 0.0023 0.14540842294028103
5 2 0.0023 0.12229903512510448
4 19 0.0024000000000000002 0.11177842344425308
4 12 0.0023 0.13577714137552022
19 5 0.0022 0.1017901209187811
4 7 0.0015 0.13362190672690386
5 14 0.0016 0.12868996731558038
15 10 0.0012000000000000001 0.1350335403664469
13 11 0.0017000000000000001 0.11303481373386769
17 10 0.0012000000000000001 0.11933577584417888
19 18 0.0024000000000000002 0.13631221786735342
5 0 0.0012000000000000001 0.1064340500242977
17 11 0.0014 0.1311720239482425
10 7 0.0024000000000000002 0.11300593811553587
