20
10 2 17 3 12 5 23 6 14 8 19 13 21 14 23 16 24 17 14 18 20
5 10 23 11 13 12 12 13 16 16 19
8 1 15 4 23 5 24 6 14 8 18 9 17 15 18 18 21
1 15 20
7 1 17 6 22 8 17 10 23 12 13 18 19 19 23
8 1 20 2 13 3 17 8 18 12 14 16 14 18 12 19 18
9 1 15 3 19 4 13 5 19 7 24 10 12 14 23 16 13 18 22
17 0 16 1 18 3 15 4 12 5 22 6 17 8 12 9 17 10 17 11 23 12 17 13 23 14 18 15 14 16 21 17 15 19 24
8 0 12 3 21 5 22 12 12 14 23 15 16 18 12 19 17
8 0 14 1 21 2 24 6 14 12 23 15 12 17 19 18 21
17 0 18 1 12 2 13 3 22 4 23 5 13 6 12 7 15 8 17 9 12 11 18 13 24 14 20 15 17 17 21 18 16 19 18
18 0 22 1 24 2 15 3 15 4 23 5 20 6 21 7 18 8 21 10 22 12 23 13 18 14 20 15 12 16 17 17 20 18 19 19 14
1 5 15
1 2 23
17 0 22 1 13 2 19 3 13 4 20 5 20 6 19 8 23 9 18 10 22 11 16 13 14 15 15 16 20 17 23 18 21 19 19
16 0 15 1 14 3 17 4 21 5 17 7 17 8 24 9 21 10 13 11 18 12 20 13 21 14 16 17 23 18 12 19 12
1 6 24
17 0 24 1 13 2 22 5 23 6 17 7 21 8 14 9 18 10 13 11 21 12 18 13 17 14 12 15 13 16 20 18 22 19 20
7 2 17 3 22 6 16 7 13 10 22 13 14 17 13
13 0 13 1 15 2 15 4 16 5 15 6 22 7 20 8 19 9 24 11 21 13 23 14 18 17 20
15
1 0 0.0021000000000000003
15 4 0.002
10 2 0.0013000000000000002
16 6 0.0023
18 4 0.0024000000000000002
7 4 0.0017000000000000001
12 18 0.0022
9 8 0.0016
7 4 0.0023
18 0 0.0022
2 8 0.002
16 11 0.0012000000000000001
17 6 0.0017000000000000001
1 3 0.0019
8 10 0.0018000000000000002
15
18 9 0.002 0.11081629480492736
9 3 0.0015 0.137614152305235
16 6 0.0022 0.10795384461040386
3 19 0.0024000000000000002 0.12814232074560813
2 5 0.0015 0.11773750891581165
15 5 0.0017000000000000001 0.10875143032680824
14 13 0.0019 0.13279748954912393
2 8 0.0014 0.13300101282843976
0 14 0.0023 0.1041236174776649
15 5 0.0012000000000000001 0.10965517270734362
17 19 0.0024000000000000002 0.1484465169997799
12 5 0.0012000000000000001 0.14930725615190515
2 8 0.0017000000000000001 0.11293734465616728
0 13 0.0023 0.13365188690524107
16 5 0.0015 0.10336286395839742
