20
8 3 19 4 18 5 16 10 13 15 17 16 12 18 17 19 21
2 6 12 11 19
8 0 14 1 20 5 13 6 19 7 18 9 19 15 20 16 24
9 5 17 7 15 8 24 11 16 12 20 14 16 15 24 16 18 18 17
15 0 18 1 12 2 17 3 21 6 22 7 17 9 14 12 12 13 18 14 17 15 12 16 17 17 15 18 20 19 14
8 1 22 2 16 7 24 8 19 12 24 16 14 17 20 18 18
14 0 15 1 21 2 16 3 18 8 16 9 15 10 15 11 20 12 24 13 22 14 20 15 12 16 20 18 14
13 1 23 3 18 4 15 5 15 6 19 8 12 9 20 10 15 13 17 14 12 15 12 16 17 19 24
5 2 18 5 23 6 21 12 22 13 13
7 0 17 1 13 8 16 10 13 12 18 13 13 16 24
16 0 21 1 15 2 23 3 20 4 24 5 16 6 17 7 21 9 20 11 14 12 20 13 18 15 17 17 20 18 24 19 13
10 2 17 3 20 4 19 5 16 7 15 10 12 12 16 13 19 17 12 18 16
5 3 12 7 15 9 17 17 23 18 23
13 0 21 2 17 3 18 4 15 7 20 8 24 11 19 12 15 14 17 16 18 17 22 18 12 19 17
15 0 21 1 24 3 20 4 22 5 24 8 14 9 18 10 14 11 19 12 16 13 23 15 23 16 23 18 15 19 15
13 1 24 2 12 3 16 4 14 9 12 10 13 11 21 12 16 13 23 16 20 17 15 18 14 19 20
6 3 24 4 23 6 15 7 20 9 13 19 21
6 5 14 9 17 11 21 12 22 14 17 15 19
5 1 15 2 23 7 14 12 14 14 18
13 0 22 1 23 3 23 4 23 5 23 6 19 7 15 9 20 11 19 13 23 15 14 16 17 18 23
15
13 15 0.002
1 17 0.0012000000000000001
15 16 0.0019
18 1 0.0017000000000000001
3 19 0.0021000000000000003
9 5 0.0024000000000000002
18 12 0.0018000000000000002
16 9 0.0024000000000000002
9 7 0.0012000000000000001
15 14 0.0019
5 13 0.0023
10 1 0.0015
6 0 0.0016
10 11 0.002
5 8 0.0015
15
9 0 0.0016 0.10595704552886188
7 19 0.0016 0.11083636027920721
14 7 0.0013000000000000002 0.14900977402878382
0 16 0.0019 0.10937387280790493
17 13 0.0016 0.12248975010926805
11 4 0.0012000000000000001 0.14036810897538785
1 10 0.0015 0.13773647046619714
18 4 0.0016 0.1443638212097561
1 10 0.0016 0.12226389082582721
7 14 0.0017000000000000001 0.1251537671426399
8 2 0.0021000000000000003 0.13585772241594027
6 9 0.0018000000000000002 0.11758138473527555
6 14 0.0013000000000000002 0.11508554076076823
4 10 0.0024000000000000002 0.10432462643615863
13 7 0.0017000000000000001 0.1335849757363567
