20
18 1 15 2 16 3 22 5 18 6 12 7 24 8 21 9 24 10 16 11 18 12 12 13 18 14 13 15 12 16 18 17 15 18 19 19 20
13 0 15 2 23 4 20 5 15 6 24 7 20 11 14 12 20 13 16 14 16 15 22 16 14 18 14
7 4 22 6 15 7 18 8 15 11 23 12 17 15 12
11 0 18 1 14 2 16 4 12 5 23 6 17 8 12 10 24 16 17 18 15 19 22
4 1 20 5 13 6 22 8 16
16 0 21 1 23 2 12 4 14 6 19 8 23 9 14 10 24 11 21 12 12 13 19 14 17 16 12 17 18 18 23 19 24
5 5 23 12 21 14 13 15 17 18 18
5 4 18 11 23 13 21 16 22 19 16
2 0 16 2 21
16 0 15 1 23 2 19 3 21 5 14 6 18 7 17 10 21 11 14 12 16 13 24 14 15 16 20 17 18 18 15 19 17
8 3 15 6 22 7 16 8 21 12 17 14 12 16 17 18 16
10 0 24 2 12 3 15 4 23 7 19 8 21 10 23 14 20 15 19 19 23
6 2 21 5 12 6 24 10 22 11 15 17 17
11 0 22 1 18 2 19 3 21 4 24 6 14 9 18 11 23 12 19 15 12 16 21
13 0 18 1 23 2 13 4 21 5 17 6 16 7 15 8 18 9 24 10 12 13 12 15 22 16 23
8 1 19 4 21 6 12 7 15 9 23 10 17 14 22 18 20
4 7 19 11 23 17 18 19 15
1 4 21
14 0 21 2 12 3 23 5 24 6 16 7 23 8 17 9 21 10 12 11 23 12 22 13 23 16 24 17 18
9 0 13 3 21 4 13 7 15 9 22 11 22 13 12 14 17 17 21
15
12 0 0.0018000000000000002
13 16 0.0021000000000000003
9 8 0.0013000000000000002
1 10 0.0017000000000000001
19 10 0.0023
3 0 0.0021000000000000003
14 2 0.0015
9 12 0.0014
3 8 0.0018000000000000002
9 0 0.0014
19 18 0.0021000000000000003
11 10 0.0022
10 9 0.0015
12 17 0.0023
3 14 0.0013000000000000002
15
14 5 0.0017000000000000001 0.12416531237741678
5 13 0.0017000000000000001 0.12486533964259378
4 19 0.0018000000000000002 0.14687562957741201
12 11 0.0016 0.1376133160986603
13 15 0.0019 0.13728796232964693
11 5 0.0016 0.1004296745657397
12 6 0.0014 0.11539514272092899
18 15 0.0015 0.10235755408480014
11 0 0.0012000000000000001 0.11140608477928174
18 6 0.0012000000000000001 0.10461662411161475
18 12 0.002 0.10726657094868425
1 17 0.0023 0.14592390498443242
3 6 0.0019 0.14255290404008164
2 8 0.0019 0.108299578315632
17 11 0.0015 0.13033748776180526
