20
8 2 21 5 14 6 18 7 16 9 16 10 19 16 20 18 18
10 3 16 4 12 6 19 8 21 9 18 12 14 13 17 14 19 16 19 19 17
17 0 17 1 24 3 14 4 16 5 20 7 18 8 14 10 12 11 12 12 13 13 17 14 15 15 22 16 19 17 12 18 14 19 17
1 7 23
5 2 12 7 19 13 12 14 13 19 22
9 2 17 4 23 6 21 7 24 13 24 15 18 16 24 17 18 18 17
3 1 16 5 22 15 14
6 1 12 5 24 6 21 11 14 15 16 16 20
12 0 17 1 15 2 15 3 17 5 20 9 13 14 12 15 23 16 14 17 14 18 16 19 13
2 2 18 12 12
13 0 22 1 14 2 24 3 16 4 19 5 23 6 12 8 23 11 15 13 12 14 15 17 13 18 16
18 0 18 1 18 2 21 4 12 5 16 6 23 7 24 8 24 9 15 10 15 12 23 13 15 14 14 15 13 16 16 17 14 18 15 19 23
7 1 24 4 18 5 18 6 16 8 22 9 18 13 15
8 1 15 3 13 5 13 8 13 9 18 14 24 16 18 18 18
3 5 16 6 17 16 15
1 1 22
13 0 17 1 16 2 18 3 14 4 20 5 12 9 23 11 21 12 15 13 21 15 24 17 18 18 15
13 1 23 2 24 4 24 5 13 7 16 9 18 11 14 13 17 14 23 15 18 16 14 18 15 19 19
10 0 14 2 19 3 13 5 24 6 20 7 15 9 24 15 24 16 18 19 22
18 0 16 1 23 2 15 3 22 4 18 5 22 6 14 7 22 8 24 9 17 10 23 11 15 12 13 13 13 15 19 16 24 17 22 18 19
15
0 2 0.0015
10 5 0.0024000000000000002
1 15 0.0013000000000000002
19 1 0.0019
17 15 0.0023
1 12 0.0024000000000000002
3 2 0.0022
1 5 0.0022
10 6 0.0021000000000000003
16 10 0.0012000000000000001
15 10 0.0023
1 11 0.0016
10 15 0.002
14 10 0.0022
19 6 0.0012000000000000001
15
8 3 0.0022 0.10142679295749776
16 7 0.0016 0.10723801245667232
9 3 0.0012000000000000001 0.11296402181567061
2 3 0.0024000000000000002 0.1114508420799553
0 7 0.0022 0.11647214390543097
7 16 0.0012000000000000001 0.11951291843713494
12 7 0.0016 0.14958776883445582
12 4 0.0024000000000000002 0.1148820469059261
15 9 0.0019 0.11543654807588577
1 15 0.0018000000000000002 0.14768514860436033
0 2 0.002 0.1420206183387799
13 1 0.0016 0.13653498912816653
8 13 0.0021000000000000003 0.11691003648814213
10 3 0.0012000000000000001 0.10317540585723531
11 4 0.0017000000000000001 0.11154144751010257
