20
15 1 21 2 24 3 24 4 23 5 18 7 22 10 21 11 21 12 16 13 21 14 18 15 14 17 15 18 19 19 14
14 0 23 3 21 4 14 5 18 6 15 7 16 8 16 9 17 10 15 11 20 14 20 15 20 17 18 18 23
4 0 23 5 14 10 15 13 12
7 6 22 7 13 12 14 13 21 16 22 17 21 18 24
10 3 14 5 12 7 24 8 16 9 16 10 20 14 12 15 15 16 13 18 22
14 0 14 1 13 2 13 3 21 7 16 9 14 10 21 12 23 13 24 14 16 16 12 17 19 18 20 19 21
12 2 21 3 18 4 17 5 19 7 12 9 12 10 23 11 14 13 24 14 21 15 12 17 15
13 2 13 5 15 6 19 9 13 10 18 11 20 12 18 13 13 14 13 16 12 17 14 18 16 19 23
7 1 17 2 13 4 13 11 14 13 24 14 17 16 22
3 1 19 4 14 10 14
14 0 24 1 18 2 24 3 22 5 20 6 16 9 12 11 23 13 12 15 21 16 18 17 23 18 12 19 12
1 17 17
13 2 21 3 12 5 20 8 14 9 19 10 23 11 23 13 24 14 12 16 13 17 13 18 20 19 21
7 0 18 5 17 8 21 10 19 11 16 16 14 17 20
5 7 21 9 12 12 18 13 19 16 16
13 0 23 1 15 2 16 4 18 6 15 9 14 10 18 11 15 12 18 13 18 14 24 16 21 17 16
2 5 14 19 14
13 1 18 3 23 5 24 8 19 10 22 11 12 12 17 13 24 14 13 15 24 16 18 18 19 19 15
5 3 15 5 18 6 13 11 14 14 19
16 0 19 1 18 2 19 3 23 4 24 5 17 6 22 7 14 8 20 10 18 11 16 12 20 14 19 16 21 17 23 18 22
15
5 14 0.0017000000000000001
17 8 0.0023
4 2 0.0019
13 6 0.0017000000000000001
15 14 0.0024000000000000002
8 18 0.0013000000000000002
5 7 0.002
17 9 0.0023
7 19 0.0018000000000000002
13 3 0.0021000000000000003
4 15 0.0019
4 18 0.0018000000000000002
12 2 0.0013000000000000002
0 1 0.0021000000000000003
5 19 0.0012000000000000001
15
3 6 0.0013000000000000002 0.11038383230770414
7 12 0.002 0.10032989039353703
2 6 0.002 0.12887616918529513
9 16 0.0017000000000000001 0.11566105622927275
7 8 0.002 0.10093131452218151
17 10 0.0015 0.11621146380301306
3 14 0.0014 0.10028470603016404
13 5 0.0012000000000000001 0.10653942094272487
19 4 0.0018000000000000002 0.10993820679135087
8 6 0.0015 0.14491490868531862
5 2 0.0022 0.13412162610265832
8 13 0.0014 0.12061687596390112
14 4 0.0023 0.12489495515739284
13 6 0.0013000000000000002 0.10706903025249354
5 0 0.0024000000000000002 0.10957426732338167
