20
10 1 14 4 12 6 17 7 18 8 17 11 12 12 22 13 16 15 19 16 18
16 0 13 2 13 4 14 5 23 6 13 7 13 9 21 10 15 11 15 12 16 13 16 14 13 15 22 16 12 17 18 19 13
1 10 20
15 1 16 2 16 4 16 7 15 8 23 9 20 10 15 11 24 12 20 13 21 14 22 15 19 17 22 18 13 19 23
17 0 12 1 20 2 15 3 20 5 24 6 23 7 24 8 22 10 19 11 17 12 24 13 23 14 20 15 13 17 15 18 13 19 18
2 13 22 16 19
15 0 19 1 15 2 22 3 19 4 12 7 20 10 24 11 21 12 22 13 21 14 24 16 19 17 17 18 13 19 18
11 2 20 4 16 5 23 8 20 10 20 12 15 13 22 16 13 17 16 18 18 19 14
5 4 23 6 23 7 15 10 12 13 20
4 4 22 5 13 6 19 12 21
12 1 20 3 19 4 21 5 24 7 21 9 15 12 24 13 14 14 13 15 23 18 12 19 24
9 0 24 1 23 2 12 5 18 6 12 7 14 8 21 9 16 15 13
17 0 12 1 23 2 17 3 14 4 12 5 20 7 23 8 14 9 22 10 18 11 15 13 13 14 22 15 23 16 19 17 20 19 15
12 1 19 2 22 5 24 7 14 8 19 9 20 11 14 14 24 16 20 17 17 18 19 19 18
1 19 15
11 0 18 1 14 2 12 4 20 6 16 8 13 9 12 11 19 13 21 17 15 19 23
5 1 13 2 14 3 18 11 24 14 21
15 0 14 1 12 2 23 3 22 4 20 6 13 8 15 9 22 10 15 11 17 12 16 13 17 14 22 18 16 19 14
7 1 20 2 19 3 21 4 22 5 12 6 14 19 20
4 4 16 6 14 8 22 18 13
15
6 16 0.0016
4 2 0.0017000000000000001
14 2 0.0024000000000000002
14 15 0.002
15 11 0.002
9 10 0.0023
11 0 0.0012000000000000001
15 10 0.0022
1 17 0.0024000000000000002
1 7 0.0016
1 18 0.0012000000000000001
18 17 0.0024000000000000002
4 19 0.0013000000000000002
5 18 0.0016
16 10 0.0015
15
19 18 0.002 0.14440930433066682
7 16 0.0017000000000000001 0.12757080617483751
18 1 0.0013000000000000002 0.1154447803480346
9 19 0.0018000000000000002 0.14816137645995098
8 11 0.0014 0.13844245787493362
11 1 0.0019 0.1288894559114234
1 3 0.0018000000000000002 0.13694948230751738
11 15 0.0016 0.12951573391652926
8 5 0.0016 0.11000326289715061
8 2 0.0021000000000000003 0.1205719192537665
14 9 0.0012000000000000001 0.10202656613668315
3 10 0.0019 0.11976286006351675
3 19 0.0015 0.10867929436684899
13 19 0.0023 0.13545114265671998
2 6 0.002 0.12275089976538714
