20
2 1 16 11 13
14 0 13 3 21 4 20 6 15 7 20 8 17 9 13 10 12 11 20 13 12 14 15 16 15 17 19 18 23
10 1 15 8 18 10 14 12 17 13 21 14 19 15 19 16 20 17 16 18 22
17 0 15 1 15 2 24 4 17 6 12 7 12 8 20 9 15 10 18 11 20 13 19 14 23 15 13 16 16 17 13 18 18 19 22
12 1 24 2 20 3 18 6 21 8 20 9 22 10 20 11 24 13 13 17 21 18 20 19 14
8 6 22 9 22 11 14 12 18 13 12 16 22 17 22 19 14
10 1 16 3 23 4 23 5 17 7 15 8 23 10 20 12 24 17 22 18 16
17 1 14 2 24 3 15 4 16 5 22 6 21 8 20 9 15 10 13 11 13 12 19 14 16 15 14 16 12 17 24 18 19 19 20
17 0 22 2 23 3 17 4 18 5 19 6 15 7 14 10 16 11 16 12 22 13 23 14 16 15 14 16 12 17 19 18 22 19 15
18 0 15 1 16 2 12 3 23 4 20 5 16 6 19 7 20 8 18 10 22 11 18 12 16 14 15 15 19 16 22 17 20 18 18 19 20
8 0 19 2 24 3 16 4 21 5 14 7 12 11 19 12 13
10 0 16 3 23 4 12 6 16 7 22 8 14 9 20 13 16 16 23 17 14
11 0 17 3 24 4 16 5 15 6 12 7 20 8 21 10 15 14 20 16 14 17 15
4 2 21 6 12 7 15 19 22
2 17 23 19 23
9 0 17 3 19 4 16 6 19 8 12 13 12 16 24 17 23 18 12
8 0 17 1 21 2 13 6 24 10 13 12 20 14 13 17 18
2 6 12 18 20
17 0 17 1 19 2 16 3 18 4 19 5 12 7 24 8 14 9 15 10 20 11 21 12 20 13 19 14 23 16 24 17 12 19 14
3 3 22 5 23 11 17
15
7 8 0.0017000000000000001
16 9 0.0019
14 15 0.0017000000000000001
18 13 0.0021000000000000003
15 9 0.0024000000000000002
11 17 0.0018000000000000002
15 18 0.0019
14 11 0.0018000000000000002
12 0 0.0017000000000000001
4 17 0.0024000000000000002
12 16 0.0018000000000000002
1 8 0.0015
17 0 0.0015
14 10 0.0015
15 2 0.0018000000000000002
15
4 5 0.0012000000000000001 0.14995535392380288
6 19 0.0023 0.14526240844650506
11 14 0.0013000000000000002 0.11923525257629347
16 6 0.0017000000000000001 0.12620459535015807
6 10 0.0015 0.10174322141034911
1 17 0.0017000000000000001 0.14377339077973234
16 18 0.0016 0.11485396139937254
15 16 0.0021000000000000003 0.11920771646085736
13 16 0.0022 0.12022473354577462
19 1 0.0012000000000000001 0.10755395997201754
6 7 0.0019 0.13945061841011808
2 16 0.0014 0.1286983825726336
1 14 0.0018000000000000002 0.12040706598478802
15 1 0.0017000000000000001 0.11496479538016822
8 17 0.0024000000000000002 0.1058090308293067
