20
3 2 20 5 13 17 17
10 2 13 4 18 5 21 9 22 13 16 14 18 15 14 16 22 17 15 19 22
2 9 19 16 20
9 0 24 1 19 4 20 7 22 9 23 10 12 12 15 16 24 18 17
14 0 12 1 24 2 22 3 14 5 16 6 23 7 17 8 16 9 17 10 14 11 15 13 24 18 22 19 23
5 0 12 2 14 3 17 7 21 16 23
13 0 13 1 17 2 17 3 18 4 22 5 22 7 24 8 15 10 22 14 14 15 24 16 20 18 17
12 1 14 2 17 3 16 4 18 5 15 6 15 9 16 11 14 12 13 15 21 16 24 19 19
18 1 17 2 17 3 12 4 24 5 15 6 24 7 17 9 20 10 14 11 20 12 24 13 24 14 22 15 18 16 17 17 24 18 23 19 12
2 6 17 12 20
12 0 23 1 18 2 17 4 19 5 22 8 21 9 20 12 19 14 18 15 22 17 20 18 19
13 0 13 2 22 3 24 4 16 5 13 6 14 7 19 8 13 9 16 10 19 14 20 16 13 18 23
17 0 13 1 12 2 17 3 13 4 17 5 20 6 17 7 19 8 18 9 14 10 20 11 22 13 14 14 21 15 16 16 18 19 23
13 0 22 1 21 3 16 6 18 7 16 8 14 9 18 10 12 11 23 12 21 15 23 16 14 18 22
14 0 13 1 17 2 19 4 24 5 24 7 13 8 17 9 13 10 16 13 15 16 15 17 24 18 12 19 24
4 0 20 5 22 8 22 17 18
12 0 12 1 14 3 18 4 19 8 24 9 13 10 16 11 24 12 20 14 19 17 15 18 18
1 4 15
1 19 17
8 1 17 4 14 6 13 11 18 13 21 14 13 16 24 18 19
15
2 18 0.0015
18 10 0.0023
2 6 0.0022
11 1 0.002
9 6 0.0021000000000000003
1 5 0.0021000000000000003
3 13 0.0021000000000000003
9 12 0.002
12 14 0.0018000000000000002
18 5 0.0013000000000000002
12 5 0.0021000000000000003
0 3 0.0016
3 14 0.0022
10 4 0.0018000000000000002
12 13 0.0014
15
4 7 0.0022 0.10160952990917706
14 11 0.0017000000000000001 0.11210285194236329
13 11 0.0022 0.1468393965316242
6 9 0.0022 0.14435725249848944
18 19 0.0021000000000000003 0.11704892276802414
12 3 0.0024000000000000002 0.11519366552853032
9 1 0.0021000000000000003 0.10320835116624223
12 11 0.0013000000000000002 0.14006429776496865
1 2 0.0023 0.11795587333980993
16 9 0.002 0.14784633319670865
10 14 0.0017000000000000001 0.12447181669029996
9 19 0.0019 0.11347120053594913
6 0 0.0014 0.12847234647539427
2 10 0.0013000000000000002 0.1296559124133955
13 1 0.0014 0.10963385360144891
