20
3 5 15 12 23 14 22
11 0 20 3 15 7 12 8 17 9 13 10 22 11 17 12 12 13 16 14 24 17 20
16 0 17 1 14 5 14 6 12 7 12 8 15 9 21 10 15 11 12 12 18 13 12 14 15 15 18 17 19 18 20 19 12
1 14 12
17 0 15 1 12 2 18 3 18 5 18 6 23 7 16 8 16 9 16 10 18 11 20 12 20 13 18 16 15 17 19 18 14 19 14
11 0 12 1 24 4 15 6 17 7 17 8 18 9 19 10 15 11 21 13 12 16 22
6 3 24 9 19 11 13 12 20 17 22 18 15
2 4 18 9 19
3 3 16 5 14 13 12
14 0 16 1 13 3 12 4 13 6 12 7 14 8 18 12 14 14 14 15 16 16 22 17 13 18 17 19 15
17 0 16 1 18 3 19 4 13 5 13 6 15 7 18 8 13 9 20 11 24 12 16 13 17 15 16 16 16 17 18 18 22 19 17
8 0 20 9 15 10 13 12 18 14 23 15 12 17 18 18 12
3 4 23 6 17 17 15
14 0 17 1 23 2 16 3 21 5 16 7 16 8 19 9 16 10 22 14 18 15 13 16 18 17 14 18 17
6 0 24 2 15 8 24 17 17 18 24 19 19
9 2 14 4 18 5 16 7 18 11 22 12 22 13 22 14 22 17 22
3 1 18 4 15 17 22
4 0 23 1 17 4 12 15 13
18 0 24 1 21 2 24 3 17 5 20 6 23 7 20 8 19 9 20 10 16 11 16 12 22 13 18 14 13 15 18 16 20 17 24 19 17
8 0 15 2 23 3 16 4 16 5 19 13 15 17 20 18 13
5
19 3 0.0018000000000000002
5 3 0.002
17 15 0.0015
7 0 0.0013000000000000002
10 12 0.0012000000000000001
20
13 7 0.0019 0.1254834140559145
4 17 0.0021000000000000003 0.13401105502726438
7 6 0.0024000000000000002 0.13293906200335642
4 12 0.0015 0.14968097490233412
18 13 0.0019 0.13512860322069048
9 13 0.002 0.1496522024995608
12 17 0.0023 0.13746591212718182
4 16 0.002 0.14966930523002514
17 8 0.0021000000000000003 0.11327854663041308
12 7 0.0016 0.14711205502351227
6 19 0.0017000000000000001 0.10741957609155856
1 10 0.0015 0.11208867810822944
19 0 0.0015 0.11569359596963881
6 3 0.002 0.10718123973543178
19 14 0.0024000000000000002 0.11671785102454005
7 10 0.0016 0.1209034780597523
16 19 0.0019 0.10297659327734535
15 18 0.0022 0.11135522455021563
1 19 0.0019 0.12185796996276244
10 16 0.0019 0.14536508049583796
