20
7 3 19 5 15 8 14 9 24 10 14 13 22 19 22
10 0 13 3 23 5 22 7 16 9 20 10 24 12 22 13 13 17 23 19 17
7 3 24 5 23 6 12 16 18 17 22 18 18 19 20
6 2 23 6 17 7 18 13 13 14 17 15 21
14 1 13 2 14 3 13 5 17 7 21 8 23 10 20 11 19 12 16 13 17 15 16 16 14 17 18 19 23
9 1 17 2 13 3 22 6 12 9 15 10 14 11 23 13 20 18 17
17 1 19 2 19 3 12 4 13 5 21 8 23 9 15 10 14 11 22 12 17 13 15 14 23 15 14 16 12 17 13 18 13 19 18
17 0 17 1 20 2 16 3 18 5 18 6 12 8 19 9 24 10 18 11 24 12 23 14 22 15 24 16 23 17 24 18 14 19 16
18 0 23 1 20 2 15 3 24 4 23 5 15 6 21 7 18 9 24 10 13 11 20 12 16 13 17 14 19 15 12 16 14 17 18 18 21
17 0 18 1 19 2 16 3 24 4 13 6 22 7 19 8 24 10 12 11 20 13 19 14 12 15 16 16 24 17 20 18 18 19 14
6 0 24 3 15 4 18 12 20 13 23 15 21
5 1 12 6 23 8 13 12 17 19 20
18 0 18 1 16 3 17 4 21 5 14 6 22 7 18 8 24 9 21 10 18 11 16 13 15 14 20 15 18 16 19 17 12 18 18 19 20
6 0 23 6 15 10 22 17 23 18 15 19 14
14 0 14 1 14 2 12 4 24 8 16 9 16 10 24 11 19 12 21 15 21 16 20 17 18 18 18 19 14
18 0 12 1 22 2 18 3 22 4 22 5 13 6 20 7 15 8 24 9 19 10 15 11 17 12 24 13 16 14 24 16 21 17 22 18 20
6 0 15 4 20 5 16 6 21 12 23 14 14
3 2 20 6 17 7 21
11 2 23 3 22 5 16 6 20 8 17 9 15 12 22 13 15 16 13 17 14 19 12
18 0 17 1 12 2 15 3 21 4 24 5 20 6 16 7 23 8 23 9 21 10 21 11 14 12 17 13 23 14 15 16 16 17 17 18 23
5
3 12 0.0022
5 2 0.0013000000000000002
16 0 0.0018000000000000002
16 1 0.0015
9 0 0.0023
20
4 2 0.0016 0.11237252508370253
16 7 0.0024000000000000002 0.14413564196744877
3 10 0.0013000000000000002 0.11835056058411501
8 17 0.0022 0.11182972512218742
11 9 0.0014 0.14903700634954736
11 15 0.0012000000000000001 0.10589710027062345
16 6 0.0021000000000000003 0.12532309033713032
13 11 0.0018000000000000002 0.10039202744619856
9 10 0.0016 0.11446657955704116
17 8 0.0022 0.1283330443425963
16 2 0.0024000000000000002 0.13299699648887045
7 17 0.0013000000000000002 0.11578973688847839
7 19 0.0012000000000000001 0.11846618083684314
9 8 0.0016 0.1003099947162879
0 7 0.0018000000000000002 0.13930840538327371
8 14 0.0018000000000000002 0.11382242097713728
0 7 0.0021000000000000003 0.12934265626506722
1 3 0.0012000000000000001 0.10071898997368361
9 17 0.0019 0.10120362388849846
16 19 0.0013000000000000002 0.11311349099062211
