20
11 1 18 2 22 3 13 4 24 5 12 8 17 9 24 10 15 15 13 17 19 19 13
8 0 22 3 17 7 13 9 24 11 23 14 18 15 18 18 19
9 0 17 6 17 7 21 8 12 9 17 10 15 14 23 16 20 18 13
8 4 12 5 24 6 22 14 12 15 14 16 14 18 17 19 13
11 2 13 3 15 5 17 7 21 9 22 13 14 14 14 15 14 16 19 18 15 19 20
3 4 20 12 16 13 21
17 0 24 1 23 3 12 5 16 7 13 8 20 9 13 10 23 11 16 12 17 13 15 14 18 15 21 16 15 17 24 18 14 19 23
10 0 16 1 18 2 23 6 17 10 18 12 14 16 15 17 15 18 13 19 12
17 0 19 3 18 4 16 5 16 6 22 7 19 9 19 10 22 11 18 12 18 13 15 14 14 15 13 16 19 17 21 18 18 19 13
9 2 14 5 16 8 16 10 12 11 16 14 24 15 15 18 16 19 12
14 0 23 1 13 2 14 5 13 6 12 7 15 8 20 9 23 11 16 12 12 15 23 16 24 17 13 19 20
16 0 15 1 22 2 22 3 13 4 21 5 16 9 15 10 19 12 24 13 24 14 18 15 12 16 23 17 15 18 14 19 14
6 0 14 1 21 7 15 15 19 18 17 19 20
14 0 24 1 16 3 19 4 23 5 21 7 24 8 24 9 22 10 14 12 23 14 13 15 19 16 24 17 15
6 0 22 1 18 6 24 7 22 10 21 17 24
3 2 13 7 20 16 23
6 8 15 9 13 11 18 14 20 15 20 18 15
2 7 19 11 19
16 0 21 1 21 2 16 4 22 5 14 6 15 7 20 8 21 9 14 10 21 11 15 14 18 15 12 16 21 17 21 19 18
14 0 23 3 24 4 21 5 24 6 21 7 20 8 15 9 16 11 19 12 16 13 20 15 24 16 22 18 18
5
4 9 0.0022
4 6 0.0022
11 4 0.0022
15 7 0.0017000000000000001
15 14 0.0013000000000000002
20
9 0 0.0018000000000000002 0.11073131434531068
11 7 0.0018000000000000002 0.10341907973571017
19 5 0.0023 0.14761186395085094
15 16 0.0016 0.14313523834751699
6 4 0.0016 0.1195541176867059
3 12 0.002 0.10144838881341285
10 6 0.0023 0.12028351019315789
11 9 0.0018000000000000002 0.12069310773291028
5 14 0.0019 0.14462657697137676
7 19 0.0023 0.12850168293285652
0 19 0.0016 0.148827045274475
5 1 0.0023 0.14580005523054249
3 18 0.0023 0.11185091355362138
5 17 0.0012000000000000001 0.14621205605073517
13 1 0.0021000000000000003 0.1023835537430822
11 1 0.002 0.1496570671105097
4 1 0.0012000000000000001 0.13822644134817708
0 17 0.002 0.10466309750621205
15 11 0.0018000000000000002 0.10913696490919267
6 17 0.0016 0.1128622811895172
