20
10 1 24 4 24 6 15 7 18 9 17 11 15 12 22 13 13 16 20 17 23
2 9 22 18 24
14 0 17 1 16 3 14 4 12 5 14 6 23 7 16 8 16 10 16 12 19 13 19 14 22 15 22 17 16
8 1 23 2 22 4 22 10 16 14 13 16 18 18 14 19 23
6 3 21 8 22 9 23 13 14 14 15 18 21
10 0 14 1 17 3 20 6 24 10 15 11 19 13 23 14 18 17 22 18 15
17 0 21 1 21 3 14 4 14 5 13 7 16 8 13 10 24 11 24 12 19 13 12 14 14 15 19 16 17 17 18 18 20 19 23
7 2 19 4 12 6 15 9 14 15 20 18 14 19 20
17 0 14 1 24 2 20 4 24 5 18 6 12 7 23 9 16 10 23 11 23 12 17 13 14 14 17 16 15 17 12 18 13 19 22
16 1 13 2 17 3 18 4 19 5 16 6 20 7 21 8 12 10 17 11 20 14 12 15 17 16 23 17 20 18 12 19 18
3 5 22 6 20 12 14
7 5 20 6 19 7 14 10 23 13 20 15 15 17 19
5 1 13 6 22 7 15 18 14 19 17
13 0 24 1 23 2 17 3 16 6 14 9 12 11 20 12 17 14 20 15 22 17 21 18 17 19 21
7 0 23 1 22 9 18 12 23 13 12 17 20 19 24
13 0 22 2 12 3 22 4 23 6 16 9 24 10 20 11 21 13 12 14 20 16 16 17 17 18 21
7 0 24 9 12 13 20 14 16 15 17 18 24 19 22
1 13 22
18 0 22 1 21 2 23 3 23 4 16 5 19 6 21 7 16 8 15 9 19 10 12 11 17 12 20 13 20 15 17 16 14 17 12 19 22
13 0 18 2 13 3 22 4 15 5 24 8 12 10 20 11 14 12 20 14 15 15 23 16 17 18 12
5
12 0 0.0024000000000000002
15 17 0.0022
8 17 0.0015
19 17 0.0018000000000000002
17 2 0.0023
20
6 8 0.0016 0.10817332115666756
3 4 0.0024000000000000002 0.11242085241197237
6 15 0.0017000000000000001 0.14639573633577513
3 10 0.0015 0.10847555609903695
17 4 0.0015 0.11394353496169925
11 8 0.0023 0.13082558583549567
15 0 0.0015 0.10485220664372126
14 10 0.0014 0.1293810969517109
0 14 0.0021000000000000003 0.12902320902000886
0 14 0.0017000000000000001 0.12365447078561993
0 13 0.0013000000000000002 0.11550439893525656
11 1 0.0016 0.13390388539431936
15 18 0.0023 0.10781719265133186
10 3 0.0018000000000000002 0.11899340829188122
14 9 0.0013000000000000002 0.10298896301462875
11 3 0.002 0.12348339976327019
15 0 0.0013000000000000002 0.10265945765837298
15 18 0.0023 0.10978182831566041
19 11 0.0012000000000000001 0.10442248243292582
13 3 0.0012000000000000001 0.10294110101332851
