20
6 2 21 8 21 9 20 10 12 12 18 17 18
13 0 14 2 23 3 20 5 16 7 17 8 17 9 12 11 16 12 22 13 21 14 14 17 23 18 23
16 0 19 3 24 4 18 5 12 6 19 7 12 8 17 9 20 12 15 13 18 14 23 15 21 16 13 17 14 18 17 19 23
8 1 22 4 14 5 14 6 23 10 18 14 24 15 21 17 14
14 1 24 2 14 3 18 5 20 6 15 7 20 8 16 9 16 11 24 12 21 13 17 14 16 16 24 18 20
7 0 14 3 24 4 13 8 21 10 18 11 12 15 17
10 0 24 5 20 7 24 9 23 10 14 12 20 13 21 14 15 17 16 18 12
11 1 20 2 20 3 20 5 21 6 21 10 23 11 20 14 21 16 13 18 13 19 13
8 0 13 1 19 7 24 12 14 13 23 15 15 18 12 19 12
13 0 15 1 16 2 12 4 22 11 16 12 12 13 22 14 14 15 12 16 16 17 16 18 17 19 20
3 1 23 4 23 9 22
12 1 19 3 22 4 16 7 16 9 19 10 19 12 16 14 17 15 14 16 24 18 14 19 13
14 0 18 2 23 3 14 5 23 6 18 7 22 8 12 9 19 11 16 13 13 15 12 17 24 18 18 19 19
18 1 16 2 24 3 12 4 19 5 21 6 19 7 19 8 16 9 13 10 20 11 21 12 22 14 21 15 20 16 18 17 18 18 13 19 20
11 2 20 3 19 4 14 6 20 7 15 9 22 13 19 15 23 16 18 17 24 19 20
14 2 23 3 21 4 20 5 23 6 22 8 23 9 23 10 24 11 17 12 13 13 14 14 21 16 13 18 17
7 3 21 6 17 8 16 10 24 11 24 18 23 19 20
14 0 15 1 17 2 13 3 18 6 19 7 17 8 20 10 23 12 16 13 21 14 18 15 14 18 23 19 21
11 1 14 2 12 3 14 8 20 10 13 11 22 12 21 13 19 14 19 17 12 19 20
15 0 12 1 14 3 22 5 21 6 18 7 14 8 22 10 21 11 20 12 22 13 18 14 17 15 18 17 24 18 12
5
11 17 0.0012000000000000001
17 15 0.0013000000000000002
6 5 0.0013000000000000002
16 9 0.0017000000000000001
12 3 0.0014
20
17 7 0.0017000000000000001 0.13848221446695505
12 5 0.0018000000000000002 0.11732338351454313
17 8 0.0013000000000000002 0.1041091501464472
0 7 0.0014 0.14536715260832017
1 3 0.0022 0.1293276567795839
7 14 0.0016 0.13636339740587058
7 5 0.0019 0.11133477840552324
17 9 0.0022 0.1384506389980952
18 7 0.0016 0.12679894350608098
6 9 0.0012000000000000001 0.12413944752214617
15 10 0.0024000000000000002 0.14673442931989714
4 12 0.0014 0.1054386956976926
10 16 0.0023 0.1302855379945848
18 11 0.0012000000000000001 0.12215018729923344
10 15 0.002 0.11158068795428538
14 10 0.0024000000000000002 0.14649036053231268
2 5 0.0021000000000000003 0.11370357524539633
10 8 0.0022 0.1223926982889272
13 9 0.0023 0.12783791863675403
4 0 0.0017000000000000001 0.10768350390818127
