20
16 1 22 2 18 3 24 4 16 5 14 6 16 9 13 10 14 11 12 12 23 13 13 14 21 16 14 17 14 18 17 19 17
14 0 13 2 16 3 13 4 22 5 23 6 20 8 21 9 19 11 17 12 24 13 17 17 16 18 21 19 12
9 3 12 4 12 5 20 8 16 10 12 13 13 14 12 16 15 18 15
10 1 12 2 14 5 19 8 19 9 12 10 19 11 15 14 23 15 15 18 17
2 12 19 15 18
15 1 12 2 16 3 17 4 21 6 23 7 19 8 12 9 17 10 15 11 19 12 17 14 12 15 20 16 20 17 24
17 0 21 1 22 2 21 3 16 4 21 5 13 7 18 8 17 9 12 10 21 11 22 13 16 14 13 15 17 16 24 17 18 19 15
18 0 14 1 16 2 12 4 16 5 13 6 14 8 22 9 18 10 17 11 21 12 22 13 14 14 23 15 16 16 16 17 17 18 24 19 24
17 1 17 3 20 4 21 5 15 6 24 7 18 9 13 10 14 11 18 12 15 13 20 14 16 15 15 16 23 17 12 18 17 19 22
13 0 14 1 20 2 18 5 24 6 17 7 14 8 19 12 20 14 22 15 18 17 15 18 22 19 12
4 1 18 5 15 6 18 7 17
12 1 13 2 24 4 13 6 24 7 24 8 16 10 18 12 20 13 20 14 17 17 18 19 22
6 4 21 8 18 10 12 15 20 18 20 19 16
3 0 24 9 22 16 12
11 0 16 3 17 4 16 6 24 9 12 10 21 12 16 13 22 17 14 18 13 19 13
10 0 21 1 20 3 21 4 21 8 13 9 14 10 13 12 12 16 13 19 14
6 7 21 9 12 12 21 15 14 17 24 19 12
10 4 24 6 24 9 21 10 18 11 23 12 24 13 13 14 12 18 19 19 13
14 0 14 1 13 2 16 3 12 4 24 5 23 6 24 8 12 10 13 11 23 14 23 15 19 16 20 17 20
11 0 20 1 19 2 15 3 20 4 23 6 17 9 16 10 20 11 24 14 12 18 17
5
6 8 0.0019
2 6 0.0017000000000000001
15 16 0.0017000000000000001
0 9 0.0017000000000000001
4 7 0.0023
20
12 17 0.0024000000000000002 0.11183395331497639
19 6 0.0015 0.11644413057928941
7 15 0.0019 0.11133880786309969
1 19 0.0018000000000000002 0.12262383791665223
12 10 0.0023 0.14900336271484804
9 15 0.0017000000000000001 0.11818954861619657
1 11 0.0015 0.14833381370229928
17 15 0.0012000000000000001 0.144736696196911
18 8 0.0012000000000000001 0.12575172466830772
15 17 0.0019 0.11576894655713567
7 9 0.0015 0.10710630109579482
18 0 0.0024000000000000002 0.12692940744699482
4 3 0.0021000000000000003 0.14587809154542747
2 10 0.0023 0.148631566185985
19 12 0.0024000000000000002 0.1341797454842097
13 9 0.0013000000000000002 0.1487735035960016
14 10 0.0012000000000000001 0.11987331790415434
10 13 0.0019 0.12993791454213993
7 19 0.0016 0.11265641400767917
10 1 0.0012000000000000001 0.13311642636088425
