20
18 1 16 2 19 3 14 4 18 6 22 7 24 8 22 9 14 10 13 11 24 12 15 13 13 14 21 15 12 16 12 17 17 18 18 19 23
18 0 15 2 12 3 21 4 15 5 17 6 18 7 20 8 13 9 15 10 13 11 23 12 13 13 13 14 21 15 14 16 20 17 24 18 15
4 4 14 5 18 6 20 18 21
16 0 19 1 15 2 18 4 23 5 20 6 24 7 12 8 14 9 15 11 22 12 17 13 20 14 15 15 19 16 12 17 21
3 1 21 3 19 14 17
15 0 13 1 12 2 18 3 15 4 22 7 18 8 24 10 17 11 13 12 17 14 14 16 14 17 24 18 18 19 22
17 0 20 1 24 2 20 3 22 4 14 5 19 7 14 8 15 10 13 11 19 12 16 13 19 14 16 15 21 16 21 17 24 18 20
15 0 12 1 15 2 20 5 20 6 18 9 18 10 23 11 23 12 17 13 13 14 16 15 21 16 12 17 12 18 21
2 3 21 11 18
12 2 12 3 13 4 14 5 16 6 20 7 23 10 12 12 21 13 24 14 19 15 22 17 22
10 0 19 1 13 2 22 5 19 7 17 11 24 14 15 15 16 16 22 19 13
7 5 23 8 24 9 15 12 22 14 18 15 24 17 20
8 0 23 3 20 4 18 5 24 8 19 13 17 18 21 19 24
2 3 22 6 17
6 5 13 10 12 11 13 15 23 18 22 19 21
12 0 18 1 19 3 12 4 24 5 22 7 19 8 21 9 19 12 14 14 13 16 18 19 21
1 2 20
17 0 20 1 21 3 15 4 19 5 16 6 18 7 23 8 13 9 23 10 14 11 24 12 22 13 23 14 20 15 13 18 16 19 13
1 5 12
17 0 18 1 23 2 21 3 21 4 16 5 18 6 24 7 16 9 22 10 13 12 18 13 15 14 22 15 18 16 14 17 16 18 16
5
0 19 0.0017000000000000001
16 14 0.0015
5 11 0.0012000000000000001
6 7 0.0021000000000000003
15 1 0.0019
20
10 7 0.0024000000000000002 0.14951115024905642
11 6 0.0014 0.11566808117269048
3 4 0.0013000000000000002 0.1297244884788229
19 12 0.0017000000000000001 0.10386719966483185
8 5 0.0024000000000000002 0.14796968969944202
8 18 0.0016 0.13512877327389997
18 0 0.0015 0.11410311358895739
9 18 0.0022 0.12359111462404136
7 12 0.002 0.14114951254288027
15 18 0.002 0.11871955058103399
0 5 0.0016 0.12875706924638347
8 6 0.0014 0.12947413353762052
19 0 0.0019 0.11267615583807838
14 11 0.0015 0.1007447399386069
11 3 0.0015 0.10007339993143871
4 12 0.0024000000000000002 0.10323554536158105
2 1 0.0022 0.14371601037329257
16 18 0.0012000000000000001 0.11482753891449213
10 11 0.0014 0.13424188579833485
9 8 0.002 0.12356891346586987
