20
5 5 22 12 13 14 18 15 12 19 24
9 0 14 2 20 4 24 6 16 10 13 11 23 15 19 16 21 19 24
13 1 17 8 14 9 19 10 23 11 12 12 21 13 24 14 14 15 18 16 20 17 20 18 13 19 14
17 1 23 4 13 5 19 6 17 7 13 8 12 9 14 10 21 11 23 12 17 13 20 14 18 15 24 16 23 17 22 18 21 19 23
4 6 22 10 22 12 16 17 13
8 1 12 3 12 8 16 10 23 11 12 13 16 15 14 18 21
16 1 17 2 19 4 24 5 20 7 14 8 16 9 19 10 21 11 24 12 24 13 17 14 18 15 24 17 17 18 12 19 19
15 0 15 1 12 2 16 3 12 4 18 5 22 6 15 9 12 12 18 13 19 14 19 15 20 17 23 18 12 19 24
2 0 24 10 12
5 3 24 6 14 12 24 16 12 17 18
3 15 24 17 19 19 12
4 10 15 12 19 16 17 18 20
2 0 20 7 21
12 2 15 3 17 4 15 7 21 8 14 10 24 11 24 14 23 15 16 16 14 18 16 19 23
12 0 18 1 16 5 24 6 19 7 17 9 15 10 23 11 13 12 16 16 20 17 21 19 21
7 0 18 2 14 6 22 7 13 9 16 10 14 12 22
10 0 21 2 24 4 16 5 21 6 23 8 19 9 24 12 23 13 20 15 21
8 0 17 3 16 7 19 11 12 12 16 16 22 18 23 19 21
16 0 12 1 14 2 18 3 16 5 16 7 17 8 16 9 24 10 18 11 16 12 23 13 16 14 13 15 18 16 24 17 20
14 1 17 2 19 4 18 5 20 6 23 8 22 9 22 11 24 12 23 13 20 14 13 15 21 16 18 18 16
5
3 14 0.0024000000000000002
10 14 0.0023
2 17 0.0012000000000000001
6 10 0.0015
12 19 0.0014
20
4 19 0.0022 0.11021442150108673
11 15 0.0019 0.12603801439433515
16 18 0.0019 0.13798620291199148
13 2 0.0022 0.12350095863420531
17 5 0.0024000000000000002 0.10792218149297587
6 17 0.0018000000000000002 0.149842761956905
15 19 0.0022 0.12493759052430627
5 17 0.0015 0.11143750441159868
13 2 0.0014 0.1264359674102994
11 1 0.0022 0.14217872376911095
11 4 0.0016 0.13598907602025695
2 10 0.0018000000000000002 0.14320488865413722
12 8 0.0022 0.13643992235644456
16 18 0.0016 0.139146512525483
15 9 0.0017000000000000001 0.14495512753546558
6 0 0.0019 0.12633302964714677
0 10 0.0022 0.14905724123346425
0 4 0.0013000000000000002 0.14839792160979348
14 7 0.002 0.14542342895721608
10 9 0.0019 0.10818174864586257
