20
14 1 13 2 18 3 16 4 13 6 19 7 18 8 13 9 15 10 14 11 22 13 15 14 14 15 17 19 20
6 3 12 6 13 8 13 9 17 14 14 18 23
11 0 24 3 15 4 13 7 19 8 19 9 18 10 18 12 17 15 15 16 22 19 13
9 0 15 2 14 4 19 6 15 9 14 15 14 16 22 18 13 19 17
11 1 20 3 22 5 18 7 21 10 23 12 14 13 12 14 14 15 21 16 13 18 20
18 0 18 1 18 2 24 3 22 4 19 6 19 7 22 8 19 9 21 10 24 12 12 13 12 14 13 15 12 16 24 17 18 18 22 19 19
17 0 16 1 22 2 21 3 14 4 13 5 15 7 18 8 23 10 24 12 18 13 18 14 21 15 17 16 23 17 23 18 18 19 14
18 0 24 1 20 2 18 3 12 4 13 5 23 6 20 8 19 9 21 10 13 11 23 12 15 13 14 15 16 16 24 17 12 18 15 19 24
14 0 22 1 18 2 15 3 21 4 15 6 23 7 17 9 18 12 24 13 18 14 13 15 21 17 21 18 18
5 1 24 8 14 12 14 13 13 18 13
10 4 19 6 19 8 17 9 20 11 23 13 14 14 21 15 14 16 21 18 13
1 8 24
6 0 24 2 23 5 12 9 20 10 20 14 14
15 0 14 1 20 3 20 4 24 6 14 7 22 8 18 10 20 11 22 12 17 14 18 15 12 16 21 17 23 18 21
3 6 17 9 17 19 20
10 1 17 2 20 3 17 4 20 7 14 8 16 10 23 13 21 18 18 19 19
3 4 24 14 18 15 20
9 0 20 4 21 6 16 7 15 8 12 12 12 14 18 16 12 19 20
14 0 17 2 16 4 22 5 13 6 13 7 17 8 14 10 20 11 22 12 16 13 22 14 16 17 22 19 21
4 3 17 4 16 16 12 18 18
5
13 9 0.0023
4 7 0.0016
19 5 0.0018000000000000002
11 0 0.0015
16 4 0.0013000000000000002
20
13 17 0.0015 0.10456503607365085
2 0 0.0018000000000000002 0.14180552754164405
2 10 0.0012000000000000001 0.10487571907851899
9 11 0.0017000000000000001 0.12904609660247607
12 3 0.0015 0.12067818613664259
3 7 0.0021000000000000003 0.1370064597323924
10 12 0.0024000000000000002 0.1473879684795083
15 17 0.0023 0.11001374388608061
1 4 0.0021000000000000003 0.1065010891997969
1 19 0.0017000000000000001 0.11986689461856984
7 10 0.0022 0.14539356009312382
14 2 0.0015 0.10871514879537979
13 2 0.0024000000000000002 0.13259563150140857
9 10 0.0015 0.14132025093989417
2 12 0.0021000000000000003 0.11967031068287748
1 4 0.0013000000000000002 0.10579161978774862
1 19 0.0022 0.10667094636537701
18 2 0.0018000000000000002 0.12351408830123682
2 0 0.0018000000000000002 0.10976074762613242
2 8 0.002 0.10823640743631814
