20
9 1 14 3 15 4 12 8 21 12 18 15 17 16 21 17 22 19 15
2 3 15 16 19
17 0 19 1 22 3 16 4 14 5 18 6 21 7 20 8 13 9 20 10 19 11 15 12 12 13 20 15 20 17 15 18 13 19 18
17 0 24 1 16 4 16 5 14 6 15 7 17 8 23 9 18 10 14 11 19 13 20 14 21 15 12 16 13 17 23 18 13 19 23
17 0 12 2 21 3 17 5 17 6 23 7 12 8 14 9 12 10 19 11 23 12 19 13 24 14 22 16 18 17 13 18 21 19 17
3 12 13 15 16 19 17
15 0 18 1 22 2 12 3 24 4 23 5 22 7 20 9 14 11 18 12 23 13 19 14 18 16 19 17 22 18 15
16 0 13 1 15 2 23 3 13 4 12 5 21 6 12 8 14 9 19 10 24 11 15 12 12 14 15 15 23 17 15 18 19
7 1 18 6 16 7 23 10 14 15 13 17 19 18 22
9 2 14 3 24 4 14 5 24 8 17 12 14 13 13 14 23 19 17
6 0 22 2 22 5 19 9 21 15 16 19 20
3 0 12 4 18 16 22
3 9 18 16 21 18 18
12 0 14 1 14 2 23 3 21 4 19 8 15 10 24 14 24 15 16 16 16 18 12 19 16
15 1 21 3 19 5 20 6 16 7 21 8 14 9 13 10 22 12 19 13 14 15 23 16 24 17 19 18 19 19 22
3 0 21 2 16 14 19
6 0 12 5 17 7 17 8 23 9 14 17 16
12 0 14 3 23 4 15 5 16 6 13 8 22 11 18 12 19 13 14 14 20 16 16 18 17
10 0 22 3 14 4 14 5 22 6 18 9 22 13 19 15 23 16 12 17 24
3 1 23 9 12 10 19
5
2 19 0.0018000000000000002
15 16 0.0018000000000000002
4 13 0.0017000000000000001
12 18 0.0012000000000000001
8 3 0.0017000000000000001
20
12 14 0.0017000000000000001 0.12601463054862538
5 8 0.0013000000000000002 0.13919923213370894
1 19 0.0023 0.1311285676765731
13 15 0.0023 0.13460632287604873
16 9 0.0018000000000000002 0.1094063025450791
7 12 0.0015 0.1424656296058136
8 2 0.0013000000000000002 0.14969124079921592
8 19 0.0014 0.1287804238609949
8 1 0.0023 0.12414364671752101
9 7 0.0024000000000000002 0.13274925250279537
7 6 0.0023 0.10895587074133174
2 12 0.0014 0.14707892276123188
11 10 0.002 0.13273923443922736
10 13 0.0021000000000000003 0.14994124584555585
1 7 0.0017000000000000001 0.122193375151591
2 15 0.0012000000000000001 0.14852724868696315
12 18 0.0024000000000000002 0.14083063255205935
17 16 0.0018000000000000002 0.11613188254690633
15 17 0.0012000000000000001 0.11329390777046548
17 7 0.0024000000000000002 0.13595443367624893
