20
10 3 23 4 23 6 15 8 19 12 24 13 16 14 22 16 22 18 19 19 22
6 3 21 4 23 5 20 6 13 9 22 10 19
15 0 24 1 13 5 21 6 24 7 16 8 24 9 16 10 13 11 15 12 13 14 24 15 15 16 21 17 13 18 20
4 1 13 6 22 15 12 18 21
5 3 24 10 20 17 24 18 14 19 12
16 0 12 1 15 2 12 4 15 6 22 8 22 9 21 10 23 11 12 12 13 13 20 14 15 15 13 16 12 17 16 19 23
14 0 13 2 14 3 17 4 18 7 20 9 16 11 12 12 16 13 12 14 18 15 17 16 22 18 13 19 19
9 1 17 4 12 5 12 10 21 12 15 13 19 14 24 15 17 17 13
9 0 17 1 16 3 18 4 21 5 23 6 20 7 19 10 14 18 20
5 1 22 2 15 6 13 13 17 18 15
7 0 16 2 17 7 14 12 20 14 21 17 13 19 22
12 1 24 3 15 4 21 6 19 8 17 9 12 10 14 12 21 13 21 15 20 16 12 19 12
5 3 22 5 23 10 17 13 19 16 21
11 0 21 1 24 3 21 5 23 9 15 11 21 14 21 15 19 16 12 17 17 19 18
17 0 17 2 20 3 22 4 16 5 22 6 13 7 17 8 15 9 22 10 19 11 19 12 13 13 21 16 18 17 19 18 22 19 24
2 2 20 13 20
16 0 12 1 21 2 24 4 19 5 19 6 13 7 13 8 17 10 18 11 22 12 12 13 16 15 24 17 22 18 16 19 23
5 4 22 6 21 11 17 15 21 18 13
14 0 23 2 17 3 13 4 21 5 13 6 15 7 16 10 19 11 24 12 18 13 15 15 22 17 22 19 15
12 0 23 4 12 5 22 6 23 8 18 9 24 10 21 11 14 12 16 16 23 17 18 18 20
5
11 4 0.0022
7 15 0.002
17 16 0.0013000000000000002
15 5 0.0022
19 17 0.0022
20
5 16 0.0015 0.1238411596346358
12 7 0.0019 0.13996899632671458
3 8 0.0022 0.14991004023250598
14 18 0.0018000000000000002 0.1327385058429239
17 10 0.0019 0.11471278277849087
13 3 0.0023 0.1060314354613255
4 13 0.0018000000000000002 0.12762133532719538
4 8 0.0019 0.12569877647073843
7 18 0.0016 0.1360703216857616
12 15 0.0016 0.14269893836884012
1 8 0.0018000000000000002 0.12579694776381495
15 6 0.0018000000000000002 0.10671841369387998
7 12 0.0018000000000000002 0.12339336684138513
11 10 0.0014 0.10006659064244593
1 2 0.0024000000000000002 0.12857224434426823
6 17 0.0017000000000000001 0.11969600350380472
0 4 0.0016 0.10052456634482913
8 5 0.0018000000000000002 0.10955845775920131
19 5 0.0019 0.10945055935360935
0 16 0.0015 0.14335585971237438
