20
15 1 15 2 13 3 16 4 16 5 14 6 15 8 18 9 21 10 22 11 17 13 21 14 15 15 12 17 20 19 15
14 0 18 2 20 3 14 4 18 5 14 6 15 10 14 11 23 12 12 14 13 15 18 16 19 17 17 18 14
16 0 14 1 14 4 24 5 19 6 21 7 24 8 24 9 20 11 13 12 14 13 24 14 14 15 17 16 24 18 15 19 22
2 5 15 14 24
16 1 17 2 24 3 17 5 21 6 20 7 23 8 23 10 22 11 18 12 21 13 14 14 19 15 20 16 18 18 12 19 19
15 1 13 2 20 4 13 6 21 7 22 8 23 9 20 11 20 12 22 13 12 14 12 16 14 17 12 18 18 19 14
17 0 18 1 13 2 14 3 12 4 21 5 17 7 22 8 23 11 18 12 15 13 13 14 19 15 21 16 18 17 18 18 12 19 23
16 0 12 1 17 3 24 4 17 5 15 6 22 8 13 9 17 10 20 12 18 14 14 15 15 16 14 17 22 18 14 19 22
18 1 21 2 14 3 16 4 12 5 23 6 14 7 20 9 22 10 18 11 18 12 22 13 23 14 17 15 22 16 19 17 18 18 19 19 16
4 1 20 11 21 15 24 16 14
5 2 13 14 12 15 24 17 12 19 13
15 0 23 1 24 2 15 4 18 5 17 6 21 8 13 9 17 12 15 13 13 14 14 15 23 16 19 17 20 19 12
8 0 24 3 12 5 14 7 24 9 16 13 23 15 12 17 18
15 0 19 1 21 2 23 3 13 4 13 5 20 7 16 8 16 10 23 11 19 12 14 16 23 17 13 18 13 19 24
11 3 12 5 13 7 19 11 24 12 20 13 18 15 20 16 17 17 18 18 15 19 21
14 2 23 3 19 5 20 7 14 9 23 10 21 11 17 12 20 13 18 14 23 16 15 17 14 18 23 19 12
6 1 12 6 15 7 17 11 14 17 21 19 17
5 3 21 7 24 12 16 14 15 19 12
5 6 17 11 12 14 15 16 18 17 17
8 0 14 1 16 2 16 4 24 8 24 10 15 13 19 18 22
5
19 3 0.0013000000000000002
10 12 0.0018000000000000002
10 13 0.0012000000000000001
9 3 0.0019
6 14 0.0021000000000000003
20
6 7 0.0015 0.14234862014203412
6 19 0.0023 0.13843032483769802
19 15 0.0014 0.14194958721179196
10 16 0.0016 0.11615948222669417
5 18 0.0016 0.11218273906162977
17 8 0.0024000000000000002 0.1254938871082791
15 2 0.0021000000000000003 0.1295053812857442
16 5 0.0024000000000000002 0.12229149916937698
8 1 0.0017000000000000001 0.10880267291321653
2 16 0.0016 0.1101139724804225
5 0 0.0012000000000000001 0.1092020843257757
4 5 0.0017000000000000001 0.13464940943490433
5 1 0.0022 0.13037923876830193
19 16 0.0018000000000000002 0.11696394137299528
17 12 0.002 0.11231603415655286
2 1 0.0014 0.12803882189431592
9 1 0.0013000000000000002 0.12022826068679651
1 8 0.0024000000000000002 0.12242997906513803
5 14 0.0012000000000000001 0.14616029034950206
14 17 0.002 0.11422806112623508
