20
3 7 16 9 22 16 15
11 0 17 5 16 6 12 7 17 8 23 9 18 10 19 13 22 15 21 17 16 19 21
18 0 16 1 16 3 24 4 19 5 12 6 24 7 21 8 12 9 20 10 23 12 20 13 13 14 20 15 13 16 18 17 22 18 18 19 14
15 0 18 1 16 4 13 5 17 6 24 7 22 8 13 9 19 10 13 11 14 12 15 15 12 17 13 18 14 19 19
16 0 13 2 21 3 12 5 23 6 17 7 19 8 17 9 23 10 18 11 24 12 23 13 12 15 19 16 16 17 17 19 24
13 1 15 2 19 3 15 4 22 7 13 9 21 10 24 11 23 12 17 13 20 15 13 16 16 18 24
6 2 16 11 13 14 13 16 20 18 16 19 15
14 0 15 1 18 2 13 4 23 6 24 9 13 10 14 11 22 12 12 13 23 14 21 15 13 16 19 18 21
12 2 19 3 19 4 17 6 22 7 16 9 14 10 13 11 15 12 24 14 12 15 14 19 23
1 11 22
9 1 19 3 23 4 12 6 14 7 19 8 21 11 12 12 17 17 17
10 0 24 3 15 4 21 5 23 6 19 7 17 8 13 9 20 12 17 19 19
13 0 22 1 22 2 19 3 17 5 13 6 14 7 18 9 20 10 22 13 20 17 12 18 16 19 17
8 0 15 1 22 5 23 6 17 9 18 11 20 14 23 17 13
16 0 20 1 14 2 16 3 19 4 14 5 23 6 22 7 12 8 18 9 21 11 22 12 21 13 15 15 16 18 12 19 14
4 3 21 4 15 7 14 10 17
15 0 20 1 24 3 14 4 17 5 19 6 21 7 21 8 12 9 20 12 19 13 18 14 12 15 13 18 12 19 14
7 2 22 7 18 8 18 9 21 11 13 14 19 15 16
4 3 24 5 14 14 12 16 23
14 1 12 5 17 6 22 7 12 8 22 9 13 10 12 11 22 12 12 13 23 14 23 15 23 17 20 18 17
5
5 19 0.0017000000000000001
4 18 0.0012000000000000001
19 2 0.0021000000000000003
11 4 0.002
2 9 0.0021000000000000003
20
2 12 0.0022 0.10881510156020403
6 19 0.0022 0.11781791110233442
8 2 0.0019 0.10848739605619487
14 10 0.0012000000000000001 0.12738162877662101
2 1 0.002 0.13829588361946452
11 18 0.0022 0.1253382692448385
18 16 0.0015 0.11585940076488986
7 19 0.0021000000000000003 0.14480715452365697
13 10 0.0018000000000000002 0.11668385986919994
8 5 0.0024000000000000002 0.12292779816521787
16 14 0.0014 0.10324221908249528
17 11 0.0018000000000000002 0.11609092845337206
6 13 0.0012000000000000001 0.11086051401377671
5 4 0.0016 0.10378214769235118
17 4 0.0018000000000000002 0.11708848162949592
11 6 0.0019 0.1348587351269542
18 14 0.0021000000000000003 0.11177796801924247
10 17 0.0021000000000000003 0.14230368771211382
15 7 0.0015 0.12862835090639382
5 9 0.0019 0.11167770915475415
