20
17 1 18 2 24 3 15 4 13 5 17 6 22 7 16 9 22 10 14 11 20 12 23 13 15 14 24 15 12 17 13 18 23 19 22
5 4 14 5 18 10 23 13 22 14 14
10 0 18 1 19 4 16 5 17 6 15 7 15 9 17 11 18 18 12 19 15
18 0 19 1 16 2 16 4 19 6 17 7 18 8 23 9 20 10 15 11 13 12 12 13 14 14 15 15 24 16 13 17 18 18 16 19 23
18 1 12 2 13 3 14 5 24 6 24 7 15 8 14 9 18 10 20 11 22 12 17 13 18 14 22 15 12 16 21 17 19 18 12 19 20
3 3 12 8 21 11 17
10 1 16 3 22 4 23 7 19 8 18 10 19 14 21 16 13 17 24 19 13
6 2 24 9 17 12 19 15 14 16 22 17 19
4 5 17 11 18 14 16 19 24
16 0 13 3 16 4 15 5 24 6 15 7 20 10 15 11 18 12 18 13 17 14 21 15 14 16 13 17 21 18 17 19 16
3 0 22 8 15 12 12
11 0 19 1 17 3 15 5 22 7 14 9 16 10 23 13 21 14 20 16 20 18 13
17 0 21 1 21 3 20 4 21 5 13 6 17 7 13 8 17 9 17 10 20 11 18 13 18 14 19 15 23 16 23 17 23 19 16
8 4 22 10 12 11 15 14 13 16 12 17 23 18 24 19 15
4 2 20 10 16 13 13 17 14
17 0 13 1 19 2 16 3 12 4 12 5 13 6 20 7 22 8 18 9 17 12 20 13 20 14 12 16 17 17 15 18 15 19 12
17 0 23 1 15 2 14 3 13 4 22 5 19 7 21 8 16 10 21 11 22 12 21 13 22 14 23 15 18 17 14 18 21 19 15
18 0 15 1 17 2 22 3 23 4 23 5 14 6 21 7 14 8 12 9 15 10 22 12 16 13 13 14 22 15 16 16 22 18 16 19 19
8 5 21 10 19 12 13 13 13 14 18 16 24 17 14 19 13
8 0 19 3 22 5 21 9 23 11 14 12 20 14 18 17 12
5
1 7 0.0017000000000000001
15 14 0.0013000000000000002
6 8 0.0017000000000000001
10 3 0.0022
9 11 0.0022
20
1 3 0.0022 0.14370576639574403
3 16 0.0015 0.1438221956094316
12 19 0.0014 0.13585570687597265
4 0 0.002 0.11166788910644278
1 5 0.0016 0.14303374403214236
3 7 0.0024000000000000002 0.13188547113239107
10 2 0.0021000000000000003 0.10389083382543421
10 5 0.0022 0.14167882775388224
5 15 0.002 0.10366897059027011
17 6 0.0024000000000000002 0.10091291361936666
17 0 0.0024000000000000002 0.11557473116631559
18 0 0.0019 0.13514047346618627
9 12 0.0022 0.12130255315264406
19 1 0.0024000000000000002 0.12398045472866234
15 11 0.0018000000000000002 0.10392261292631565
13 19 0.0019 0.1363048885938468
17 3 0.0019 0.11740991299083271
19 12 0.0013000000000000002 0.10465977598258322
12 13 0.0021000000000000003 0.12413281925297841
15 14 0.0013000000000000002 0.14945860019404922
