20
6 1 24 3 18 6 17 7 14 10 16 19 13
15 2 23 4 12 5 19 6 24 8 21 9 17 10 18 11 23 12 23 13 13 14 20 15 21 17 17 18 24 19 24
12 1 23 4 18 5 12 7 23 9 20 10 22 11 16 12 22 15 17 16 23 18 21 19 13
5 8 23 10 18 14 13 15 12 16 19
3 6 18 12 18 13 18
2 6 13 10 21
17 0 19 2 16 3 21 4 24 5 12 7 13 8 14 9 14 10 15 11 21 12 23 13 15 15 21 16 16 17 19 18 20 19 23
8 8 23 9 23 11 17 12 22 14 16 15 20 16 16 17 14
12 1 18 2 23 5 17 6 16 9 21 10 16 11 18 12 21 13 23 15 22 16 16 19 24
5 0 23 5 23 11 14 15 13 19 18
10 1 21 2 20 3 18 5 12 8 23 14 17 15 17 16 21 17 24 19 20
14 0 17 1 13 2 18 3 22 5 21 7 17 8 22 9 17 12 18 14 14 16 19 17 17 18 23 19 15
18 0 19 1 14 2 13 3 23 4 21 5 15 6 13 7 23 8 23 9 12 10 20 11 19 13 13 15 23 16 24 17 15 18 15 19 13
14 0 19 1 19 2 14 3 20 5 15 7 22 8 14 10 14 11 21 15 20 16 15 17 15 18 21 19 20
15 1 16 3 14 5 22 6 14 7 21 8 13 9 14 10 16 11 16 12 20 13 22 15 17 16 14 18 18 19 23
3 3 24 7 19 16 24
9 3 19 7 24 9 19 12 12 13 24 14 14 17 18 18 19 19 13
5 1 17 5 15 12 16 13 24 16 17
6 2 19 3 24 9 12 10 21 12 15 17 21
1 6 12
5
14 15 0.0022
8 0 0.0018000000000000002
15 7 0.0013000000000000002
12 1 0.0015
7 12 0.0016
20
12 7 0.0024000000000000002 0.1199037586474732
0 4 0.0019 0.14644089301821056
1 4 0.0024000000000000002 0.13209493986912313
19 16 0.0015 0.13256842640022296
15 2 0.0012000000000000001 0.10481928362788508
15 5 0.0012000000000000001 0.11221961752411293
3 14 0.0018000000000000002 0.13147490070430634
18 6 0.0017000000000000001 0.10053947109529894
14 18 0.0013000000000000002 0.12369064473756751
19 14 0.0021000000000000003 0.1130476290860203
2 15 0.0014 0.13097495803798867
4 13 0.0024000000000000002 0.14502132342524282
8 0 0.0012000000000000001 0.11400866932103713
10 13 0.0016 0.10130260154550191
14 1 0.0024000000000000002 0.11954568082455377
18 16 0.0022 0.10021403839023224
0 4 0.0014 0.13055719610791147
2 19 0.0015 0.11200910993854454
3 13 0.0015 0.10851759559971452
7 14 0.0017000000000000001 0.12039867486148507
