20
9 2 12 3 14 5 17 7 21 10 18 12 19 16 22 17 15 18 20
12 0 22 2 19 3 24 4 14 6 20 7 19 8 19 11 15 12 16 13 22 15 16 18 14
11 0 16 1 21 3 15 5 16 6 14 7 20 8 22 11 21 12 19 13 20 17 14
8 1 24 5 14 6 16 7 12 9 13 15 22 18 19 19 12
13 0 23 1 16 2 21 3 13 5 18 7 14 8 16 9 19 10 14 14 23 15 18 16 13 19 23
2 3 24 17 22
15 0 20 1 20 3 17 4 15 5 20 7 24 8 14 9 16 10 20 13 18 14 18 15 23 16 24 18 23 19 17
7 1 15 2 20 4 14 11 14 14 16 16 12 19 19
2 0 23 12 13
13 0 13 3 12 4 16 5 12 6 17 8 16 11 22 12 17 13 19 15 15 16 17 17 24 18 21
3 8 22 13 19 18 21
18 0 14 1 13 2 12 3 20 4 13 5 16 6 14 7 13 8 23 9 21 10 12 12 16 13 18 14 19 15 18 16 19 18 12 19 17
18 0 18 1 19 2 22 3 18 4 13 5 14 6 17 8 20 9 21 10 24 11 13 13 19 14 24 15 24 16 13 17 14 18 24 19 13
17 0 21 1 24 2 24 3 12 4 14 5 19 6 12 7 22 8 19 9 13 10 19 11 14 14 19 15 12 17 18 18 18 19 16
3 1 13 9 16 16 24
10 1 15 2 12 3 22 4 21 5 15 6 19 7 22 8 18 14 19 18 20
1 11 16
8 2 18 4 20 6 20 7 20 8 20 10 24 13 15 19 17
18 0 15 1 15 2 16 3 17 4 20 5 15 7 19 8 19 9 20 10 20 11 24 12 16 13 17 14 16 15 20 16 18 17 21 19 13
5 3 21 11 13 12 12 17 16 18 23
5
13 7 0.0019
14 1 0.0013000000000000002
9 13 0.0017000000000000001
16 12 0.0016
10 8 0.002
20
12 4 0.0018000000000000002 0.10486734223999174
3 17 0.0024000000000000002 0.1080966033895215
16 7 0.0015 0.12585033972764578
16 19 0.0023 0.1319530202443121
6 5 0.0015 0.1418916435726318
15 4 0.002 0.11612038987558404
18 8 0.0021000000000000003 0.1263414069846628
18 15 0.0012000000000000001 0.1449875856058217
11 10 0.0015 0.10478219380725418
18 10 0.0024000000000000002 0.12886963389310244
17 12 0.0023 0.12829808562923128
7 10 0.0016 0.12286440227608056
16 19 0.0013000000000000002 0.118565799554645
8 10 0.0017000000000000001 0.1445142923752344
1 5 0.0023 0.11084857489703985
10 12 0.0014 0.1376731580105362
7 1 0.0017000000000000001 0.1498161484071778
6 9 0.0021000000000000003 0.11493014694126692
7 12 0.0021000000000000003 0.10418215987142104
19 5 0.0019 0.1449783802198862
