20
17 1 16 2 16 3 22 4 12 5 24 6 16 7 13 8 19 9 18 10 15 11 17 13 21 14 14 15 23 16 16 17 14 19 14
15 0 14 2 17 5 21 6 16 7 20 8 14 10 16 11 22 13 14 14 12 15 18 16 21 17 13 18 16 19 18
3 17 17 18 16 19 17
2 11 13 14 16
15 0 22 5 18 6 24 7 20 8 13 9 14 10 19 11 23 13 21 14 23 15 13 16 24 17 19 18 17 19 21
18 0 20 1 14 2 15 4 23 6 21 7 23 8 24 9 13 10 20 11 13 12 22 13 22 14 19 15 18 16 16 17 18 18 16 19 21
15 0 14 1 22 2 24 3 18 4 12 5 12 8 15 9 24 10 18 11 24 12 15 16 24 17 22 18 17 19 20
10 1 24 2 21 8 23 10 23 11 19 14 21 15 15 16 16 18 18 19 13
5 4 17 10 17 14 21 15 12 19 23
11 0 12 2 13 3 18 7 13 8 15 10 23 13 23 15 23 17 21 18 12 19 20
5 1 16 4 20 13 16 17 13 19 12
2 5 14 12 13
16 0 17 3 12 4 19 5 23 6 16 7 24 8 24 9 16 10 17 11 17 13 17 15 22 16 23 17 23 18 19 19 19
10 0 24 6 18 8 19 10 20 11 13 14 23 15 17 16 15 17 15 19 12
8 1 16 3 18 4 15 6 20 12 22 13 14 16 13 18 19
8 3 23 4 13 8 12 10 18 12 18 16 12 18 22 19 17
8 0 18 1 13 3 16 5 24 8 16 10 15 11 23 19 20
7 1 22 3 13 5 14 6 23 8 18 13 23 19 15
11 2 14 5 19 8 21 9 15 10 18 11 20 13 20 14 19 15 18 16 21 17 24
18 0 20 1 22 2 14 3 13 4 19 5 15 6 12 7 16 8 12 9 18 10 23 11 20 12 18 13 24 14 13 16 16 17 18 18 17
5
10 14 0.0016
3 0 0.0017000000000000001
13 10 0.002
1 19 0.0022
8 16 0.0017000000000000001
20
17 8 0.0018000000000000002 0.11302381472088158
13 19 0.0023 0.14914181558480394
12 0 0.0019 0.10190387386475752
16 1 0.0019 0.13995125669443045
14 10 0.0018000000000000002 0.12126835490400793
7 4 0.0012000000000000001 0.10396708880877022
6 4 0.0016 0.13560712331700187
1 18 0.0017000000000000001 0.1050599441729857
15 19 0.002 0.11173503550370838
0 13 0.0019 0.12705316575742537
6 7 0.0012000000000000001 0.1283478466692735
2 3 0.0019 0.10571962170162227
6 10 0.0021000000000000003 0.12727885907351258
4 12 0.0017000000000000001 0.11200926403000251
8 5 0.0024000000000000002 0.1291118327263553
18 14 0.0021000000000000003 0.11863990787264625
16 1 0.0016 0.14740243736270658
1 9 0.0023 0.125571620270443
9 16 0.0021000000000000003 0.12787336743599567
2 16 0.0018000000000000002 0.11374773308769302
