20
4 3 13 6 14 15 12 17 12
8 2 23 4 12 6 21 8 23 12 12 15 17 18 17 19 21
8 1 19 4 12 5 17 8 20 9 15 11 15 14 12 15 15
15 0 12 1 21 2 22 4 21 5 13 6 21 7 17 8 18 9 12 10 13 11 12 13 13 14 14 16 21 19 16
6 0 23 5 14 10 18 13 18 16 13 18 21
9 0 16 2 14 4 22 8 21 10 14 11 15 13 12 16 19 17 15
17 1 23 2 19 4 20 5 23 7 17 8 19 9 22 10 14 11 18 12 17 13 22 14 13 15 14 16 20 17 24 18 17 19 20
6 0 20 5 22 11 23 13 12 14 16 18 18
3 0 15 17 18 18 21
9 0 20 1 22 2 17 4 19 7 13 12 24 13 13 15 13 18 13
17 0 19 1 17 2 22 3 18 4 16 5 12 6 16 7 21 8 14 9 21 12 19 13 20 14 14 15 14 16 23 18 22 19 20
13 2 17 3 16 5 23 6 14 7 18 8 19 9 15 10 13 12 16 14 14 16 16 17 15 18 16
5 1 18 5 15 6 17 11 19 18 16
18 0 20 1 16 2 16 3 14 4 14 5 17 6 24 7 18 8 13 9 12 10 13 11 17 12 15 14 21 15 23 16 18 17 17 18 14
8 3 14 9 12 10 20 13 22 15 23 16 18 17 20 18 19
10 1 17 3 18 4 16 6 24 8 20 9 12 10 17 12 17 17 24 19 12
3 0 24 4 17 10 17
17 0 16 1 18 2 15 3 17 4 20 5 24 6 16 7 22 8 23 9 17 10 17 12 16 14 18 15 17 16 18 18 23 19 21
5 1 23 5 21 8 13 11 16 15 22
1 8 15
5
8 4 0.0014
6 0 0.0016
14 3 0.0018000000000000002
2 1 0.0012000000000000001
3 8 0.0018000000000000002
20
3 6 0.0014 0.10120645860395984
7 2 0.0018000000000000002 0.10239845138191944
14 4 0.0023 0.1068990064019174
5 6 0.0013000000000000002 0.115932932456577
17 14 0.0016 0.10072066252093669
11 3 0.0015 0.14563120553668507
18 6 0.0024000000000000002 0.11210930919057475
5 18 0.0024000000000000002 0.12237037834169204
1 12 0.0023 0.1319675627506457
15 11 0.0016 0.14606397412108388
19 13 0.0023 0.1226570833231172
12 0 0.0023 0.10426084278868289
11 8 0.0021000000000000003 0.14157701385504076
18 0 0.0018000000000000002 0.14386501997581072
15 16 0.0018000000000000002 0.11535119421401156
16 8 0.0023 0.14701168665458308
6 13 0.0019 0.11403004535856671
0 16 0.0016 0.1347669540128909
13 6 0.002 0.12353928911871494
15 13 0.0015 0.12022239435902607
