20
16 1 14 2 12 3 17 4 23 5 16 6 14 7 21 9 24 10 17 13 17 14 12 15 13 16 24 17 23 18 22 19 17
7 2 21 6 16 7 12 8 19 12 20 13 22 17 20
7 1 17 7 17 8 23 12 22 14 16 16 18 19 17
2 0 12 12 21
14 1 23 2 20 5 18 6 13 7 22 9 19 11 19 12 24 13 15 14 18 15 20 17 19 18 19 19 20
14 1 12 2 15 3 14 4 23 6 12 7 18 9 15 11 16 12 18 13 17 15 18 16 17 17 18 18 14
8 2 20 3 19 4 18 11 17 13 17 14 22 16 16 17 12
9 1 16 2 21 3 23 4 23 8 22 11 24 14 17 18 15 19 19
13 0 24 2 23 3 24 4 19 5 21 6 21 9 22 11 13 13 12 14 16 15 18 16 15 19 19
10 1 19 3 24 4 16 5 16 8 17 11 13 14 14 15 15 16 20 18 17
18 0 12 1 15 2 21 3 20 4 14 5 14 6 22 7 12 8 15 9 23 11 14 12 24 13 21 14 16 15 19 17 24 18 12 19 14
1 18 23
11 0 15 1 15 2 24 4 12 6 17 8 21 13 16 15 16 16 12 17 23 19 17
13 0 19 1 22 2 23 3 17 4 22 9 13 11 14 12 22 14 19 15 23 16 14 17 19 19 22
16 1 18 3 19 4 16 5 17 6 24 8 19 9 16 10 13 11 15 12 13 13 13 15 16 16 19 17 14 18 21 19 22
6 3 23 5 15 7 20 10 17 14 18 17 14
14 0 14 1 18 3 15 4 23 5 20 7 16 8 17 10 16 11 20 12 14 15 17 17 23 18 14 19 17
15 0 17 1 20 3 16 4 16 5 14 6 18 7 14 8 15 10 17 11 23 14 12 15 19 16 16 18 20 19 22
13 1 20 3 23 4 19 5 21 6 12 7 24 8 19 10 18 11 13 12 16 13 15 14 13 15 14
6 3 17 5 14 7 19 11 14 13 16 17 20
5
14 19 0.0024000000000000002
11 4 0.0012000000000000001
8 15 0.002
13 2 0.002
1 6 0.0019
20
6 8 0.0013000000000000002 0.11248006341146184
15 12 0.0019 0.10725372330247909
15 5 0.0024000000000000002 0.14406555303999177
19 4 0.0022 0.12158557127066826
10 1 0.0012000000000000001 0.11118810223239091
17 0 0.0021000000000000003 0.13656445077270238
9 17 0.002 0.11030770035515249
7 14 0.0024000000000000002 0.10839212432958585
15 2 0.0013000000000000002 0.1321411380404854
1 4 0.0014 0.13718542890640345
17 6 0.0019 0.13755925432207844
8 4 0.0019 0.14878968901838344
16 3 0.0016 0.12186395462865583
11 16 0.0018000000000000002 0.13835373511332189
18 3 0.0023 0.14222457336627664
5 10 0.002 0.11806249305131586
19 0 0.0021000000000000003 0.10863135074150027
6 9 0.0016 0.10135562663526013
19 11 0.0021000000000000003 0.12311653945576233
5 9 0.0013000000000000002 0.12327696808173103
