20
2 18 12 19 16
16 0 20 2 17 3 14 4 22 5 22 6 14 7 19 8 23 10 24 11 13 13 21 14 13 15 15 17 12 18 24 19 22
4 1 13 11 14 13 15 17 23
9 2 16 6 18 8 16 11 24 12 23 15 21 16 21 18 12 19 17
11 0 14 1 16 2 24 3 24 5 23 6 15 7 15 8 14 9 24 12 18 15 16
3 2 14 18 16 19 13
10 0 16 2 13 3 15 9 20 10 21 13 18 14 23 15 21 16 14 18 13
16 1 15 2 20 3 17 5 22 6 24 8 18 9 14 11 13 12 12 13 20 14 21 15 18 16 15 17 19 18 13 19 12
14 0 13 4 12 5 21 6 20 7 16 10 16 12 21 13 12 14 17 15 21 16 19 17 14 18 18 19 21
6 3 13 5 20 8 19 17 18 18 12 19 22
8 0 21 2 17 6 23 8 24 11 22 12 14 15 21 18 20
10 0 24 3 23 4 24 5 20 7 12 9 20 12 18 13 14 14 18 17 24
14 0 19 1 18 2 14 3 19 4 16 6 13 7 19 9 20 10 16 13 14 14 17 15 17 18 22 19 15
13 3 23 4 16 5 16 6 16 7 19 8 22 9 24 11 20 12 14 14 24 15 16 17 24 19 20
13 1 18 2 21 4 19 5 21 6 12 7 16 8 20 9 15 10 13 11 20 12 23 17 15 19 17
6 0 22 3 19 4 19 9 21 10 24 19 20
12 0 24 3 14 5 20 8 20 9 12 11 22 12 14 13 20 14 19 15 22 17 22 19 20
15 0 21 2 14 3 17 4 20 6 17 7 15 8 12 9 20 10 24 11 12 12 20 14 13 16 20 18 24 19 15
9 1 21 3 22 5 22 6 23 7 16 8 17 9 21 10 16 17 24
1 9 17
5
2 4 0.0013000000000000002
7 4 0.0023
0 7 0.0014
12 10 0.0024000000000000002
4 19 0.0016
20
13 6 0.0017000000000000001 0.10636338084643847
8 4 0.0018000000000000002 0.13600325997679857
13 18 0.0013000000000000002 0.14326797199145258
18 7 0.0023 0.1318294408189586
8 16 0.0013000000000000002 0.1143959225147469
11 15 0.0014 0.11814972324713645
10 9 0.0023 0.10532749329917124
2 17 0.0021000000000000003 0.1321743291473647
7 15 0.0021000000000000003 0.11604413200295227
1 6 0.0018000000000000002 0.11614718647130828
6 18 0.0023 0.13133080379957424
7 3 0.0013000000000000002 0.1129803952960953
19 13 0.0019 0.14709380268622338
11 10 0.0012000000000000001 0.14983304589739577
10 6 0.0024000000000000002 0.10392812507039678
8 9 0.0022 0.14773518435724256
1 3 0.0012000000000000001 0.11978970161429103
19 13 0.0012000000000000001 0.13107038345299216
9 17 0.0022 0.13502472860613712
10 0 0.002 0.10394192452377744
