10
7 2 13 3 20 4 22 5 22 6 17 7 20 8 14
5 3 12 4 22 5 12 7 12 9 22
8 1 12 3 13 4 23 5 22 6 24 7 14 8 17 9 17
5 5 22 6 24 7 15 8 16 9 22
3 0 14 3 24 6 20
2 0 22 8 15
6 0 15 1 24 2 14 4 12 5 14 7 19
4 1 23 6 20 8 22 9 16
3 1 19 2 17 5 13
3 0 22 3 17 8 18
3
4 5 0.0023
7 5 0.002
9 3 0.0022
9
4 1 0.0014 0.10794524192484606
1 8 0.0013000000000000002 0.10498500789764494
8 3 0.0012000000000000001 0.13040774810977282
3 9 0.0012000000000000001 0.12468471202072115
1 9 0.0023 0.11006359366885357
7 2 0.002 0.10653632456029041
7 8 0.0013000000000000002 0.14016944031109868
9 7 0.0014 0.11089034299820176
6 8 0.0014 0.1366730749464094
