10
4 5 22 6 20 8 19 9 12
8 0 12 3 22 4 17 5 18 6 19 7 22 8 17 9 20
3 0 24 1 18 9 15
8 0 15 1 20 4 13 5 17 6 23 7 23 8 17 9 24
7 0 19 1 18 2 19 5 17 6 14 7 16 9 21
3 2 15 4 20 6 20
1 1 12
2 0 15 1 14
5 1 13 2 16 3 20 4 13 9 22
8 0 22 1 14 2 13 4 19 5 24 6 18 7 15 8 20
3
3 5 0.0018000000000000002
9 6 0.0013000000000000002
9 7 0.0016
9
2 0 0.0022 0.12824910576145324
2 3 0.0017000000000000001 0.1386324330820251
4 7 0.0017000000000000001 0.1130512866224745
2 1 0.0022 0.12816969078704435
0 4 0.0015 0.13656466659406338
3 5 0.0015 0.11191400704266517
8 4 0.0013000000000000002 0.10043429709344766
4 1 0.0012000000000000001 0.13688088419232913
0 3 0.0016 0.10445970837779964
