10
6 2 12 3 15 5 17 6 21 7 24 8 21
5 0 14 2 19 3 24 4 18 5 19
4 3 13 6 21 8 12 9 20
1 1 12
2 2 18 9 17
8 0 22 1 24 2 22 4 20 6 22 7 21 8 19 9 12
3 0 19 4 13 7 17
3 1 16 3 17 5 19
3 1 18 2 22 6 22
7 0 18 2 14 4 22 5 19 6 14 7 19 8 17
3
0 8 0.0024000000000000002
9 6 0.0013000000000000002
8 9 0.0023
9
2 7 0.0022 0.10862819857561506
5 6 0.0016 0.12892078270170226
8 2 0.002 0.10227855767920292
2 6 0.0016 0.1332868022404483
7 3 0.0017000000000000001 0.13636034913044012
9 0 0.0016 0.14030052860255887
8 0 0.0022 0.10142921196101103
4 5 0.002 0.13890810921809252
8 6 0.0015 0.14307237189849184
