10
6 1 14 3 13 4 15 5 21 7 13 9 22
5 0 14 3 23 4 15 7 24 9 14
4 4 13 5 15 6 23 8 16
6 1 20 2 13 5 17 6 12 8 17 9 13
5 0 18 3 24 5 14 6 17 7 14
1 1 21
3 0 20 2 24 8 17
4 2 20 5 17 6 14 9 16
3 2 15 7 19 9 22
7 0 19 1 15 3 16 4 15 6 18 7 22 8 17
3
8 7 0.0018000000000000002
6 8 0.0024000000000000002
8 3 0.0023
9
7 6 0.0016 0.11586815279693086
1 5 0.0013000000000000002 0.11921696105936941
0 4 0.0015 0.11435366731879264
8 5 0.0022 0.11208750217293274
3 9 0.0019 0.1060622421675934
2 4 0.0024000000000000002 0.12250084334532496
0 6 0.0012000000000000001 0.13175644701779934
7 4 0.0017000000000000001 0.1442162011074552
9 3 0.0019 0.11274312592388623
