10
4 2 19 3 16 7 24 8 20
8 0 23 2 17 3 16 5 24 6 16 7 22 8 24 9 17
7 0 22 1 19 3 21 4 17 5 14 6 19 7 20
1 6 12
4 0 14 5 19 6 19 7 20
5 0 15 1 19 2 23 6 14 8 21
7 0 16 1 17 2 13 3 21 4 15 5 22 7 17
1 0 24
4 2 22 3 19 4 21 7 20
3 0 17 2 19 5 21
3
3 4 0.0018000000000000002
9 3 0.002
2 0 0.0023
9
4 2 0.0023 0.14800686301386443
9 8 0.0021000000000000003 0.12328038429894478
9 5 0.0022 0.1383844554036858
0 1 0.0015 0.1444349418631365
6 3 0.002 0.13832590360699928
6 0 0.002 0.1299513689976536
8 6 0.0024000000000000002 0.1463059480563701
5 4 0.0016 0.12243740791023006
4 7 0.0015 0.14051287503019447
