10
1 1 15
7 0 12 2 21 3 20 4 24 5 23 8 12 9 17
8 0 24 1 23 3 23 4 15 5 15 6 13 7 17 8 19
2 2 16 8 20
4 0 22 3 13 6 15 7 24
4 1 12 7 16 8 20 9 16
3 1 21 5 24 9 20
3 5 23 6 21 8 13
7 0 12 1 19 2 15 3 22 4 19 6 16 7 20
5 1 12 2 13 3 20 4 20 5 16
3
9 2 0.0016
9 3 0.002
2 4 0.0014
9
8 1 0.0013000000000000002 0.12088992872728432
1 8 0.0022 0.11029252187680122
7 0 0.0016 0.1233475579750095
6 3 0.0016 0.11871335139423202
2 3 0.0014 0.13439817906829787
3 8 0.0023 0.1316001379540962
3 6 0.0012000000000000001 0.1174505505600251
6 2 0.0017000000000000001 0.105955688878442
8 5 0.0017000000000000001 0.13018373464878272
