10
6 1 14 5 24 6 12 7 12 8 12 9 23
4 0 23 5 16 8 13 9 16
5 0 21 4 16 5 18 8 13 9 13
5 2 16 5 13 6 22 8 20 9 15
2 1 13 6 18
4 0 19 1 24 3 12 8 16
2 5 15 7 21
2 3 17 6 14
5 0 16 2 23 4 23 5 19 6 14
8 0 14 1 17 2 24 3 17 4 19 5 21 6 19 8 20
3
0 6 0.0022
9 0 0.0019
9 5 0.0017000000000000001
9
1 3 0.0022 0.10985453015630073
4 9 0.0016 0.14560997026656558
1 8 0.0014 0.14752569036320995
7 0 0.0015 0.1139596912878468
7 4 0.0017000000000000001 0.1024631176670784
5 3 0.0021000000000000003 0.11071859444477349
0 9 0.0019 0.10917384830811022
4 6 0.0013000000000000002 0.11143306556390317
9 4 0.0013000000000000002 0.12141190231234361
