10
2 8 20 9 13
6 3 23 4 24 5 23 6 23 7 16 9 23
6 0 17 1 23 3 16 6 13 8 12 9 17
8 0 14 1 19 2 12 4 12 5 23 6 22 7 14 8 18
4 0 13 6 19 7 12 9 21
7 1 12 3 14 4 19 6 19 7 24 8 19 9 23
2 1 14 8 14
8 0 20 2 20 3 17 4 15 5 24 6 22 8 23 9 14
2 2 19 6 15
7 0 13 1 24 2 22 4 14 5 13 6 19 8 22
3
7 1 0.0013000000000000002
7 3 0.0024000000000000002
9 1 0.0012000000000000001
9
4 5 0.0024000000000000002 0.12648698934601565
9 1 0.0021000000000000003 0.11667584545826218
7 3 0.0017000000000000001 0.13948131552647777
9 2 0.0019 0.10543774379236875
7 3 0.0019 0.13602834877751596
0 1 0.0024000000000000002 0.1487444700727874
8 9 0.0022 0.14097370773598128
3 4 0.0013000000000000002 0.1213681236629556
6 2 0.0014 0.13636452698454476
