10
1 7 24
3 2 22 3 14 4 22
6 0 16 1 20 6 13 7 22 8 20 9 21
6 0 20 2 21 4 20 5 24 6 19 7 24
1 0 12
6 1 17 2 23 4 14 6 22 7 24 8 16
3 0 17 2 20 4 13
6 0 17 1 19 2 14 6 24 8 13 9 23
1 3 20
2 4 21 6 19
3
9 7 0.0015
2 6 0.0012000000000000001
2 7 0.0013000000000000002
9
4 7 0.0017000000000000001 0.12589928407086623
7 1 0.0022 0.11189218872688578
8 4 0.0017000000000000001 0.14198704186331723
6 8 0.0012000000000000001 0.13587176737224282
0 8 0.0022 0.13876195105644512
8 2 0.0017000000000000001 0.1461411185793362
5 2 0.0023 0.11228603229858972
9 4 0.0018000000000000002 0.11224235417181956
5 1 0.0017000000000000001 0.13689492739013573
