10
7 1 16 2 22 4 19 5 17 6 20 7 22 9 21
6 0 14 2 16 4 13 6 16 7 13 9 17
2 5 19 7 17
3 4 15 6 15 7 14
3 5 19 7 22 8 23
2 3 16 7 23
6 2 17 3 19 4 17 7 12 8 18 9 23
6 0 15 1 15 3 15 4 13 6 21 9 13
5 0 17 1 12 4 18 6 16 9 20
8 0 23 1 19 2 15 4 24 5 15 6 19 7 22 8 14
3
9 6 0.0016
8 7 0.0021000000000000003
1 9 0.0019
9
0 4 0.0021000000000000003 0.1416435318304307
2 4 0.0023 0.13791300703969805
1 6 0.0017000000000000001 0.12027175411457275
3 2 0.0015 0.14133026541104404
8 0 0.0018000000000000002 0.1307351172669469
4 3 0.0014 0.1278114700495246
1 3 0.0016 0.12734803308318096
7 6 0.0012000000000000001 0.14069354544199852
6 1 0.0012000000000000001 0.10473260258590791
