10
2 4 24 9 17
6 2 21 3 12 4 23 6 22 7 20 8 14
7 1 12 3 20 4 12 5 20 6 20 8 14 9 15
5 4 20 5 17 6 17 8 12 9 22
5 1 12 5 15 6 12 8 17 9 21
5 0 16 1 22 7 13 8 22 9 15
5 0 24 2 22 4 20 7 23 9 12
3 0 22 1 22 8 16
1 1 17
2 1 23 2 23
3
9 4 0.0016
5 9 0.0019
3 4 0.0021000000000000003
9
1 7 0.0023 0.10890229798422171
9 7 0.0022 0.12616409158503125
5 8 0.0018000000000000002 0.10600335743562961
5 0 0.0013000000000000002 0.14475979610868572
5 1 0.002 0.13558074179716928
9 8 0.0013000000000000002 0.10261471002784506
6 0 0.0019 0.14736246263190478
1 2 0.0014 0.13615260623879355
4 2 0.0023 0.10062380373655185
