10
5 1 12 2 14 3 12 6 18 9 18
5 0 12 3 12 5 18 7 17 9 19
6 1 24 3 20 5 20 6 17 8 22 9 14
3 6 16 7 21 8 19
7 0 22 1 18 2 17 5 17 6 22 8 18 9 19
2 3 14 7 16
8 0 21 1 24 2 21 3 12 4 18 5 13 7 16 9 19
4 0 24 1 14 8 13 9 23
8 0 13 1 14 2 13 4 17 5 13 6 16 7 24 9 17
2 3 20 7 19
3
9 7 0.0018000000000000002
6 7 0.0013000000000000002
9 3 0.0021000000000000003
9
8 0 0.0021000000000000003 0.13944934336852965
3 8 0.0021000000000000003 0.12872464949259863
3 8 0.0013000000000000002 0.10086135585625028
5 1 0.0016 0.11353403121429684
5 9 0.0016 0.14402086745304074
5 4 0.0014 0.11718915564803341
4 6 0.0018000000000000002 0.12555206119520945
9 4 0.0016 0.11520155538543012
2 8 0.0014 0.13988156416962316
