10
5 3 19 4 24 5 23 8 23 9 19
5 3 24 4 24 5 23 8 22 9 16
6 0 13 1 15 3 20 4 24 8 17 9 16
1 1 23
5 0 16 3 23 6 17 7 19 9 20
1 9 15
6 2 13 3 16 4 12 5 23 7 19 8 12
4 1 13 2 20 5 23 6 17
4 2 17 3 23 6 13 9 14
2 4 22 7 21
3
6 7 0.0013000000000000002
2 1 0.0015
9 1 0.0022
9
0 5 0.0015 0.1434527675562455
8 7 0.0012000000000000001 0.14004371152890505
5 8 0.0019 0.14741808821191124
7 5 0.0018000000000000002 0.10824962487817676
4 2 0.0018000000000000002 0.1353242739525679
6 4 0.0012000000000000001 0.1143048306809999
2 6 0.0021000000000000003 0.1296126377445549
9 8 0.0021000000000000003 0.13677385964309557
3 1 0.002 0.10377687372260407
