10
1 1 21
4 0 15 2 22 6 22 8 14
3 0 20 8 17 9 22
6 0 20 2 13 4 12 5 21 6 15 7 19
2 2 18 7 24
6 1 18 2 16 3 15 4 13 6 15 8 22
4 1 24 4 15 7 21 8 13
5 0 23 2 23 3 12 5 18 9 16
5 2 24 4 19 5 23 7 19 9 19
3 1 21 3 14 7 20
3
7 6 0.0019
0 4 0.002
8 2 0.0018000000000000002
9
0 7 0.0024000000000000002 0.13174974572631815
9 7 0.0021000000000000003 0.11121302537805862
3 4 0.0022 0.12286311447992927
5 7 0.0017000000000000001 0.12603399425343798
6 3 0.0015 0.11391916717618027
0 2 0.0013000000000000002 0.12722849656063823
9 6 0.0018000000000000002 0.14265881969878788
5 7 0.002 0.10599101506049838
6 7 0.0019 0.11705061123907641
