7
6 11 8 17 
0 13 16 3 19 
13 16 5 8 17 
16 13 18 7 
7 12 
0 13 16 3 5 8 6 11 4 10 14 
10 14 18 7 2 16 
28
2 4 10 1 6 7 3 5 8 9 11 12 17 
13 15 14 19 12 
8 6 7 9 11 12 17 16 13 15 14 
18 4 10 5 8 6 7 9 
15 0 2 
2 4 10 1 6 7 3 5 8 9 11 12 17 16 
16 13 15 14 
15 14 18 4 10 5 8 6 7 9 11 
2 4 10 1 6 7 3 5 8 9 11 12 17 
4 10 5 8 6 7 9 11 12 17 16 13 15 14 18 
8 9 11 12 
18 4 10 
17 16 13 15 14 18 4 10 5 8 
0 2 4 10 1 6 7 3 5 8 9 
13 15 14 18 
8 9 11 12 17 16 13 15 0 2 
3 5 8 9 11 12 17 16 13 15 14 
4 10 1 6 7 3 5 8 9 11 12 17 16 13 15 0 
12 17 16 13 15 14 18 4 10 5 8 6 7 9 11 
3 5 8 9 11 12 17 16 13 15 14 18 
3 5 8 9 11 12 17 16 13 15 0 2 4 10 
10 5 8 6 7 9 11 12 17 16 13 15 14 18 4 
17 16 13 15 14 18 4 10 5 
5 8 9 11 12 17 16 13 
18 4 10 1 
0 2 4 10 1 6 7 3 5 8 9 11 12 17 16 13 15 
15 14 19 
19 12 17 16 13 15 14 18 4 10 5 8 
