10
8 1 18 2 17 3 20 4 20 5 21 7 24 8 15 9 22
1 6 21
4 3 12 4 12 6 24 9 19
6 0 15 1 21 4 17 5 19 6 16 9 23
7 0 19 1 16 3 13 6 23 7 21 8 23 9 14
6 2 20 3 20 4 24 6 17 8 19 9 15
6 1 18 4 14 5 23 7 17 8 24 9 19
8 0 24 1 14 2 23 3 21 4 22 6 24 8 16 9 22
3 0 23 1 13 6 20
8 0 12 1 22 2 15 3 14 4 22 5 13 6 12 8 12
4
2 1 0.0022
4 3 0.0023
7 9 0.0015
2 3 0.0024000000000000002
8
6 3 0.0024000000000000002 0.10117435058961935
6 8 0.0013000000000000002 0.14799710535950106
5 1 0.0014 0.12893047523505616
7 8 0.0013000000000000002 0.12842972639081512
5 2 0.0022 0.12833305461241754
1 9 0.002 0.11034368747101099
3 0 0.0018000000000000002 0.11945393019334632
5 0 0.0013000000000000002 0.13985175505535014
