10
3 1 15 3 22 6 12
8 0 22 2 24 3 24 5 23 6 22 7 14 8 12 9 16
3 0 23 6 16 9 13
2 1 17 8 20
2 0 14 6 24
3 0 22 7 22 8 14
6 1 18 2 12 3 19 4 15 5 18 8 17
2 1 23 8 14
8 0 12 1 19 2 18 3 13 4 24 6 14 7 18 9 17
7 1 18 2 20 4 23 5 22 6 18 7 18 8 12
4
2 7 0.002
2 1 0.002
8 4 0.0015
5 8 0.0024000000000000002
8
1 0 0.0019 0.10041509341473333
4 0 0.0021000000000000003 0.10266991385715171
8 1 0.002 0.11588535535695313
8 4 0.0012000000000000001 0.12479616682975482
9 3 0.0024000000000000002 0.1371911775261247
3 6 0.0013000000000000002 0.12352388269907841
6 7 0.002 0.11567185766315134
2 1 0.0014 0.10520242186140008
