10
1 4 16
3 4 15 5 20 9 23
4 4 19 6 15 7 20 8 17
8 0 12 1 21 2 24 4 21 5 13 6 17 7 17 9 21
5 0 15 2 17 5 18 6 17 7 14
1 6 23
4 0 16 2 18 3 14 9 16
4 0 13 1 20 3 22 4 16
6 0 19 1 19 2 17 3 17 4 13 5 17
8 0 16 1 15 2 13 4 20 5 16 6 17 7 24 8 17
4
4 6 0.0013000000000000002
4 1 0.0013000000000000002
8 3 0.0013000000000000002
5 3 0.0018000000000000002
8
5 4 0.0012000000000000001 0.10517648901227539
3 6 0.0015 0.1235117273420071
6 8 0.0013000000000000002 0.14079181933422133
7 4 0.0012000000000000001 0.1306926330017282
6 9 0.0012000000000000001 0.14992854626540486
3 4 0.0016 0.10738242280086306
3 9 0.0019 0.14752521621627804
3 9 0.0018000000000000002 0.12455604606587255
