10
5 2 16 4 19 6 13 7 21 8 15
2 3 18 5 17
1 1 24
1 1 16
2 5 18 6 22
7 0 23 1 15 2 19 3 16 6 14 8 17 9 19
5 0 21 2 12 7 19 8 20 9 20
2 0 22 3 22
3 1 21 6 14 7 15
8 1 15 2 14 3 20 4 13 5 15 6 21 7 17 8 14
4
2 3 0.0018000000000000002
9 5 0.0016
4 0 0.0012000000000000001
9 0 0.0014
8
8 3 0.0016 0.1174340978417085
7 4 0.0018000000000000002 0.1144925222524708
6 9 0.002 0.11134911857463366
6 4 0.0023 0.12211552799097372
5 9 0.0017000000000000001 0.14432600974931645
3 9 0.0018000000000000002 0.14613958663500531
3 2 0.0024000000000000002 0.14362098120676126
9 4 0.0015 0.1446332724816121
