10
4 1 24 4 13 5 18 6 15
4 2 13 3 12 4 17 6 20
6 0 24 1 16 3 17 5 20 6 23 8 12
6 1 16 2 15 6 21 7 12 8 14 9 12
5 1 12 3 19 6 14 7 21 8 12
6 0 21 1 17 4 24 6 17 7 16 8 22
4 1 15 2 19 4 12 5 12
5 0 13 2 12 4 22 6 22 9 14
8 0 16 1 24 2 19 3 20 4 18 5 18 6 15 7 13
1 0 19
4
4 1 0.0019
1 6 0.0021000000000000003
9 0 0.0014
1 4 0.0024000000000000002
8
5 0 0.0017000000000000001 0.11129120593207975
1 4 0.0019 0.11832902534502601
2 6 0.0013000000000000002 0.13861270524358218
9 7 0.0022 0.10179481551984317
6 7 0.0015 0.11671364321498895
8 0 0.0013000000000000002 0.1277501824508599
4 8 0.0017000000000000001 0.14349454835328584
3 1 0.0022 0.11558561213146586
