10
3 1 20 7 23 8 24
4 2 20 3 16 8 17 9 14
8 0 14 1 19 3 21 4 18 5 18 6 21 8 20 9 14
8 0 23 1 18 2 18 4 23 6 16 7 13 8 18 9 14
2 0 24 6 13
1 1 21
3 0 22 2 12 8 12
7 0 12 2 22 3 19 4 13 6 18 8 21 9 13
4 0 19 4 20 5 24 9 16
2 3 24 6 12
4
4 7 0.0022
5 7 0.0015
9 8 0.0023
0 3 0.0019
8
0 5 0.0014 0.1367012256125205
5 2 0.0013000000000000002 0.11239422368349472
5 1 0.002 0.13908993221286997
4 6 0.0019 0.14641330721184076
4 0 0.0013000000000000002 0.12911800371448698
1 7 0.0013000000000000002 0.13695050234691603
0 7 0.0013000000000000002 0.1329649623366139
5 0 0.002 0.12842644544071163
