10
4 2 17 4 20 5 18 6 24
1 9 14
4 1 13 4 16 7 12 9 23
7 0 20 1 20 4 20 5 23 6 20 7 15 8 12
4 0 19 3 15 5 19 6 18
2 2 21 6 17
4 1 24 2 18 7 24 8 22
4 3 22 4 22 6 20 8 21
4 0 21 1 17 3 23 4 22
6 0 22 2 15 3 16 4 12 6 23 7 24
4
4 2 0.0015
0 5 0.0018000000000000002
0 3 0.0013000000000000002
8 7 0.0016
8
0 3 0.0018000000000000002 0.14360726985174546
8 4 0.0012000000000000001 0.10927889171787128
3 7 0.0013000000000000002 0.12865105835217658
8 2 0.0018000000000000002 0.10885863099265577
8 4 0.002 0.117291343412498
7 6 0.0013000000000000002 0.12808396128835256
2 5 0.0022 0.10607908744128039
4 7 0.0012000000000000001 0.11282597078612332
