10
7 1 13 2 12 3 23 4 17 5 17 8 23 9 24
8 0 23 2 17 3 15 4 12 6 15 7 14 8 18 9 19
4 1 18 5 12 6 21 7 17
5 0 24 2 17 4 18 5 17 9 23
6 0 20 2 18 3 22 5 22 6 17 9 14
6 0 20 1 14 2 20 3 19 7 24 8 14
2 2 24 5 14
1 8 19
4 1 20 5 18 6 18 7 23
1 4 21
4
1 5 0.0013000000000000002
8 5 0.0019
5 2 0.0017000000000000001
4 8 0.0014
8
7 8 0.0015 0.12071436693671728
2 6 0.0016 0.12261745024448732
2 3 0.0023 0.11452064988130523
9 4 0.0014 0.14951966078625933
7 8 0.0017000000000000001 0.13674443366591385
3 7 0.0019 0.14246537347222915
7 5 0.0024000000000000002 0.14081107498295578
5 9 0.0012000000000000001 0.14639882025773532
