10
5 1 13 3 12 4 18 6 23 7 18
5 3 14 4 19 5 16 6 23 7 13
4 3 14 4 15 5 18 7 13
3 1 21 2 23 4 12
8 0 15 1 13 2 20 3 22 5 13 6 20 7 19 8 20
4 0 14 1 19 4 15 9 15
5 0 17 2 13 4 17 7 23 8 14
8 0 13 1 22 2 21 4 15 5 18 6 23 8 18 9 19
3 1 12 2 14 5 22
3 1 22 4 19 5 16
4
1 6 0.0017000000000000001
3 0 0.0019
6 5 0.0023
6 2 0.0022
8
9 8 0.0012000000000000001 0.10758151802332486
1 9 0.0019 0.11368514147689616
4 8 0.0023 0.14522634214668806
9 3 0.0017000000000000001 0.1323099480603948
4 5 0.0024000000000000002 0.1392919163728928
6 0 0.0012000000000000001 0.1303719285448878
1 7 0.0015 0.10132211623893217
1 6 0.0015 0.13165194142232545
