10
8 1 23 2 17 3 20 4 23 5 21 7 23 8 21 9 18
2 2 16 9 23
1 5 15
5 0 16 1 23 4 16 5 16 8 17
7 0 17 1 16 3 12 5 21 7 13 8 18 9 23
1 3 23
6 0 15 1 17 3 15 7 21 8 19 9 13
2 6 20 9 21
1 4 14
7 1 17 3 24 4 13 5 23 6 13 7 23 8 15
4
3 9 0.0017000000000000001
9 4 0.0021000000000000003
1 6 0.0016
2 3 0.0013000000000000002
8
7 9 0.0013000000000000002 0.11625184737447798
4 9 0.0017000000000000001 0.14125832263238441
1 9 0.0012000000000000001 0.1056710442918091
4 3 0.0022 0.12581353375158683
9 4 0.0019 0.1084280237133189
6 1 0.0021000000000000003 0.13831760853917596
5 4 0.0014 0.13282208898702877
0 3 0.0018000000000000002 0.1497319613399374
