10
7 1 17 2 15 3 23 4 15 6 24 7 20 8 23
2 5 15 6 19
4 1 16 5 24 8 24 9 13
8 0 21 1 24 4 14 5 21 6 18 7 18 8 20 9 24
4 3 24 5 13 6 22 9 15
7 0 18 1 12 2 15 3 18 6 22 7 12 8 22
4 1 18 2 21 3 17 9 20
4 0 21 2 23 3 20 6 23
4 0 20 2 14 3 20 9 19
2 7 17 8 14
4
3 2 0.0021000000000000003
4 3 0.0019
0 5 0.0016
0 5 0.0018000000000000002
8
6 9 0.0014 0.11113562798604852
6 5 0.0024000000000000002 0.10408799482110666
5 4 0.0022 0.13542061652831944
6 5 0.0016 0.12041221443039299
1 3 0.0022 0.14898416351140745
5 1 0.0014 0.1303864625336707
6 9 0.0017000000000000001 0.14146846997539636
0 9 0.0013000000000000002 0.12316875309440278
