10
4 1 15 4 12 7 22 9 21
6 0 17 4 15 5 17 6 19 7 13 9 20
7 1 20 3 13 4 17 5 18 7 16 8 12 9 14
5 2 20 4 19 6 24 8 15 9 13
6 0 21 1 18 2 18 3 16 6 17 8 15
4 0 18 2 12 6 17 9 22
7 0 21 2 21 3 17 5 21 7 22 8 16 9 24
6 0 21 1 22 3 15 4 14 8 12 9 20
6 1 13 3 24 4 21 5 15 7 15 9 22
5 0 19 2 14 6 16 7 14 8 18
4
9 1 0.0015
2 7 0.0014
1 6 0.0021000000000000003
5 4 0.0018000000000000002
8
4 2 0.0021000000000000003 0.13152207287721884
3 4 0.0019 0.12909168347890956
5 7 0.0016 0.13754958069297504
4 7 0.0018000000000000002 0.12936554747896065
8 9 0.0023 0.11238862099670892
2 3 0.0023 0.10589063478347183
1 7 0.0024000000000000002 0.10327096917487137
6 9 0.002 0.11007663031081158
