10
8 1 15 2 22 3 19 4 12 5 15 6 14 7 24 8 22
8 0 13 3 24 4 19 5 18 6 23 7 22 8 15 9 21
5 1 24 6 17 7 16 8 17 9 23
3 0 13 1 15 5 18
5 0 18 1 12 3 24 5 18 8 22
3 6 20 7 14 8 18
7 0 14 1 15 2 15 3 23 4 19 5 23 7 23
5 1 15 2 21 4 19 5 19 8 14
8 0 15 1 17 2 21 4 23 5 21 6 19 7 16 9 18
1 5 15
4
6 1 0.0023
9 2 0.0014
6 7 0.002
6 5 0.0021000000000000003
8
7 5 0.0017000000000000001 0.1074533408946535
1 3 0.0015 0.14587649755490292
3 8 0.0013000000000000002 0.13774666221656773
6 3 0.0023 0.1426478074021066
1 7 0.0024000000000000002 0.13880073916316796
7 0 0.0013000000000000002 0.13671397555617054
5 6 0.0024000000000000002 0.1319158327935471
1 6 0.0012000000000000001 0.14871599156962728
