10
4 1 16 2 12 3 12 8 14
5 0 17 3 23 5 23 6 24 8 12
5 1 18 3 14 4 19 5 15 7 14
4 0 17 2 13 5 17 6 18
1 2 17
5 2 17 3 22 4 12 6 16 9 19
8 0 12 1 22 2 22 4 24 5 21 7 23 8 12 9 21
2 6 18 8 16
7 2 22 3 14 4 14 5 14 6 21 7 15 9 20
8 0 23 1 17 2 13 3 17 4 17 5 15 7 12 8 17
4
6 1 0.0013000000000000002
2 3 0.0013000000000000002
8 4 0.0015
9 5 0.0015
8
1 5 0.0022 0.1395356855969514
7 3 0.0012000000000000001 0.12031088928013808
8 9 0.0024000000000000002 0.13607094288063637
0 1 0.002 0.12390932970061368
8 6 0.0024000000000000002 0.1384928260809602
7 3 0.0014 0.13812154160216097
4 8 0.0015 0.10404186807587423
1 3 0.0012000000000000001 0.11200457016006388
