10
6 2 13 3 13 4 12 6 20 8 19 9 13
6 0 14 2 13 3 19 6 21 8 23 9 17
3 0 20 6 22 9 12
8 0 23 1 18 2 14 4 21 6 19 7 12 8 15 9 12
6 0 15 1 19 2 17 5 16 7 14 8 17
6 0 15 2 18 3 24 4 21 6 20 7 21
1 4 18
1 8 16
6 0 15 2 22 3 24 4 13 5 14 7 18
4 0 23 2 21 3 14 8 19
4
1 6 0.0022
8 6 0.0016
8 5 0.002
9 1 0.0022
8
2 6 0.0018000000000000002 0.14044228317759877
2 3 0.0022 0.13031737412141012
8 1 0.0016 0.10422121384691682
6 1 0.0016 0.11056177480850952
0 1 0.0024000000000000002 0.14658125476277473
3 1 0.0014 0.12553043233840241
5 9 0.0016 0.1391811044361813
8 2 0.0016 0.14008137921152808
