10
1 5 18
6 0 22 5 20 6 13 7 22 8 16 9 24
7 1 12 3 24 4 16 6 20 7 23 8 22 9 19
2 2 13 7 23
8 0 12 1 24 2 12 3 17 5 15 6 15 8 24 9 13
3 1 21 3 24 9 17
4 1 12 2 12 4 13 7 15
1 1 15
2 6 21 9 14
1 8 24
4
6 1 0.0021000000000000003
5 7 0.0023
1 6 0.0024000000000000002
9 8 0.0019
8
5 3 0.0016 0.14475086589431224
8 2 0.0014 0.12145075266072365
2 0 0.0024000000000000002 0.12922413887799106
3 2 0.0017000000000000001 0.10167129730090121
6 9 0.0018000000000000002 0.11626242114481215
1 4 0.0024000000000000002 0.12929457964256796
2 0 0.0024000000000000002 0.13517693603093708
5 7 0.0018000000000000002 0.10297726343657308
