10
5 2 24 4 18 7 16 8 12 9 18
3 0 20 3 14 7 14
1 6 14
7 2 20 4 20 5 20 6 17 7 24 8 14 9 13
7 0 17 2 17 3 12 5 14 6 22 8 18 9 22
6 0 13 1 19 2 23 4 19 8 13 9 24
2 7 17 8 13
1 8 15
7 0 16 1 24 3 12 4 20 5 21 7 12 9 12
4 1 18 3 18 6 19 8 17
2
3 6 0.002
1 7 0.0013000000000000002
6
5 2 0.0024000000000000002 0.13964222412438695
2 1 0.0023 0.1335931726896033
7 8 0.0013000000000000002 0.14526554268711572
3 2 0.0018000000000000002 0.10268186779773106
6 4 0.0012000000000000001 0.10563470903319934
5 0 0.0012000000000000001 0.132989242913339
