10
4 1 19 2 21 3 24 4 18
3 6 17 7 13 8 15
4 0 19 1 20 3 13 5 20
8 0 21 1 17 4 17 5 12 6 20 7 24 8 23 9 20
8 0 24 1 19 2 22 3 19 5 21 6 22 7 17 8 23
3 2 14 3 15 9 12
1 8 19
3 1 21 5 18 6 14
8 0 19 1 16 2 20 3 17 4 19 5 18 6 17 7 15
3 1 16 5 13 6 22
2
0 2 0.0012000000000000001
1 7 0.0019
6
0 3 0.0017000000000000001 0.14893406216173638
9 3 0.0022 0.14037371943432764
9 2 0.0023 0.10943270108544151
6 8 0.0021000000000000003 0.12891467585024438
2 3 0.0019 0.12219154998990679
9 5 0.0016 0.1370453590318537
