10
6 1 23 2 14 3 20 6 18 7 12 9 17
4 0 22 2 16 4 24 5 23
5 1 24 4 16 7 24 8 15 9 20
7 0 15 1 14 5 15 6 18 7 18 8 13 9 23
5 1 12 2 17 7 18 8 16 9 24
1 0 23
3 3 21 4 21 7 17
7 0 15 1 13 4 21 5 24 6 16 8 12 9 16
6 0 20 2 24 3 13 5 24 7 21 9 15
1 8 13
2
9 7 0.0015
7 5 0.0018000000000000002
6
2 6 0.0019 0.11865445649919623
4 7 0.0024000000000000002 0.14094609332856697
9 4 0.0019 0.10387061338908386
4 2 0.002 0.14487269659992896
0 2 0.0013000000000000002 0.14242816262184546
9 6 0.0022 0.11613617223402255
