10
2 2 18 8 17
7 0 14 2 22 4 18 5 24 7 19 8 17 9 13
3 4 19 5 12 9 18
5 2 20 4 21 7 20 8 19 9 20
5 0 14 1 17 2 24 3 12 8 19
7 0 16 1 22 3 15 4 19 6 22 8 23 9 12
3 4 24 5 16 8 15
8 0 22 1 17 3 14 4 24 5 21 6 15 8 22 9 12
6 0 14 1 23 3 24 6 14 7 20 9 14
5 0 21 2 21 3 22 5 23 7 17
2
7 3 0.0012000000000000001
8 0 0.0023
6
4 0 0.0024000000000000002 0.1126884308146579
6 2 0.0021000000000000003 0.10010300269737968
9 7 0.0017000000000000001 0.12024982748337214
4 6 0.0017000000000000001 0.13350017809442608
8 5 0.0024000000000000002 0.1248792647314507
2 4 0.0023 0.12147182036019485
