10
4 2 22 5 20 6 15 9 15
8 0 24 2 23 3 21 4 12 6 20 7 14 8 13 9 23
2 3 14 5 16
8 1 23 2 12 4 20 5 23 6 17 7 13 8 24 9 14
8 0 22 1 21 3 15 5 20 6 23 7 15 8 22 9 15
2 4 18 9 13
4 0 22 5 22 7 13 8 23
4 1 19 6 16 8 22 9 21
4 0 23 1 14 5 21 7 21
7 0 14 3 23 4 20 5 14 6 14 7 14 8 19
2
7 4 0.0019
0 4 0.0021000000000000003
6
5 8 0.0022 0.12320746188939168
5 2 0.0015 0.13077285470771116
2 5 0.002 0.11366953187773648
7 6 0.0013000000000000002 0.14211159737739404
3 5 0.0014 0.13209909209558435
2 9 0.0023 0.13431137210076605
