10
1 6 24
7 3 12 4 15 5 16 6 15 7 14 8 14 9 14
3 3 24 5 13 7 15
2 5 20 8 14
8 0 24 1 19 2 16 3 19 6 19 7 18 8 19 9 19
8 0 19 1 21 2 16 3 20 4 21 6 24 7 22 9 17
1 7 12
8 0 24 1 13 3 19 4 23 5 14 6 23 8 21 9 21
7 0 16 1 18 2 22 3 18 4 22 5 13 7 15
4 1 23 2 21 3 15 5 24
2
2 5 0.0017000000000000001
6 9 0.0021000000000000003
6
4 2 0.0014 0.13152584526326713
6 2 0.0017000000000000001 0.12121825320484259
7 6 0.0024000000000000002 0.1349083985971
4 7 0.0016 0.12378893435432828
8 5 0.0022 0.14578665493086668
6 0 0.0014 0.10736115363365438
