10
1 6 13
7 0 16 2 21 3 15 4 19 5 17 8 23 9 15
7 0 12 1 12 3 24 4 12 5 14 7 12 8 20
8 0 21 1 19 2 13 4 16 5 13 7 14 8 14 9 17
8 0 20 1 15 2 23 3 22 5 21 6 15 7 23 8 16
6 0 16 2 18 3 22 4 14 6 16 7 21
7 0 20 1 15 2 13 4 15 5 22 7 22 9 21
6 0 18 3 22 4 21 5 21 6 16 8 14
7 2 16 3 20 4 13 5 20 6 20 7 17 9 22
4 0 14 2 12 7 19 8 22
2
8 2 0.0015
6 0 0.0013000000000000002
6
7 2 0.0022 0.10108227085148394
6 9 0.002 0.12283324822708339
8 3 0.0013000000000000002 0.14179127390091828
1 8 0.0012000000000000001 0.10261912005102293
4 3 0.0013000000000000002 0.10504539220119972
7 1 0.0021000000000000003 0.14806316309849368
