10
5 1 17 2 18 3 20 4 22 6 13
8 0 12 2 19 3 19 4 20 5 12 7 22 8 12 9 20
4 1 12 5 20 6 18 7 21
4 5 18 6 20 7 22 8 24
5 0 16 1 16 2 12 7 12 9 21
5 0 15 1 15 4 13 6 14 8 17
6 0 16 2 14 3 16 4 14 5 20 8 12
8 1 21 2 17 3 24 4 18 5 13 6 15 8 16 9 23
3 3 21 5 20 9 24
2 1 22 3 13
2
9 8 0.0024000000000000002
1 0 0.0017000000000000001
6
1 9 0.0014 0.12394228976039853
6 2 0.0012000000000000001 0.1328156286434825
4 2 0.0014 0.11728896141721638
6 5 0.0013000000000000002 0.11356142842813381
3 0 0.0022 0.11412312913315524
3 4 0.0022 0.13889666761647068
