10
1 8 21
7 2 17 3 19 4 20 5 14 6 22 7 24 8 20
2 0 13 1 23
6 0 12 1 15 4 19 5 15 6 17 9 21
8 0 14 1 23 3 23 5 17 6 24 7 14 8 14 9 24
8 0 22 1 23 2 22 3 23 4 13 6 20 7 20 8 21
7 0 17 1 14 2 24 4 16 5 18 7 18 9 12
6 0 22 3 19 5 17 6 17 8 21 9 18
6 0 24 1 18 3 23 6 13 7 12 9 22
2 5 23 7 21
2
7 1 0.0018000000000000002
0 7 0.0012000000000000001
6
4 3 0.0022 0.12613674661395885
9 2 0.0014 0.14345520364998746
3 6 0.0021000000000000003 0.12415355585201557
0 9 0.0023 0.1062848355136277
4 2 0.0021000000000000003 0.13327119269282933
1 8 0.0013000000000000002 0.12786856155383403
