10
6 2 24 4 24 5 12 7 14 8 18 9 24
5 0 22 2 19 3 23 4 19 8 20
5 4 21 5 18 6 24 7 12 9 19
8 0 15 1 19 2 20 4 17 5 21 6 12 8 21 9 18
4 1 18 2 13 5 15 9 12
7 0 24 1 24 3 13 4 14 7 16 8 21 9 19
2 3 16 9 16
4 2 17 6 23 8 17 9 16
7 0 24 1 20 3 24 4 12 5 14 6 14 7 14
3 6 18 7 21 8 15
2
4 6 0.0012000000000000001
2 6 0.0023
6
0 9 0.0012000000000000001 0.10801076981950322
7 8 0.002 0.13226434966602996
4 5 0.0022 0.12143315154588533
0 6 0.0015 0.13520965996702167
3 8 0.0017000000000000001 0.14744109307837955
7 2 0.002 0.12321694436782277
