10
4 2 24 3 24 5 23 7 20
5 3 22 5 12 7 23 8 19 9 17
7 0 18 1 14 3 20 4 17 6 22 8 21 9 23
2 1 18 8 20
6 0 20 1 14 2 17 6 24 8 23 9 17
7 1 20 2 13 3 15 4 13 6 21 7 21 9 14
7 0 22 1 23 3 22 5 17 7 24 8 24 9 23
8 0 13 1 22 2 21 3 12 4 14 5 12 8 24 9 24
7 0 18 2 13 3 15 5 23 6 24 7 16 9 17
4 1 19 5 21 6 21 7 15
2
6 3 0.0023
9 3 0.0017000000000000001
6
5 6 0.0024000000000000002 0.14886829199399712
7 0 0.0014 0.1423207792800861
7 2 0.0012000000000000001 0.13822811721071648
8 9 0.0022 0.1334579395065748
8 1 0.0013000000000000002 0.11386400480949341
9 7 0.0019 0.12318836426677136
