10
6 1 19 2 20 3 20 5 19 6 24 8 19
8 0 16 2 23 3 17 5 18 6 23 7 20 8 17 9 16
4 0 14 1 17 3 23 7 18
3 2 16 5 24 9 20
3 3 14 7 24 8 24
8 0 23 1 20 2 13 3 22 6 15 7 22 8 19 9 17
4 0 12 1 18 2 21 7 18
5 0 23 1 22 2 18 4 19 6 21
1 4 14
3 2 20 6 23 8 14
2
2 1 0.0017000000000000001
1 5 0.0018000000000000002
6
1 8 0.0024000000000000002 0.13094597186710139
0 8 0.0023 0.11530387732585597
1 5 0.0016 0.1153589087765445
9 6 0.0012000000000000001 0.12728262888821054
8 7 0.0016 0.10233832103361869
2 7 0.0019 0.11429196809383581
