10
5 2 18 3 24 4 24 7 18 9 15
8 0 18 2 15 3 20 4 20 5 20 6 24 8 12 9 15
5 0 12 1 21 3 17 5 19 6 12
5 1 15 2 24 6 17 7 23 9 14
3 0 14 6 14 7 22
1 0 21
6 0 17 1 23 2 23 5 19 7 14 9 22
1 0 20
5 1 15 4 17 5 22 7 15 9 18
8 0 24 1 22 2 16 3 17 4 23 5 22 6 17 8 16
2
8 9 0.0017000000000000001
9 2 0.002
6
9 5 0.0013000000000000002 0.1392364693041243
7 1 0.0022 0.12779745419182376
4 3 0.0024000000000000002 0.14364084537977123
9 4 0.0015 0.11864263414139085
5 1 0.0019 0.10031536908300304
1 8 0.0013000000000000002 0.11724938226295892
