10
8 1 22 2 16 4 24 5 17 6 23 7 23 8 22 9 15
2 3 13 6 24
1 7 23
4 2 16 4 14 7 21 8 17
2 3 18 9 20
6 0 17 1 19 6 20 7 16 8 15 9 12
3 0 14 1 22 4 14
8 0 14 1 23 2 21 4 14 5 22 6 17 8 21 9 12
7 0 21 3 16 4 23 5 15 6 16 7 17 9 21
6 2 15 3 23 4 24 5 23 7 21 8 22
2
1 6 0.0015
9 3 0.0017000000000000001
6
6 8 0.0012000000000000001 0.11711820992858316
1 4 0.0022 0.13165543816541744
2 3 0.0023 0.11824997268627893
9 4 0.0022 0.14017908625805442
0 2 0.0024000000000000002 0.10190928984347765
6 5 0.0019 0.10951418259019037
