10
2 2 22 6 14
7 0 24 2 19 3 17 5 12 6 15 7 13 8 16
7 0 17 1 17 3 14 5 19 6 17 7 17 8 16
6 4 14 5 19 6 23 7 14 8 14 9 17
5 3 19 5 16 6 17 7 24 8 20
8 0 21 1 23 2 18 3 12 6 18 7 17 8 22 9 13
8 0 22 1 19 2 23 3 24 4 13 5 19 7 21 8 24
1 1 12
8 1 17 2 18 3 13 4 17 5 16 6 19 7 23 9 12
8 0 18 1 18 3 16 4 23 5 14 6 17 7 15 8 22
2
9 7 0.0022
6 1 0.0012000000000000001
6
4 9 0.0023 0.12772626285019278
6 3 0.0013000000000000002 0.10497799470279619
3 0 0.0013000000000000002 0.11641023808287643
5 8 0.0017000000000000001 0.14003021265742335
5 9 0.0014 0.1432477824030206
8 0 0.0016 0.127531459906132
