10
4 2 24 4 24 7 21 9 21
5 3 12 5 12 6 17 8 17 9 20
7 0 13 1 24 3 19 4 14 5 15 7 20 8 14
5 1 17 6 24 7 15 8 21 9 19
3 0 12 1 19 8 15
7 1 16 2 21 3 18 4 23 6 14 8 22 9 18
6 1 15 4 13 5 23 7 14 8 16 9 23
7 0 22 1 12 2 17 3 22 4 23 6 16 9 21
8 1 16 2 14 3 16 4 17 5 12 6 24 7 19 9 22
7 0 17 1 24 3 12 4 12 6 14 7 14 8 23
2
0 1 0.0017000000000000001
4 7 0.002
6
5 3 0.0017000000000000001 0.10625672325731819
9 0 0.0012000000000000001 0.10051870026816563
3 6 0.0023 0.13183537344923119
0 5 0.0018000000000000002 0.13153430497695456
5 8 0.0024000000000000002 0.10432822020580716
2 7 0.0013000000000000002 0.14728117126281148
