10
5 2 23 4 19 5 21 6 22 8 14
8 0 23 2 24 3 14 4 18 5 19 6 12 8 24 9 14
1 7 13
6 0 23 2 14 4 19 6 18 7 18 9 14
4 5 21 6 20 7 15 9 13
7 0 21 2 20 4 17 6 22 7 17 8 17 9 18
6 1 21 2 17 3 23 4 24 8 21 9 12
1 4 18
8 1 23 2 20 3 23 4 24 5 18 6 18 7 13 9 12
2 3 13 7 16
2
8 3 0.002
1 4 0.0019
6
1 5 0.0021000000000000003 0.10535010582294846
6 4 0.0022 0.12789495549655208
2 9 0.0019 0.1296255841501474
5 1 0.0016 0.14170741226573755
8 1 0.0023 0.126625401185761
7 4 0.0012000000000000001 0.10514224799681576
