15
11 1 22 2 17 3 12 4 17 5 20 7 18 8 16 9 15 10 19 13 14 14 20
7 0 13 3 19 5 13 7 19 8 24 13 16 14 16
6 4 17 7 13 9 14 10 18 13 23 14 18
1 10 23
2 2 18 8 14
11 0 18 1 17 2 12 3 23 6 23 7 19 8 14 9 16 12 20 13 20 14 20
1 10 12
5 2 23 6 13 10 16 11 16 12 14
11 0 18 1 23 4 17 5 13 6 14 9 16 10 20 11 21 12 23 13 18 14 14
4 0 16 1 23 8 21 14 22
6 1 24 2 16 5 15 7 15 9 22 13 12
8 0 12 1 24 3 12 4 24 5 16 9 16 12 19 14 15
4 1 21 5 13 6 23 8 21
11 0 12 3 13 4 16 5 14 6 19 7 22 8 15 10 19 11 13 12 18 14 21
4 1 16 5 15 8 24 13 21
7
7 11 0.0013000000000000002
3 7 0.0013000000000000002
6 8 0.0018000000000000002
2 1 0.0012000000000000001
1 5 0.0015
14 4 0.0016
7 4 0.0022
14
11 9 0.0022 0.12733329034888854
6 2 0.0015 0.10191396066355081
6 12 0.0023 0.1385172397103215
13 1 0.0018000000000000002 0.12057411652670666
11 6 0.0016 0.10268413066283034
8 5 0.0016 0.12249880959286812
9 5 0.0016 0.1445019580216958
6 14 0.002 0.11495115285750937
0 13 0.0016 0.14632532259474232
14 12 0.0016 0.10578295454153275
2 13 0.0017000000000000001 0.1371589891390898
3 14 0.0017000000000000001 0.11727046704238933
4 10 0.0018000000000000002 0.1446270385542511
8 4 0.0013000000000000002 0.11823204997291373
