15
12 1 22 2 22 3 19 4 16 5 14 6 13 8 14 9 14 11 13 12 14 13 19 14 24
4 8 16 10 12 13 24 14 15
9 0 24 1 23 3 23 5 21 6 19 8 12 11 15 13 24 14 21
13 0 19 1 17 2 24 4 20 5 15 6 15 7 14 8 14 9 12 11 14 12 14 13 12 14 16
8 2 17 3 18 6 22 7 19 8 24 10 16 12 22 14 19
10 2 21 3 22 4 12 6 22 8 20 9 23 10 14 11 19 13 23 14 23
9 0 17 1 23 2 17 3 21 4 13 7 18 8 15 11 14 13 13
9 0 16 1 23 3 14 6 24 9 14 10 15 12 18 13 14 14 17
13 0 22 1 16 2 22 3 17 4 16 5 19 6 21 7 19 9 20 10 14 12 14 13 15 14 17
11 0 15 1 16 2 21 3 19 5 13 7 21 8 14 10 24 12 16 13 13 14 21
8 0 13 1 23 4 13 6 23 7 14 8 18 12 22 13 16
12 0 13 1 22 2 17 3 12 4 22 5 21 7 12 8 17 9 17 12 20 13 22 14 12
2 5 21 6 12
6 1 20 2 16 4 23 6 18 9 21 12 16
1 3 17
7
0 6 0.0023
2 8 0.0016
6 13 0.0012000000000000001
7 13 0.0014
0 13 0.0015
4 0 0.0013000000000000002
11 5 0.0021000000000000003
14
3 9 0.0018000000000000002 0.1372330797844256
3 7 0.0015 0.14047235683122078
10 4 0.0023 0.13552631139254964
11 8 0.002 0.10449456549312432
8 0 0.0019 0.12637177042671283
12 9 0.0012000000000000001 0.13226442672499722
14 7 0.002 0.13696920371503152
9 14 0.0023 0.13754264271634747
9 1 0.0024000000000000002 0.11054825189331012
10 6 0.0016 0.10448059565967341
0 14 0.0014 0.1331850291739055
1 11 0.0024000000000000002 0.12676087602920805
0 12 0.0014 0.12266106430340888
14 13 0.0021000000000000003 0.12990713839882717
