15
8 1 19 3 23 4 20 6 16 8 19 10 13 11 12 12 12
4 0 18 9 23 12 23 14 20
2 6 19 9 19
1 12 17
11 0 21 2 17 5 13 6 19 7 17 8 21 9 17 10 23 11 15 12 18 14 23
11 0 12 1 20 3 15 4 15 8 23 9 19 10 17 11 13 12 13 13 15 14 20
3 0 20 2 19 4 13
11 0 23 2 23 4 22 6 21 8 21 9 14 10 15 11 21 12 12 13 15 14 15
13 0 24 1 24 2 22 3 17 4 13 5 15 7 20 9 16 10 24 11 21 12 15 13 17 14 17
7 0 17 1 13 3 14 5 21 8 13 12 23 13 17
2 7 21 9 24
9 0 19 2 23 3 18 5 12 6 20 9 21 12 13 13 18 14 17
9 0 15 1 23 3 17 4 22 5 19 7 14 9 16 13 12 14 23
13 0 13 1 16 2 15 4 13 5 18 6 19 7 15 8 20 9 22 10 19 11 18 12 18 14 14
5 2 23 4 23 6 19 7 24 13 16
7
14 13 0.0024000000000000002
14 3 0.0018000000000000002
4 12 0.0017000000000000001
2 6 0.0018000000000000002
13 1 0.0017000000000000001
4 0 0.0013000000000000002
0 3 0.002
14
9 14 0.0014 0.10280265503012546
11 1 0.0016 0.12330970793384682
13 3 0.0024000000000000002 0.13974614450147999
3 0 0.0014 0.1199593210866649
2 9 0.0024000000000000002 0.1347818013343168
12 3 0.0023 0.10657534263434912
8 5 0.0015 0.1128383791163639
14 3 0.0019 0.1169451877560064
6 7 0.0021000000000000003 0.13325238663120503
5 3 0.0015 0.13630225669099866
5 0 0.0012000000000000001 0.14005979544372385
11 1 0.0016 0.12449245105120238
9 8 0.0016 0.10103197824980803
7 10 0.0023 0.12486960203134861
