15
12 1 19 2 23 3 15 4 12 5 23 6 15 8 19 9 21 10 14 11 17 12 21 14 18
11 2 12 3 14 4 18 5 16 7 13 8 20 9 21 11 22 12 14 13 24 14 18
12 1 17 3 15 4 19 5 16 6 17 7 20 8 21 9 23 10 13 11 20 12 18 14 22
4 2 17 6 15 8 18 14 22
2 3 13 6 13
13 0 22 1 24 2 21 3 19 4 23 6 19 7 17 8 14 9 14 10 16 11 23 12 15 14 18
1 5 14
8 0 22 4 18 5 19 6 20 8 24 10 21 12 12 14 15
3 7 24 10 21 13 22
6 1 19 2 16 5 23 12 12 13 14 14 22
11 1 14 2 21 3 23 5 12 6 12 7 15 8 17 9 23 11 24 12 13 14 23
9 2 17 3 19 4 21 5 16 6 16 8 23 9 16 13 19 14 12
9 0 16 1 18 2 13 3 18 4 23 7 17 9 19 10 12 13 13
5 0 12 1 18 2 23 7 18 9 12
13 0 16 1 15 2 21 3 12 4 14 5 12 6 13 7 14 9 20 10 24 11 18 12 16 13 23
7
4 10 0.0015
4 12 0.002
11 8 0.0016
13 5 0.0016
7 2 0.0021000000000000003
5 7 0.0017000000000000001
9 5 0.002
14
6 14 0.0024000000000000002 0.11037492964320827
14 2 0.0012000000000000001 0.12177916770039379
6 14 0.0016 0.14736527047869397
13 3 0.0019 0.12816382651846653
5 12 0.0018000000000000002 0.10744448283375
7 0 0.0023 0.1348106194175638
12 0 0.0012000000000000001 0.11651543324862576
6 12 0.0018000000000000002 0.10731618502722012
1 6 0.0024000000000000002 0.1371622017851647
8 6 0.0018000000000000002 0.1451057413121579
5 8 0.0021000000000000003 0.1406201456989402
4 2 0.0013000000000000002 0.12079748344217214
10 0 0.002 0.12624331247608236
12 0 0.0022 0.12198999682900716
