15
11 1 21 2 15 3 19 5 13 6 22 9 22 10 21 11 20 12 23 13 22 14 12
11 2 23 3 21 4 15 5 13 6 18 8 22 10 24 11 12 12 24 13 22 14 18
2 8 22 12 13
2 5 19 13 14
10 0 20 1 22 2 22 3 18 5 15 6 20 7 20 9 15 11 19 12 13
2 8 22 12 18
10 0 21 2 15 3 20 4 24 5 15 7 13 8 18 9 14 11 13 12 21
6 0 12 1 19 2 12 6 18 10 16 13 23
13 0 12 1 22 2 12 4 12 5 13 6 24 7 22 9 15 10 23 11 20 12 15 13 13 14 16
5 2 24 6 15 8 16 11 24 12 21
7 1 17 3 24 5 13 9 20 11 18 12 16 14 24
9 0 23 2 19 3 15 5 12 7 16 8 24 9 22 12 19 13 17
4 3 12 6 19 7 20 9 21
9 1 22 2 22 3 16 4 20 8 15 9 20 11 13 12 18 14 19
5 1 13 2 13 7 18 9 14 10 22
7
1 5 0.0022
7 3 0.0017000000000000001
11 14 0.0014
4 1 0.002
10 13 0.0012000000000000001
2 12 0.0012000000000000001
7 8 0.0017000000000000001
14
13 9 0.0023 0.10574479606961232
9 7 0.0017000000000000001 0.1368286269456238
11 7 0.0015 0.11713181749779505
5 4 0.0015 0.12944936794467568
5 10 0.0014 0.1325112671869392
9 7 0.0024000000000000002 0.10620834956564323
3 10 0.0024000000000000002 0.13370415308504932
10 9 0.0023 0.12622543707367617
13 9 0.0019 0.132222857702277
6 1 0.0017000000000000001 0.10535983310354778
14 8 0.0012000000000000001 0.1489013526128179
10 7 0.002 0.1441537066839455
13 7 0.0022 0.13902698110267903
5 13 0.0022 0.10631201654795086
