15
9 2 21 3 14 5 23 6 21 7 19 9 18 11 23 13 24 14 21
2 7 23 9 13
6 0 18 5 21 7 16 9 12 11 17 12 23
9 1 22 4 18 7 13 8 13 9 21 10 14 11 13 12 13 14 12
10 1 19 2 12 3 13 5 17 6 14 9 13 10 14 12 14 13 15 14 13
2 3 12 12 19
13 0 13 1 12 3 14 4 14 5 20 7 18 8 18 9 12 10 20 11 12 12 22 13 13 14 20
5 3 15 4 12 5 23 9 12 13 20
12 0 21 1 15 2 17 3 17 4 22 6 20 7 12 9 17 10 14 11 24 13 15 14 12
12 0 13 1 12 2 15 3 23 4 16 5 13 6 21 7 21 8 16 10 17 11 13 12 18
2 6 21 11 18
9 0 17 1 17 2 15 3 16 5 17 6 21 8 18 9 14 13 17
8 0 14 2 20 4 22 8 23 10 17 11 16 13 18 14 23
13 0 18 1 21 2 16 3 18 4 15 5 14 6 20 7 16 8 14 10 13 11 23 12 18 14 15
2 0 20 10 23
7
4 1 0.0021000000000000003
12 2 0.0018000000000000002
2 6 0.0019
6 11 0.0013000000000000002
12 0 0.0016
12 11 0.0023
8 7 0.0013000000000000002
14
13 8 0.0012000000000000001 0.10045320422793828
6 7 0.0016 0.14445548739093328
8 12 0.0024000000000000002 0.12452788361844291
4 9 0.0013000000000000002 0.1409768355832174
0 7 0.0019 0.1276803871760516
0 8 0.0024000000000000002 0.14471532487718958
12 2 0.0012000000000000001 0.13411028663713964
8 0 0.0021000000000000003 0.10510648357176125
2 6 0.0023 0.14046799160168488
10 9 0.0013000000000000002 0.1059244520678225
14 3 0.0013000000000000002 0.10599029696403195
5 4 0.002 0.12756681235805106
10 14 0.0017000000000000001 0.10463306775643146
7 12 0.0022 0.1356700139931185
