15
1 2 19
8 0 21 2 19 3 14 4 19 5 22 9 16 10 22 14 18
5 0 12 3 19 5 22 8 12 14 19
11 0 12 5 14 6 19 7 15 8 22 9 14 10 19 11 18 12 23 13 24 14 13
2 0 17 5 22
6 1 22 2 15 7 13 9 12 11 13 12 19
2 4 21 11 19
9 0 24 1 22 2 18 3 20 5 13 6 21 8 14 12 17 13 13
3 5 19 9 23 13 24
5 0 22 2 18 10 22 12 18 13 21
4 2 18 5 17 9 24 12 14
4 8 17 9 21 10 20 13 23
5 1 20 3 13 4 23 11 21 14 19
8 1 21 2 21 3 14 4 22 5 14 6 19 8 22 14 19
3 1 23 3 18 8 16
7
7 1 0.0024000000000000002
9 12 0.0012000000000000001
0 14 0.0017000000000000001
11 3 0.0019
0 10 0.0016
0 11 0.0012000000000000001
9 4 0.0013000000000000002
14
3 2 0.0023 0.10750892812985897
12 14 0.0019 0.12613610453777768
7 12 0.0017000000000000001 0.10975919543376887
3 12 0.0019 0.11003615249790924
12 2 0.0016 0.13708444843646078
10 12 0.0023 0.1146921319526596
3 9 0.0019 0.13336061142674682
1 10 0.0013000000000000002 0.11712860812524957
12 11 0.0019 0.11524615859560779
13 12 0.0013000000000000002 0.13038510834039616
13 11 0.0022 0.13699352724228606
10 4 0.0013000000000000002 0.1300981515681484
0 6 0.0014 0.11645034258924891
9 13 0.0016 0.10594091540283856
