15
11 1 15 2 15 3 15 4 18 5 22 8 20 9 23 10 16 12 15 13 21 14 19
6 2 22 5 13 6 12 7 21 9 13 10 12
3 6 14 8 19 12 12
9 0 16 4 13 5 14 7 13 9 22 10 20 12 22 13 15 14 12
5 1 19 2 22 3 14 6 16 12 23
7 0 20 2 13 4 15 8 13 10 12 12 17 14 18
2 4 23 14 16
3 4 14 9 16 14 12
4 0 20 4 24 7 23 10 15
6 2 20 6 15 8 14 10 20 13 20 14 12
11 0 21 2 21 3 14 4 21 5 17 7 23 8 17 9 15 11 15 12 14 13 14
13 0 12 1 22 2 17 3 18 4 16 5 22 6 19 7 21 8 19 9 20 10 24 12 14 14 22
13 0 23 1 15 2 16 3 23 4 16 5 19 6 16 7 22 8 23 10 23 11 22 13 19 14 20
7 0 16 3 21 4 15 6 23 7 12 10 20 14 15
13 0 22 1 23 2 20 3 21 4 12 5 17 6 15 8 18 9 16 10 20 11 20 12 19 13 12
7
5 4 0.0014
1 8 0.0016
11 13 0.0012000000000000001
3 9 0.002
4 10 0.0015
14 13 0.0013000000000000002
3 10 0.0012000000000000001
14
13 6 0.0015 0.10982499300455122
1 4 0.0017000000000000001 0.1152902428879631
3 10 0.0015 0.10993027215202537
11 1 0.0014 0.11534428911163816
6 13 0.0024000000000000002 0.11005965831705421
10 8 0.0022 0.10435297350003037
1 8 0.0017000000000000001 0.11863943162956293
10 9 0.0019 0.10068984978730966
6 9 0.0016 0.14093195734733846
6 3 0.0013000000000000002 0.10422968791090545
5 3 0.002 0.10381105190323864
2 9 0.0022 0.11017451927103152
7 9 0.0022 0.13768919841991856
3 1 0.002 0.13372468770175122
