15
11 1 13 3 16 5 18 6 16 7 14 8 12 9 13 10 22 11 17 12 15 14 12
12 0 20 2 15 3 22 4 15 5 18 6 20 7 12 10 23 11 19 12 12 13 22 14 17
9 0 15 1 23 3 18 5 14 7 20 8 21 9 16 11 20 12 22
5 0 18 1 16 4 24 9 19 14 23
8 1 18 2 17 5 20 6 22 7 13 8 21 11 23 13 17
4 1 13 4 15 8 24 13 19
13 0 13 1 16 2 18 3 12 4 19 5 15 7 15 8 22 9 12 10 16 11 17 13 12 14 13
12 0 12 2 14 3 12 4 19 5 19 6 17 8 20 9 19 10 20 11 14 12 18 13 20
12 0 21 1 18 3 23 4 14 5 19 6 21 7 22 10 18 11 13 12 22 13 23 14 23
11 0 24 1 21 2 14 3 21 4 15 5 13 6 19 8 15 11 24 13 12 14 20
6 1 22 2 14 4 23 5 13 6 22 13 12
12 0 23 1 21 2 12 3 24 4 17 5 22 6 18 7 13 8 22 9 17 10 20 13 18
12 0 20 1 19 2 14 3 13 5 16 6 18 7 15 8 23 9 19 10 16 11 13 14 12
9 0 14 1 13 2 15 3 22 4 18 5 17 6 17 11 15 12 14
12 0 14 1 22 2 22 5 15 6 20 7 24 8 14 9 15 10 23 11 19 12 24 13 23
7
6 8 0.0012000000000000001
4 14 0.0019
8 2 0.0014
4 6 0.0022
10 9 0.0014
4 8 0.0014
11 4 0.002
14
1 11 0.0022 0.1290873616407726
1 6 0.0021000000000000003 0.14470634761426857
6 13 0.0014 0.14287365499968604
10 14 0.0021000000000000003 0.12742114580362382
14 6 0.0012000000000000001 0.1465319691476707
9 3 0.0019 0.1496555168390073
7 2 0.0016 0.10889066238931494
6 10 0.0017000000000000001 0.10705810869065858
3 6 0.0018000000000000002 0.12285197999859285
5 10 0.0024000000000000002 0.14490988582442366
5 6 0.0021000000000000003 0.12167744188571843
10 3 0.002 0.12812107478708118
13 7 0.0017000000000000001 0.10922484908032382
1 8 0.0016 0.10169190068029275
