15
10 1 19 2 17 4 12 5 17 6 16 9 13 10 19 11 17 12 12 13 20
8 0 13 2 13 5 22 8 15 10 15 11 13 12 20 14 20
4 1 13 4 24 5 22 8 20
13 0 13 1 18 2 15 4 13 6 20 7 22 8 22 9 18 10 19 11 19 12 18 13 14 14 12
2 6 14 13 19
10 0 17 1 15 2 24 3 23 4 21 6 13 7 22 8 17 9 23 12 15
2 2 23 7 22
10 0 13 1 22 4 23 5 18 6 13 8 20 10 22 11 22 12 12 13 18
2 2 19 14 19
12 0 21 1 22 2 23 3 18 5 18 6 13 7 12 8 20 10 19 11 20 12 17 13 15
4 3 24 5 18 7 15 9 13
2 6 22 12 12
9 0 14 2 15 3 19 4 17 5 13 6 13 11 17 13 23 14 23
10 0 18 2 23 3 17 4 12 5 12 6 17 9 22 10 18 12 20 14 14
6 0 15 1 19 2 23 7 15 11 22 12 20
7
11 1 0.0016
11 4 0.0014
10 12 0.0017000000000000001
0 12 0.002
0 4 0.0014
1 7 0.0022
4 14 0.0013000000000000002
14
6 8 0.0024000000000000002 0.1294215838308866
8 5 0.0013000000000000002 0.10335905830607679
13 5 0.0013000000000000002 0.10327104887537687
2 13 0.0021000000000000003 0.133146056037086
10 2 0.002 0.1300367023425685
0 12 0.002 0.13967535520450453
5 0 0.0024000000000000002 0.1399439123679688
13 4 0.0014 0.14713481093631592
3 12 0.0013000000000000002 0.11446812511829116
8 3 0.0017000000000000001 0.12413956250208066
3 11 0.0017000000000000001 0.1409677111909713
11 0 0.002 0.13288759014497523
9 2 0.0019 0.10816439024153615
1 13 0.0021000000000000003 0.10716088776952201
