15
2 8 21 9 19
9 0 24 2 17 5 17 6 17 7 13 9 19 10 20 11 12 14 13
5 0 21 1 12 9 23 10 18 12 19
13 0 22 1 13 2 19 4 14 5 24 6 13 8 19 9 19 10 24 11 20 12 18 13 22 14 22
10 0 20 3 24 5 21 6 13 7 16 8 12 9 16 10 15 11 23 13 20
11 0 22 1 22 2 21 3 12 4 13 6 12 10 18 11 15 12 19 13 14 14 12
3 3 22 8 18 13 18
7 0 14 1 12 2 18 4 15 8 17 13 22 14 19
7 1 21 3 20 6 17 7 16 9 17 11 14 14 17
5 1 17 2 23 8 20 12 15 13 19
5 1 23 7 15 8 13 9 24 12 17
12 0 21 1 16 2 19 3 18 4 13 7 23 8 15 9 19 10 20 12 12 13 13 14 15
11 0 19 2 13 3 18 4 12 7 12 8 12 9 17 10 13 11 12 13 18 14 21
5 4 12 7 18 8 22 9 13 11 15
5 3 13 4 15 5 18 6 12 9 17
7
8 14 0.0018000000000000002
12 8 0.0016
10 6 0.0013000000000000002
6 3 0.0014
1 10 0.0013000000000000002
9 14 0.0017000000000000001
1 0 0.0018000000000000002
14
0 1 0.0018000000000000002 0.1066459064632626
14 9 0.0019 0.1131078392664094
2 8 0.0023 0.12543804899834435
1 13 0.0013000000000000002 0.1044470967082154
13 8 0.0013000000000000002 0.10544503980225942
2 0 0.0012000000000000001 0.12374919875840915
4 5 0.0012000000000000001 0.10029524799710536
4 14 0.0012000000000000001 0.12095690203934868
1 12 0.0022 0.13538626176938487
1 7 0.0014 0.12534161607574543
1 3 0.0017000000000000001 0.13289053392686623
13 1 0.0015 0.10798818981874404
1 4 0.0016 0.1064855638193103
3 1 0.0013000000000000002 0.1432126342935355
