15
13 1 22 2 16 3 20 4 16 5 14 6 24 7 17 8 14 9 20 10 13 11 12 12 20 14 21
1 3 18
9 0 19 3 16 4 23 6 21 8 16 9 21 11 19 12 13 14 15
7 1 20 4 14 6 23 8 13 11 24 12 13 14 12
2 7 13 13 12
7 0 24 1 19 3 14 6 13 7 18 9 20 10 23
1 4 18
6 0 22 5 19 6 21 9 18 12 17 13 14
7 0 19 3 19 4 13 5 23 10 17 13 17 14 18
7 0 22 3 19 5 21 6 19 7 15 12 13 14 15
13 0 12 1 22 2 23 3 16 4 16 5 15 7 12 8 14 9 24 11 15 12 22 13 24 14 12
8 0 12 2 12 3 19 7 23 8 15 10 14 13 13 14 15
7 0 14 3 17 4 15 6 22 7 16 9 12 13 17
5 0 21 4 19 7 17 8 17 9 24
4 2 18 10 20 12 21 13 22
7
12 5 0.0012000000000000001
9 13 0.0024000000000000002
12 5 0.0017000000000000001
9 7 0.0012000000000000001
13 0 0.0015
9 6 0.0023
5 10 0.002
14
11 1 0.0014 0.1041353858527471
3 13 0.0013000000000000002 0.1491562655530656
7 10 0.0013000000000000002 0.10398036459567049
6 10 0.0019 0.11401450905368758
14 0 0.0022 0.125181343680914
8 2 0.0022 0.1435343886079417
4 8 0.0024000000000000002 0.10327835178997556
2 9 0.0018000000000000002 0.13063981333394292
12 5 0.0015 0.12188477883473595
7 12 0.0015 0.1329667795131731
0 8 0.0013000000000000002 0.10542197979428575
3 4 0.0021000000000000003 0.14001325168347073
13 0 0.0023 0.11925661930164078
3 12 0.0023 0.12281623244661564
