15
1 10 12
13 0 21 2 13 3 19 4 22 5 18 6 23 7 21 8 22 9 12 10 24 11 23 12 18 14 24
11 0 15 1 15 3 12 6 23 7 20 8 15 9 18 11 12 12 16 13 18 14 24
8 0 14 1 19 2 17 4 22 6 13 8 14 11 13 12 12
3 1 15 7 20 14 13
8 1 23 2 24 3 19 6 17 8 24 9 17 12 15 13 16
5 2 15 4 13 5 20 10 15 12 20
1 3 22
4 1 21 4 16 11 13 14 24
6 2 19 4 18 5 19 7 14 8 13 14 20
1 4 19
5 3 24 5 12 6 18 13 20 14 24
5 3 15 4 22 5 20 9 21 11 15
13 0 14 1 20 2 17 3 19 4 13 5 20 6 15 7 21 8 19 9 19 10 24 11 17 14 20
8 0 17 1 20 3 15 6 13 9 17 10 23 12 15 13 18
7
9 4 0.0023
12 14 0.0019
11 13 0.0012000000000000001
5 9 0.0022
10 7 0.0017000000000000001
5 9 0.0017000000000000001
0 8 0.0024000000000000002
14
1 6 0.0012000000000000001 0.10547224003549889
2 4 0.0022 0.14213186577208206
8 5 0.0023 0.1243584692354557
4 14 0.0018000000000000002 0.13852018668570307
12 1 0.0021000000000000003 0.12022804103229205
6 5 0.0017000000000000001 0.10444788796763532
5 1 0.0021000000000000003 0.1037249251453413
9 10 0.0018000000000000002 0.12780685975201356
11 5 0.0024000000000000002 0.11742619762086713
5 0 0.0022 0.10806410461686454
12 0 0.002 0.10416927269254213
11 9 0.0012000000000000001 0.12767518928630012
13 9 0.0019 0.1438840921223371
9 13 0.0013000000000000002 0.14966769930420054
