15
1 6 14
12 0 13 2 24 3 12 4 12 5 24 6 13 7 14 8 24 11 13 12 17 13 13 14 21
9 0 17 3 16 4 24 7 13 8 15 9 13 11 13 12 13 14 14
6 5 20 7 17 9 21 12 13 13 21 14 20
7 0 20 5 18 6 15 7 19 9 18 11 18 14 18
7 1 23 6 17 8 15 9 17 11 17 13 21 14 15
4 1 15 5 15 7 14 11 15
5 0 17 1 20 4 16 12 21 14 21
8 0 20 1 21 2 21 3 23 4 19 5 20 11 21 13 24
5 2 23 4 19 8 20 13 17 14 24
2 3 22 8 24
3 3 18 6 21 14 13
10 0 17 1 24 3 18 4 23 5 18 6 14 7 19 10 20 13 17 14 21
10 0 18 1 16 3 19 4 19 6 24 8 14 10 14 11 13 12 13 14 14
5 2 23 3 21 4 13 8 18 12 16
7
11 7 0.0022
2 1 0.0021000000000000003
9 1 0.002
11 5 0.0023
9 6 0.0019
2 7 0.0021000000000000003
11 10 0.0018000000000000002
14
10 5 0.002 0.13219936321426684
10 5 0.0019 0.12268566026209175
5 7 0.0023 0.13851900059556754
11 12 0.0013000000000000002 0.12722179603222158
2 3 0.0014 0.13074103202006576
2 10 0.0012000000000000001 0.1332494342760297
3 8 0.0014 0.1384372512285402
9 12 0.0014 0.1304138740766296
6 11 0.0014 0.1129709323944433
11 12 0.0014 0.14104042919280918
7 13 0.0018000000000000002 0.1282952690276892
8 14 0.0024000000000000002 0.11687634796039338
14 12 0.0018000000000000002 0.13616744893442148
10 8 0.0018000000000000002 0.11225707206027942
