15
6 1 16 3 15 6 17 7 21 12 15 14 24
7 0 16 3 21 4 23 7 17 8 19 9 17 10 19
11 1 20 3 22 5 13 6 23 7 24 8 19 9 23 11 12 12 14 13 15 14 22
4 7 24 9 16 11 24 14 24
3 5 17 6 19 7 13
6 3 23 7 12 8 20 9 23 11 16 14 12
11 0 23 1 13 3 17 5 24 7 14 8 23 9 16 11 17 12 16 13 23 14 17
2 4 12 6 23
12 1 12 2 14 3 21 5 24 6 21 7 12 9 21 10 21 11 19 12 23 13 13 14 18
10 0 23 1 17 3 15 4 16 5 14 6 12 7 13 10 15 11 19 12 14
8 1 23 4 12 7 18 8 22 9 18 12 22 13 18 14 19
8 1 15 3 20 5 21 8 24 9 21 10 24 12 14 14 20
8 2 13 3 21 5 22 7 16 9 17 10 19 11 20 14 19
6 0 12 3 22 5 14 8 12 12 12 14 24
6 3 19 4 14 5 12 6 24 8 18 12 20
7
10 9 0.0024000000000000002
2 0 0.0014
4 13 0.0013000000000000002
8 6 0.0014
12 11 0.0023
12 3 0.0018000000000000002
13 7 0.0012000000000000001
14
13 6 0.0012000000000000001 0.14197905635833827
14 10 0.002 0.10583182817348688
13 12 0.0019 0.11978533172813687
13 3 0.0022 0.1295968849927439
11 1 0.0022 0.14646635271940392
0 4 0.0022 0.10805186866069155
3 4 0.0014 0.12684060097032673
5 14 0.0022 0.11897143014659456
9 14 0.0019 0.13785539612554065
1 8 0.0022 0.14267483592183208
0 3 0.0023 0.12977232059116336
4 12 0.0017000000000000001 0.13925159811856308
8 4 0.0014 0.14817034351210895
11 6 0.002 0.12490830590227857
