15
8 2 19 3 21 5 19 6 20 7 15 12 17 13 14 14 13
7 2 13 5 20 6 14 8 22 10 18 11 24 14 14
12 0 12 1 20 3 14 4 20 6 12 7 24 8 24 10 23 11 17 12 20 13 18 14 24
10 0 17 1 20 4 24 5 15 6 13 7 21 8 22 9 19 10 19 12 23
8 1 17 2 21 3 13 6 23 7 18 8 17 11 16 12 22
13 1 15 2 23 3 17 4 16 6 23 7 13 8 20 9 12 10 21 11 12 12 14 13 19 14 21
7 4 22 8 20 10 12 11 23 12 19 13 19 14 20
12 0 17 2 16 4 18 5 13 6 23 8 14 9 15 10 20 11 13 12 19 13 15 14 19
8 0 13 1 16 4 12 6 16 9 24 10 24 13 15 14 19
12 0 19 2 19 3 17 4 18 5 21 6 17 7 23 10 18 11 14 12 13 13 20 14 16
5 0 24 2 18 3 17 5 19 11 22
2 0 19 7 12
9 1 18 2 22 4 14 5 13 7 18 9 19 10 24 11 14 13 16
4 2 20 3 15 5 19 12 20
3 1 13 2 17 4 21
7
10 13 0.0015
4 2 0.0015
8 0 0.0019
6 0 0.0014
14 6 0.0024000000000000002
12 14 0.0022
8 12 0.0019
14
5 4 0.0018000000000000002 0.12681717324103087
9 13 0.0014 0.10890058083053708
3 5 0.0021000000000000003 0.10183650925653497
7 14 0.0019 0.1289173356798661
3 7 0.0015 0.13037811989210474
13 14 0.0016 0.13176705789887846
9 7 0.0012000000000000001 0.1382455283995601
12 3 0.0016 0.1479173418946653
10 4 0.0016 0.12888570416216197
0 11 0.0017000000000000001 0.12776850795901587
11 5 0.0021000000000000003 0.12266219469567514
6 0 0.0013000000000000002 0.11257603109292173
0 7 0.0013000000000000002 0.11773057196229417
13 4 0.0012000000000000001 0.11474171482982157
