15
10 1 16 3 20 4 16 6 19 9 21 10 20 11 14 12 22 13 20 14 16
12 0 12 2 20 3 14 4 19 5 19 7 12 9 13 10 23 11 20 12 23 13 16 14 12
8 1 24 4 13 5 17 7 13 8 20 9 13 11 12 13 18
11 0 23 1 17 2 15 4 21 5 19 6 16 7 17 8 13 11 19 12 23 13 12
10 0 17 2 20 3 24 5 12 7 13 8 17 9 12 11 15 13 14 14 20
3 3 22 8 14 11 16
4 0 16 1 19 2 16 10 24
7 0 18 4 15 5 19 6 22 8 22 9 17 11 22
1 4 21
10 0 20 1 13 5 24 6 12 7 17 8 14 10 17 12 15 13 21 14 16
12 1 18 2 14 3 14 4 16 5 13 6 18 8 23 9 12 11 14 12 17 13 20 14 12
8 0 19 3 23 6 12 7 15 8 16 9 19 10 24 12 13
4 5 14 9 12 13 20 14 19
8 0 17 3 22 4 16 5 21 7 20 11 24 12 14 14 24
12 0 15 2 24 3 12 4 15 5 24 6 23 7 24 8 14 9 20 10 12 11 13 13 18
7
10 7 0.0023
12 9 0.0018000000000000002
8 9 0.0022
8 12 0.0017000000000000001
5 14 0.0024000000000000002
6 12 0.002
1 11 0.002
14
6 7 0.0012000000000000001 0.14431842274826223
10 9 0.0012000000000000001 0.11277796615893591
12 9 0.0023 0.1472434653666639
5 0 0.002 0.11611964215644568
9 14 0.0021000000000000003 0.11990583590553405
10 1 0.0022 0.10410465612481658
7 2 0.0022 0.14066418535327108
12 10 0.0019 0.11971631538012703
10 0 0.0012000000000000001 0.12626081626828053
2 1 0.0017000000000000001 0.10525057895960731
3 6 0.0013000000000000002 0.11115401754879585
3 13 0.0023 0.12252700824078827
10 5 0.0017000000000000001 0.10552282865680565
11 0 0.0012000000000000001 0.12573292218813634
