15
4 1 21 6 15 10 21 13 12
7 2 23 3 22 7 24 8 19 10 17 12 15 13 15
13 0 18 1 19 3 19 4 17 5 17 7 22 8 15 9 22 10 13 11 24 12 14 13 21 14 24
12 0 23 1 22 2 12 4 18 5 15 7 17 8 15 9 20 10 23 11 23 12 22 13 12
9 0 19 2 24 3 15 5 19 8 19 9 24 11 18 13 12 14 12
12 0 18 1 23 2 16 3 12 4 17 6 12 7 19 8 12 9 12 10 14 11 18 12 19
7 2 23 3 13 4 24 7 18 8 22 13 16 14 17
13 0 18 1 18 2 18 4 19 5 20 6 22 8 17 9 17 10 24 11 22 12 24 13 23 14 22
12 1 23 2 23 4 15 5 18 6 21 7 16 9 21 10 18 11 20 12 12 13 23 14 16
7 0 13 4 12 5 13 6 15 10 15 11 14 14 14
11 0 18 1 20 2 17 5 15 6 23 7 21 8 19 9 15 12 18 13 20 14 12
10 0 21 1 14 2 19 4 17 5 15 6 14 7 22 8 15 10 12 13 20
3 1 17 4 24 8 14
1 7 20
11 0 16 1 17 2 22 3 22 4 12 5 17 6 16 8 16 9 18 11 17 12 22
7
11 0 0.0016
6 12 0.0012000000000000001
0 7 0.0023
4 7 0.0019
2 1 0.0022
12 4 0.0012000000000000001
7 10 0.0015
14
11 0 0.0012000000000000001 0.10878561586145538
1 12 0.0018000000000000002 0.12076420862464632
4 10 0.0014 0.11995767368202506
3 0 0.0015 0.14103847594273022
10 8 0.0024000000000000002 0.1480305527443256
0 4 0.0019 0.1400783017679104
13 5 0.002 0.10593686599322186
10 2 0.0022 0.11642825344770816
7 3 0.0015 0.11324823540619923
5 8 0.0015 0.1337319257244548
0 4 0.0012000000000000001 0.14211008197498476
3 12 0.0024000000000000002 0.12996967134579535
14 1 0.0013000000000000002 0.1264612631859884
7 12 0.0018000000000000002 0.10608123048159898
