15
9 1 19 3 17 4 24 6 12 8 14 9 12 10 23 12 16 13 21
6 2 24 5 17 7 21 11 22 13 23 14 12
4 4 20 5 22 7 24 11 19
2 5 19 10 20
6 1 15 7 17 11 15 12 20 13 19 14 20
8 0 12 2 12 4 23 6 18 8 18 10 16 12 19 13 14
8 0 22 1 18 3 13 4 15 9 16 10 24 12 22 14 16
10 0 22 1 22 2 20 3 17 4 14 6 13 9 14 10 22 11 19 14 19
11 0 17 1 20 2 16 3 20 5 15 7 16 9 13 10 14 11 17 12 13 14 15
4 1 22 2 17 3 21 12 14
5 0 17 4 23 5 20 8 15 12 13
10 0 14 1 15 2 24 3 16 4 18 6 14 8 20 9 19 10 12 12 19
8 2 21 3 20 6 14 8 24 9 14 10 12 13 13 14 24
4 0 20 1 13 10 24 12 15
13 1 16 2 20 3 14 4 21 5 18 6 22 7 24 8 17 9 19 10 13 11 23 12 22 13 24
8
10 8 0.0013000000000000002
13 3 0.0022
12 0 0.0015
6 12 0.0021000000000000003
5 6 0.0018000000000000002
13 7 0.0017000000000000001
0 7 0.0014
3 1 0.0014
16
13 9 0.0019 0.13638944845967627
10 8 0.0012000000000000001 0.10728232738637679
12 3 0.0018000000000000002 0.11670604316913698
9 13 0.0022 0.1351441077641717
12 9 0.0021000000000000003 0.10507650670414806
6 13 0.0019 0.13977205323752
5 0 0.0015 0.10951276110751033
2 13 0.0024000000000000002 0.13735038960849724
10 7 0.0013000000000000002 0.11169649039782224
2 13 0.0019 0.12364640551881051
3 13 0.0021000000000000003 0.1382999983980845
4 14 0.0019 0.14615425381344643
2 13 0.0015 0.1285604028545142
0 1 0.0018000000000000002 0.13514329760559413
10 8 0.0012000000000000001 0.12883517781366544
14 10 0.0012000000000000001 0.11274757326717932
