15
10 2 21 4 18 6 21 7 24 8 23 9 18 10 14 11 23 13 23 14 21
7 0 17 4 20 5 15 7 15 9 16 10 21 12 20
13 0 18 1 23 3 24 4 16 5 20 6 14 7 21 9 17 10 12 11 23 12 19 13 16 14 22
10 1 17 2 20 4 13 6 17 7 15 8 19 9 21 11 19 12 15 14 16
10 3 14 5 24 6 17 7 21 8 18 9 12 10 24 11 13 12 16 13 13
10 0 22 1 19 2 21 3 17 4 15 6 18 7 16 8 21 12 22 14 13
12 0 18 1 16 2 20 3 20 4 13 5 24 7 24 8 13 10 13 11 14 12 22 14 14
4 0 22 11 19 13 19 14 19
11 0 24 1 13 2 23 3 22 4 19 6 14 7 16 10 21 11 22 13 15 14 18
2 2 17 12 17
6 0 16 1 14 2 16 5 17 9 22 14 22
3 2 22 8 23 14 18
5 1 13 2 20 5 20 6 16 11 20
2 4 13 8 14
3 1 12 2 22 11 16
8
8 2 0.0014
5 8 0.0018000000000000002
8 4 0.0024000000000000002
11 0 0.0013000000000000002
4 8 0.0016
8 1 0.0014
12 9 0.002
7 14 0.0017000000000000001
16
2 12 0.0019 0.10730804102544322
0 8 0.0024000000000000002 0.12004135609169489
10 7 0.0013000000000000002 0.10799241496604055
3 8 0.0015 0.10300600581683209
7 0 0.0019 0.10989655053867979
0 10 0.0017000000000000001 0.10860122939566103
10 14 0.0018000000000000002 0.13734330874993778
13 14 0.002 0.12173107259540175
11 10 0.0016 0.10730297118121172
3 2 0.0015 0.14538346917686268
3 7 0.0024000000000000002 0.148316046228355
12 4 0.0013000000000000002 0.10591349581851407
7 9 0.0015 0.11293067319907406
14 9 0.0017000000000000001 0.14370826969629438
3 7 0.0022 0.14162034429278983
13 12 0.0015 0.12120715407731736
