15
13 1 17 2 12 3 19 4 21 5 21 6 15 8 15 9 21 10 12 11 17 12 15 13 18 14 23
7 5 13 6 12 8 15 9 22 11 14 12 19 13 24
9 0 13 1 19 3 13 4 20 5 13 8 18 11 18 12 15 14 19
4 5 24 6 22 11 13 12 15
9 0 21 1 23 3 24 5 15 6 17 8 22 9 19 10 15 12 12
10 2 23 4 15 6 19 7 19 8 17 9 19 11 23 12 24 13 18 14 13
8 0 19 2 21 4 17 5 14 7 19 10 23 12 21 14 14
11 0 14 1 16 2 22 3 21 4 23 5 19 6 13 8 16 11 13 12 13 14 18
3 2 13 9 16 14 17
7 0 24 1 17 2 23 3 15 7 12 11 15 13 20
8 1 24 2 23 4 17 6 15 7 22 9 20 11 16 12 13
3 1 23 4 15 7 14
3 8 16 10 20 14 23
9 1 24 2 14 4 14 5 13 8 17 9 13 11 21 12 12 14 17
5 0 20 2 23 9 21 11 13 12 15
8
5 6 0.0022
8 0 0.0019
3 7 0.002
4 6 0.0022
3 6 0.0022
14 6 0.0017000000000000001
13 12 0.0023
6 3 0.0016
16
9 3 0.0024000000000000002 0.1291465103342344
5 12 0.002 0.10020105699478402
11 7 0.0016 0.11653650911497956
5 2 0.002 0.11534224453173635
7 0 0.0018000000000000002 0.12892399391216866
0 14 0.002 0.10581134183169508
12 14 0.0023 0.12326695556314146
6 8 0.0017000000000000001 0.11428688465772308
3 14 0.002 0.13844432130648868
14 5 0.0023 0.13657669918535614
1 0 0.0015 0.13925839450382047
4 1 0.0019 0.13150221448389368
4 5 0.0018000000000000002 0.14840756328039556
1 10 0.0015 0.14091756463099434
5 11 0.0022 0.12630192284324665
1 5 0.0013000000000000002 0.12090990803504788
