15
1 8 21
10 0 17 3 20 4 24 5 23 7 24 9 15 10 18 11 24 12 15 14 21
11 1 15 3 14 5 14 6 24 7 19 8 22 10 15 11 13 12 22 13 21 14 22
13 0 21 1 21 4 13 5 20 6 20 7 13 8 21 9 19 10 19 11 16 12 17 13 13 14 22
2 7 12 10 12
7 2 20 3 13 4 21 7 15 8 14 10 22 11 13
10 2 20 3 20 4 16 5 13 7 15 8 20 9 19 12 19 13 17 14 18
4 0 21 4 24 5 24 8 13
9 0 14 1 23 2 23 3 14 9 24 10 21 11 20 12 19 13 15
3 2 16 7 24 11 12
1 1 19
2 1 24 5 15
13 0 14 1 12 2 12 3 18 4 15 5 20 6 15 7 18 8 21 9 18 10 21 11 13 13 13
8 0 22 2 18 3 14 4 17 5 14 6 16 7 12 14 19
10 0 22 1 19 2 14 3 17 5 24 6 18 8 23 10 13 11 16 12 14
8
11 12 0.0016
8 13 0.0022
4 2 0.0024000000000000002
9 13 0.0016
3 6 0.0018000000000000002
9 3 0.0013000000000000002
14 13 0.0021000000000000003
8 14 0.0015
16
10 4 0.0021000000000000003 0.14742207170384253
3 0 0.002 0.1363299142907543
5 6 0.0023 0.14741580191125433
9 0 0.0014 0.12256242086237405
5 1 0.0013000000000000002 0.14398777551810407
8 7 0.0017000000000000001 0.14412929293358245
1 5 0.0015 0.11492606735731273
6 4 0.0015 0.1409137569710742
11 7 0.0018000000000000002 0.12522730844869015
0 7 0.0019 0.13642378643725944
6 3 0.0024000000000000002 0.11137416720985303
10 9 0.0024000000000000002 0.14352978258927848
8 9 0.0019 0.12471070411348316
0 6 0.0015 0.13725182626867685
9 13 0.0015 0.10481766567505715
11 3 0.0018000000000000002 0.12102890222110625
