15
10 1 23 2 19 3 22 5 20 6 20 7 12 8 20 12 23 13 21 14 21
2 4 24 12 15
8 0 15 1 16 5 23 7 23 10 23 11 15 12 24 14 21
6 2 24 4 23 10 20 12 18 13 19 14 15
9 0 12 1 12 2 12 5 23 6 18 8 14 11 15 12 14 14 24
6 0 23 1 14 2 16 3 24 4 23 14 23
4 0 19 4 16 10 24 14 19
12 1 24 2 21 3 19 5 24 6 16 8 22 9 22 10 15 11 20 12 23 13 19 14 21
11 0 22 1 21 2 15 3 24 4 18 6 15 7 12 9 19 12 24 13 17 14 17
4 0 18 1 13 10 21 13 16
2 9 15 13 18
11 1 15 2 23 4 12 6 22 7 17 8 16 9 18 10 19 12 19 13 15 14 12
11 0 12 1 14 2 15 3 15 4 21 5 19 6 14 8 17 9 24 13 22 14 24
3 3 14 6 12 9 19
9 2 24 3 17 5 18 6 16 7 12 9 19 10 15 11 22 12 21
8
3 6 0.0012000000000000001
7 3 0.0021000000000000003
10 13 0.0019
5 9 0.0021000000000000003
3 7 0.0021000000000000003
11 1 0.0022
5 2 0.002
4 2 0.0013000000000000002
16
0 3 0.0012000000000000001 0.10916475819424361
0 5 0.0012000000000000001 0.12274814077537852
11 3 0.0014 0.13863135154143713
1 6 0.0019 0.1432350061454905
12 10 0.0016 0.10529548422588265
9 6 0.0023 0.13781679238786831
12 4 0.0017000000000000001 0.14291743076232083
0 7 0.0015 0.13722608514821033
6 11 0.0017000000000000001 0.11303247763808308
11 2 0.0024000000000000002 0.1351003530685005
14 7 0.0014 0.10692774121686846
5 2 0.002 0.11767381568200498
6 12 0.0012000000000000001 0.13066420853751798
1 7 0.0017000000000000001 0.11705747749295164
2 12 0.0021000000000000003 0.10973702013092865
7 11 0.0022 0.13447700529489393
