15
8 1 17 4 22 5 23 7 18 9 17 11 15 12 18 14 18
2 7 20 11 13
2 5 21 9 12
12 0 19 1 24 4 16 5 13 6 16 7 22 8 20 9 23 10 19 11 17 13 17 14 18
10 0 17 1 14 3 21 5 17 6 20 8 12 9 21 10 17 12 18 13 21
8 0 22 2 12 3 12 9 22 10 18 11 21 12 16 14 20
8 1 12 3 19 4 20 5 17 8 17 11 14 13 17 14 17
9 1 14 2 18 3 20 4 15 6 16 8 23 9 20 10 19 13 22
1 1 22
2 4 20 12 13
5 0 18 1 20 9 23 11 14 12 17
2 0 14 13 13
3 1 23 3 17 5 24
2 2 21 7 14
4 0 22 3 20 8 16 9 17
8
3 11 0.0012000000000000001
3 6 0.0012000000000000001
12 7 0.0019
2 14 0.0014
9 1 0.0019
1 7 0.0015
1 9 0.0021000000000000003
9 13 0.0015
16
12 13 0.0023 0.14610849595975675
1 4 0.0019 0.13774271723408688
14 10 0.0017000000000000001 0.13464199471506225
1 4 0.0017000000000000001 0.12690405358412724
13 4 0.0023 0.11303461146593552
6 0 0.0015 0.11488072598363293
13 10 0.0015 0.10130354653487952
14 8 0.0014 0.10483806819074556
11 6 0.0014 0.14766037342156707
9 4 0.0016 0.13674810221609363
11 10 0.0017000000000000001 0.10378547691826419
14 4 0.0014 0.10545822516896307
11 7 0.0017000000000000001 0.14804405296107842
9 0 0.0024000000000000002 0.10249094152011776
4 10 0.0019 0.12659187748998874
9 3 0.0023 0.14461220616410672
