15
13 1 22 2 12 3 18 5 12 6 15 7 24 8 20 9 16 10 19 11 20 12 14 13 19 14 18
9 0 17 2 17 4 22 5 14 8 12 9 16 11 24 12 16 14 15
5 1 19 3 18 8 20 9 16 14 23
6 1 19 4 19 7 18 8 18 9 17 13 15
8 0 14 1 20 2 21 5 15 8 19 10 13 13 22 14 22
1 14 14
4 1 14 2 17 8 20 12 15
8 0 23 1 14 2 16 6 19 8 19 10 23 11 22 14 13
8 1 17 2 12 3 12 4 13 5 15 7 19 9 15 10 21
12 0 15 2 23 3 18 4 15 5 24 6 14 7 19 8 22 10 20 12 21 13 22 14 17
6 0 22 1 16 4 12 6 13 11 20 12 20
10 0 19 1 16 2 16 3 21 4 16 5 17 6 21 7 24 8 14 12 17
13 0 24 1 15 2 21 3 18 4 24 5 18 6 15 7 14 8 13 9 17 10 19 11 13 13 22
7 0 20 1 16 6 14 8 16 11 12 12 17 14 19
3 4 18 11 21 13 20
8
5 12 0.0022
12 14 0.0022
1 7 0.0015
2 8 0.0012000000000000001
1 10 0.0014
3 1 0.0018000000000000002
11 10 0.0022
13 11 0.0022
16
6 10 0.0012000000000000001 0.14307404660691056
10 13 0.0015 0.12177146625866044
12 6 0.0019 0.11682554814055526
2 4 0.0021000000000000003 0.11311317762219382
7 5 0.0013000000000000002 0.10951047253656485
1 3 0.0018000000000000002 0.1416265815969025
2 4 0.0018000000000000002 0.10995921177960373
13 5 0.0012000000000000001 0.14249940084639007
9 0 0.0024000000000000002 0.1479622853126331
2 12 0.0021000000000000003 0.11957050877873536
14 3 0.0015 0.10904949351220539
4 1 0.0022 0.11613907388398118
12 9 0.0013000000000000002 0.12180786526331183
1 4 0.0013000000000000002 0.11791971775556527
5 6 0.0015 0.13875364897498332
13 5 0.002 0.13929114613485707
