15
13 1 15 3 19 4 16 5 22 6 20 7 21 8 17 9 23 10 23 11 22 12 14 13 24 14 17
6 0 20 2 16 5 19 9 12 12 23 14 18
1 9 12
13 0 19 1 24 2 24 4 15 5 14 6 13 7 16 9 15 10 12 11 21 12 24 13 19 14 15
7 0 12 1 24 2 20 3 19 5 22 6 15 13 13
3 3 17 4 22 11 22
12 0 22 1 13 3 21 4 20 5 16 7 20 8 20 9 19 11 24 12 21 13 21 14 13
7 0 16 1 21 3 12 5 24 9 24 12 24 13 16
6 3 18 4 16 5 23 10 22 11 20 14 20
9 0 14 3 15 4 12 6 19 7 21 10 17 11 16 12 21 13 12
12 0 16 1 19 2 17 4 15 6 24 7 21 8 22 9 16 11 14 12 23 13 13 14 17
2 9 20 12 12
4 3 23 4 18 6 24 11 21
7 0 17 1 17 3 23 5 19 7 20 9 21 12 13
11 0 20 1 19 2 24 3 14 4 23 5 16 7 24 8 14 9 17 10 16 13 15
8
6 0 0.0016
1 8 0.0024000000000000002
7 4 0.0019
5 13 0.0023
7 12 0.0018000000000000002
6 13 0.0013000000000000002
8 12 0.0014
8 11 0.0013000000000000002
16
3 14 0.0017000000000000001 0.13687446913417428
7 12 0.0017000000000000001 0.13017507378716942
14 12 0.002 0.11637308580016668
3 2 0.0019 0.14641019370462804
12 10 0.0013000000000000002 0.11488229041368582
10 9 0.0019 0.12354564792261039
12 5 0.0013000000000000002 0.11715500150004245
3 7 0.0014 0.11771429170712402
8 3 0.0012000000000000001 0.12919847052651687
10 6 0.0012000000000000001 0.14253045730842429
12 11 0.0014 0.11763390225132582
4 6 0.0015 0.12250699932741088
3 4 0.0013000000000000002 0.14053207709565962
8 12 0.0023 0.13795849719245748
3 5 0.0023 0.12246460015706206
1 3 0.0012000000000000001 0.11589364935531797
