15
4 2 12 5 19 10 24 14 23
3 4 17 6 17 14 24
9 0 16 1 12 3 14 4 13 5 16 8 12 9 17 10 21 13 18
8 0 14 2 21 5 20 7 12 8 12 11 20 13 13 14 18
3 1 13 6 17 10 16
10 0 18 1 18 2 20 4 18 6 22 7 21 9 15 10 23 12 21 14 13
10 0 13 1 24 2 24 3 22 4 18 8 16 9 16 11 13 13 16 14 14
11 0 19 1 15 3 23 4 24 5 21 6 13 8 20 10 20 11 12 12 20 13 18
1 11 20
12 0 14 1 19 2 23 3 21 4 21 5 24 6 16 7 23 8 20 11 15 13 14 14 17
12 0 18 1 13 2 23 3 16 5 21 6 19 7 20 8 21 9 24 11 21 12 20 14 24
9 0 19 1 18 2 22 3 18 4 13 7 21 8 24 13 20 14 14
4 0 19 7 20 8 24 9 13
11 0 23 2 20 3 15 5 20 6 14 7 22 9 24 10 18 11 12 12 18 14 22
13 0 12 2 17 3 22 4 19 5 24 6 14 7 16 8 21 9 13 10 22 11 22 12 22 13 12
8
3 2 0.0024000000000000002
14 13 0.0016
5 0 0.0013000000000000002
1 2 0.0019
9 11 0.002
14 8 0.002
13 6 0.0023
12 3 0.0014
16
11 2 0.0017000000000000001 0.1249757061407622
0 13 0.0017000000000000001 0.10108365811033365
11 3 0.0017000000000000001 0.12333548852559922
10 5 0.0015 0.1284235412869911
13 3 0.0021000000000000003 0.1457812450222125
4 11 0.0021000000000000003 0.14626983272801963
9 7 0.0016 0.1226221480418459
7 4 0.0017000000000000001 0.12521148100336552
10 7 0.0016 0.10075720494014864
0 8 0.0012000000000000001 0.11128873139880104
2 14 0.0014 0.11540885899790683
11 1 0.0016 0.11887679823286065
2 4 0.0024000000000000002 0.10522061408031816
3 12 0.0013000000000000002 0.11251456741178349
14 6 0.0019 0.10901047428407287
8 14 0.0019 0.10745045458496374
