15
9 3 23 4 23 5 24 6 17 7 20 8 20 10 12 11 17 13 18
11 0 16 2 15 5 13 6 14 7 20 8 13 9 13 10 18 11 15 12 21 13 23
9 1 13 3 22 4 15 5 16 7 21 10 20 11 14 13 14 14 14
10 0 22 1 13 2 23 4 18 6 13 7 15 8 24 11 17 12 13 13 20
8 2 20 3 24 6 15 7 15 9 20 10 21 13 18 14 14
12 0 14 1 19 3 20 4 19 6 19 7 17 8 23 9 14 10 24 12 13 13 22 14 12
10 1 21 2 24 4 13 5 22 9 23 10 23 11 22 12 13 13 16 14 21
2 3 21 11 14
5 2 22 3 17 5 16 6 19 9 13
6 1 23 2 14 3 22 4 17 5 13 12 20
10 0 13 1 12 2 15 3 16 5 13 6 20 8 16 9 24 12 24 14 23
4 2 15 6 19 9 15 14 19
7 0 14 1 16 4 13 5 16 6 16 9 12 11 14
4 4 12 8 21 10 12 14 12
7 3 12 4 13 5 21 6 23 8 13 9 21 11 20
8
4 0 0.0014
10 8 0.0015
10 1 0.0012000000000000001
11 3 0.0019
11 0 0.0012000000000000001
9 1 0.0013000000000000002
11 3 0.002
0 9 0.0024000000000000002
16
0 3 0.0021000000000000003 0.10478288702440373
2 12 0.0022 0.11584173325251558
6 11 0.0014 0.12239899701067902
12 10 0.0024000000000000002 0.14309961860625997
4 12 0.0022 0.14711021738867575
4 7 0.0013000000000000002 0.12348709503995645
0 13 0.0012000000000000001 0.11415693611194219
9 11 0.0014 0.13730713966113578
9 2 0.0024000000000000002 0.11528132867049493
8 10 0.0023 0.12524183507335399
9 13 0.0024000000000000002 0.13452891962763586
4 8 0.0017000000000000001 0.1114840523030136
3 8 0.0018000000000000002 0.12098999974145577
7 4 0.0014 0.12429522992844388
13 12 0.002 0.14759230533104564
14 6 0.0017000000000000001 0.13113512024184526
