15
9 4 15 5 14 6 15 8 20 10 12 11 18 12 13 13 18 14 13
10 2 24 5 23 6 16 7 19 8 23 9 14 10 18 12 15 13 24 14 22
5 0 19 3 16 7 16 8 12 9 16
11 1 14 2 17 5 15 6 19 8 15 9 23 10 22 11 14 12 23 13 14 14 20
4 0 23 3 14 7 18 9 22
9 0 13 1 18 2 16 3 24 6 14 9 16 10 14 13 15 14 18
7 1 21 4 21 7 13 10 23 11 16 12 12 13 13
10 2 12 3 17 5 18 6 12 8 20 9 15 10 12 11 22 12 21 13 20
12 1 22 2 23 3 23 4 20 5 20 6 17 7 21 9 15 11 22 12 12 13 19 14 20
6 0 22 4 12 6 18 7 14 10 17 11 22
13 0 17 1 21 2 20 3 21 4 23 5 15 6 23 7 17 8 21 9 22 11 16 12 15 13 20
1 3 14
1 10 20
13 0 13 1 17 2 19 3 20 4 20 5 15 6 22 7 16 8 12 9 20 10 15 12 20 14 20
9 0 19 1 16 2 18 5 24 6 16 7 15 8 15 9 23 12 21
8
1 13 0.002
0 3 0.0019
8 11 0.0016
12 6 0.0023
0 9 0.0016
13 14 0.002
4 0 0.0017000000000000001
6 3 0.0014
16
6 2 0.0017000000000000001 0.13572182651978126
12 9 0.0015 0.11965169767715371
10 9 0.0024000000000000002 0.12231626421153288
7 3 0.0024000000000000002 0.1384059636871301
0 14 0.0018000000000000002 0.10212722019975312
9 12 0.002 0.12870347870419518
0 1 0.0014 0.11730959256494201
3 9 0.0023 0.10741280116609475
9 5 0.0024000000000000002 0.11094764358955951
14 1 0.0022 0.10544681524911738
1 11 0.0017000000000000001 0.14955034687416793
6 11 0.0012000000000000001 0.11155948040097619
14 10 0.0014 0.12694019699495165
4 13 0.0014 0.125278472509024
2 10 0.002 0.10769627886708619
9 3 0.0013000000000000002 0.12468644000968225
