15
12 1 20 2 13 3 22 5 15 7 15 8 12 9 14 10 13 11 12 12 16 13 15 14 21
8 0 15 2 17 4 20 5 18 6 12 7 14 9 14 13 22
3 3 22 5 20 13 23
2 7 20 10 13
3 2 15 5 17 10 22
10 0 13 2 15 4 16 6 13 7 24 8 17 9 20 11 13 12 18 14 19
4 1 12 5 24 7 19 14 24
2 6 22 9 20
3 1 19 4 24 12 16
2 2 15 13 15
8 0 16 3 19 4 14 5 23 6 19 7 23 9 24 13 19
4 2 23 4 21 12 21 14 12
10 0 12 1 15 2 12 3 19 5 19 6 20 7 22 9 22 11 20 13 22
13 0 21 1 12 2 17 3 23 5 24 6 21 7 19 8 13 9 12 10 21 11 12 12 22 14 13
4 2 17 3 14 7 23 11 19
8
5 9 0.0023
12 7 0.0014
5 4 0.0019
1 3 0.0012000000000000001
7 9 0.0012000000000000001
12 3 0.0018000000000000002
11 13 0.0024000000000000002
0 10 0.0019
16
4 13 0.0013000000000000002 0.12262006125785935
9 4 0.0021000000000000003 0.13958961328214992
5 2 0.0016 0.13558348360466532
7 5 0.002 0.12569695007226042
7 3 0.0014 0.11352215713445699
2 14 0.0012000000000000001 0.1352757392300666
14 11 0.002 0.13851475155467677
7 8 0.0019 0.1257601768311238
13 4 0.0018000000000000002 0.1448442115709963
3 11 0.0012000000000000001 0.12886685074534912
6 3 0.0019 0.14037754697144084
14 4 0.0021000000000000003 0.1434533816908464
8 14 0.0023 0.12007693720308875
4 6 0.0022 0.11161506909578368
0 7 0.0021000000000000003 0.13460133763207174
1 14 0.0021000000000000003 0.14178924589125913
