15
6 4 14 6 12 7 14 11 12 12 21 14 19
11 2 19 3 20 5 22 7 18 8 16 9 17 10 19 11 20 12 21 13 15 14 19
9 0 19 1 19 4 17 7 15 8 23 10 12 12 13 13 23 14 12
3 8 14 9 21 10 24
10 0 21 1 22 2 14 5 14 6 20 8 15 9 19 11 16 12 23 13 12
4 4 19 6 13 7 12 14 14
5 3 15 4 18 7 22 10 14 11 24
3 2 22 3 20 4 24
1 14 19
11 1 19 2 19 3 21 5 13 6 18 7 18 8 12 10 18 11 23 13 22 14 16
13 0 23 1 17 2 22 3 12 4 13 5 20 6 19 8 12 9 23 11 23 12 12 13 12 14 17
13 0 22 1 16 2 19 3 14 4 19 5 17 7 24 8 23 9 13 10 13 12 22 13 18 14 23
12 0 17 1 16 2 14 3 18 5 17 6 16 7 12 9 22 10 23 11 24 13 23 14 16
12 0 19 1 20 2 13 3 21 4 14 5 21 6 13 7 23 8 23 10 23 12 14 14 15
5 2 20 6 16 7 14 8 19 11 18
8
12 13 0.0012000000000000001
9 2 0.0018000000000000002
14 4 0.0021000000000000003
4 3 0.0022
14 5 0.0014
13 2 0.0019
4 0 0.0021000000000000003
12 6 0.0021000000000000003
16
4 9 0.0018000000000000002 0.11264242924176993
1 3 0.0019 0.14724501009845717
10 9 0.0013000000000000002 0.1453003399344254
11 14 0.0023 0.11176194421736443
9 12 0.0017000000000000001 0.1403216855810723
5 13 0.002 0.1189340237523607
5 7 0.0015 0.11260483301814737
14 13 0.0022 0.1250809254825054
2 12 0.0022 0.13427288473432678
14 5 0.0023 0.10770819196163989
11 8 0.0015 0.13168445943396684
0 5 0.0024000000000000002 0.12705356970419673
6 0 0.0022 0.1485252770834592
11 13 0.0016 0.12586843308455406
0 10 0.0022 0.10046943957389903
6 0 0.0023 0.10577685152419172
