15
12 1 16 2 24 3 12 4 15 5 17 6 13 7 24 8 17 9 15 10 13 11 21 12 19
13 0 13 2 21 3 15 4 17 6 24 7 19 8 18 9 16 10 16 11 15 12 19 13 20 14 15
13 0 14 1 19 3 22 4 24 5 24 6 18 7 19 8 18 9 16 11 19 12 18 13 17 14 14
8 0 22 1 15 2 24 4 18 8 12 9 23 10 16 13 14
10 0 18 1 24 5 18 6 18 7 17 10 14 11 12 12 23 13 21 14 15
4 3 16 9 19 12 20 14 22
7 0 17 1 24 4 17 8 21 11 17 12 15 14 15
12 1 17 2 14 3 20 4 20 5 16 6 22 8 16 9 17 10 17 12 14 13 24 14 12
6 3 15 6 14 9 15 10 22 11 16 12 22
10 2 20 3 15 4 16 5 19 7 16 8 19 10 23 11 17 12 18 14 19
9 2 14 3 12 4 14 6 12 7 19 9 18 12 18 13 19 14 18
8 2 15 4 12 6 14 7 21 8 23 9 13 12 20 14 24
7 0 14 1 19 2 19 3 23 7 15 9 12 10 21
6 2 21 5 22 7 15 8 23 10 14 12 15
8 2 12 4 14 5 24 6 13 8 19 9 15 12 17 13 17
8
11 12 0.0024000000000000002
13 4 0.0016
8 6 0.0012000000000000001
11 6 0.0012000000000000001
2 0 0.0021000000000000003
13 12 0.0022
10 6 0.0019
2 13 0.0017000000000000001
16
0 14 0.0013000000000000002 0.13281011050624614
6 1 0.0023 0.10965364649374307
3 2 0.0021000000000000003 0.12060527920665835
6 8 0.002 0.12850382656214113
3 8 0.0013000000000000002 0.11103265138836084
13 1 0.0016 0.10715497777801339
13 11 0.0015 0.11917711616781089
13 11 0.0018000000000000002 0.10696789739903825
14 2 0.0022 0.1404151672576835
10 14 0.002 0.13731579590025206
4 12 0.0015 0.10942815266193193
3 11 0.0018000000000000002 0.10733537316949851
12 13 0.0021000000000000003 0.12798620487448573
5 4 0.0022 0.13216568061033984
6 10 0.0013000000000000002 0.11670508011366784
6 11 0.0018000000000000002 0.12414971749172497
