15
4 2 12 7 22 10 13 11 13
8 0 19 2 16 4 15 5 20 6 17 7 22 9 16 12 15
11 1 13 3 15 4 24 5 17 8 24 9 23 10 23 11 23 12 14 13 19 14 17
9 0 23 1 14 2 20 7 24 8 14 9 23 10 22 12 15 14 18
12 1 15 3 19 5 18 6 21 7 13 8 22 9 13 10 24 11 22 12 21 13 13 14 22
1 8 15
13 0 21 1 17 2 18 4 15 5 19 7 12 8 14 9 16 10 23 11 12 12 24 13 16 14 23
3 0 24 4 22 14 14
6 0 19 5 19 9 19 10 12 11 24 13 18
10 1 13 4 13 5 21 6 18 7 23 8 24 10 21 12 23 13 22 14 13
4 1 12 5 12 12 24 13 15
13 0 24 1 16 2 17 3 16 4 19 5 18 6 20 7 18 9 15 10 19 12 20 13 24 14 21
7 0 14 1 23 7 18 8 15 9 12 11 22 13 18
10 0 18 1 20 3 22 4 16 5 21 7 15 8 17 11 22 12 12 14 23
4 0 20 9 14 10 22 13 18
8
6 2 0.0014
13 14 0.0021000000000000003
8 1 0.0017000000000000001
8 14 0.0018000000000000002
14 12 0.0016
11 9 0.0018000000000000002
10 1 0.0012000000000000001
14 1 0.0014
16
6 1 0.0016 0.13260053703792984
10 9 0.0012000000000000001 0.14541787395029213
3 0 0.0013000000000000002 0.12633721864566924
12 0 0.0013000000000000002 0.14103394690719298
4 8 0.0021000000000000003 0.10724600850180005
13 7 0.0016 0.11854218440764124
13 4 0.0022 0.14098355154218153
7 13 0.0013000000000000002 0.12991068932097993
4 3 0.0014 0.11649293511345933
9 14 0.0014 0.12013156889396442
8 0 0.0014 0.11933453902650258
2 12 0.0012000000000000001 0.1474162543638904
8 13 0.0016 0.11897818551575261
13 0 0.0018000000000000002 0.14568022145236642
2 7 0.0023 0.1340565471689349
7 0 0.0018000000000000002 0.1490325475286421
