15
3 1 13 9 24 10 19
12 0 12 2 15 3 22 4 16 5 15 7 17 9 12 10 16 11 19 12 18 13 22 14 20
9 1 12 3 16 5 24 6 14 7 21 8 15 9 17 10 15 14 17
8 1 21 2 18 4 20 7 13 8 19 9 18 11 12 13 18
11 0 17 1 14 2 14 3 22 5 14 6 20 7 12 8 19 9 19 13 14 14 18
4 0 18 1 12 10 16 14 17
6 0 20 2 22 4 23 5 14 10 14 14 16
12 0 24 1 14 2 13 3 20 5 22 6 19 9 23 10 16 11 18 12 13 13 16 14 15
5 3 17 4 23 5 16 7 17 13 16
11 0 14 1 21 2 23 4 13 5 23 6 13 8 15 10 21 11 17 12 16 14 14
12 0 20 1 14 2 16 3 19 4 15 5 16 6 21 8 22 9 23 11 16 12 23 13 14
9 3 13 4 15 5 19 7 22 9 19 10 21 12 16 13 15 14 21
5 0 13 4 19 6 17 8 19 10 12
9 0 16 1 20 2 24 4 19 7 24 9 18 11 15 12 14 14 15
1 9 15
8
9 4 0.0016
10 9 0.0012000000000000001
9 2 0.0013000000000000002
13 7 0.0015
14 7 0.0021000000000000003
7 11 0.0021000000000000003
13 8 0.0023
2 6 0.0018000000000000002
16
8 6 0.0019 0.14005243116154706
0 7 0.0013000000000000002 0.1457338247490288
14 13 0.0015 0.14511207934683476
1 14 0.0024000000000000002 0.10696601039028922
7 13 0.0022 0.13348906157272092
2 10 0.0017000000000000001 0.129042557419095
9 5 0.0024000000000000002 0.12352472167817838
10 4 0.0014 0.12021890812532302
14 9 0.0016 0.1329084314026376
0 12 0.0016 0.14042577951233393
2 5 0.0015 0.12128325020871286
1 7 0.0012000000000000001 0.1110377695526163
9 0 0.0021000000000000003 0.14769187788994767
5 12 0.002 0.10543085643100095
12 7 0.0022 0.1223306609701809
10 1 0.0019 0.1340077509200922
