15
13 1 20 2 18 3 15 4 17 5 19 6 16 7 19 9 13 10 22 11 20 12 23 13 14 14 21
4 8 17 10 19 12 16 13 24
5 0 12 6 15 7 13 8 24 13 21
5 5 17 7 18 10 21 13 20 14 20
5 0 12 1 24 2 13 6 17 9 22
7 2 23 4 12 6 21 7 16 9 23 11 19 14 17
10 1 15 2 14 5 21 7 20 8 22 9 16 10 12 11 18 12 22 13 18
6 2 23 3 13 5 15 11 14 13 23 14 13
13 0 15 1 16 2 18 4 17 5 22 6 14 7 19 9 24 10 16 11 12 12 13 13 21 14 14
6 1 18 3 16 4 16 5 15 7 17 11 16
11 0 14 1 12 2 15 3 13 4 18 5 16 6 18 8 13 11 12 12 13 13 17
5 5 20 6 22 7 16 13 24 14 24
12 0 17 2 15 3 23 4 16 5 17 6 13 8 16 9 19 10 24 11 22 13 20 14 24
10 0 17 1 18 2 18 3 17 5 18 6 15 7 22 8 13 10 21 14 17
4 0 14 1 13 10 19 11 24
8
12 13 0.0021000000000000003
5 1 0.0013000000000000002
3 0 0.0022
0 7 0.002
3 9 0.0021000000000000003
3 1 0.002
10 8 0.0022
5 14 0.002
16
0 4 0.0017000000000000001 0.14368178227130043
11 10 0.0024000000000000002 0.10455636139960445
5 7 0.002 0.11380899531590097
10 7 0.0019 0.10845308825288871
5 7 0.0023 0.10980141103727689
6 14 0.0013000000000000002 0.1186985601190978
0 12 0.0023 0.11928888935965298
13 14 0.0017000000000000001 0.10974433770584022
6 1 0.0017000000000000001 0.10880114496957677
13 9 0.0021000000000000003 0.12655102438898708
14 10 0.0021000000000000003 0.1054140512756213
8 12 0.0015 0.1406189746048043
0 10 0.002 0.11996001581746282
12 4 0.0013000000000000002 0.11913828235052878
10 11 0.0014 0.10507906410472087
4 3 0.0019 0.14946487614365858
