15
1 9 20
4 5 15 8 22 11 20 14 23
12 0 18 1 22 3 13 4 22 5 15 6 14 7 22 10 24 11 19 12 16 13 22 14 12
12 0 14 1 22 4 17 5 18 6 14 7 24 8 22 9 14 10 16 11 18 12 16 13 13
6 2 20 3 15 5 20 7 22 10 23 14 13
1 9 20
4 0 17 1 19 8 13 11 15
8 0 12 1 12 2 14 3 17 4 20 6 16 8 14 10 16
12 0 24 1 14 2 22 3 13 5 15 6 19 7 24 9 14 10 15 12 13 13 17 14 23
9 1 16 2 21 3 13 5 16 7 14 11 13 12 22 13 24 14 19
2 0 16 14 23
10 2 12 3 21 4 18 5 18 6 22 7 19 8 15 12 16 13 23 14 15
3 4 20 8 24 10 14
10 1 16 2 15 3 18 4 16 5 15 6 14 7 23 9 12 10 24 12 23
9 0 14 1 14 3 12 6 12 7 14 9 15 10 23 11 17 12 19
8
1 12 0.0024000000000000002
6 10 0.0024000000000000002
5 3 0.0019
3 12 0.0022
0 9 0.0024000000000000002
14 3 0.0022
7 11 0.0018000000000000002
11 9 0.0013000000000000002
16
12 4 0.0014 0.10795094442618298
9 0 0.0019 0.14706707477635553
8 10 0.0013000000000000002 0.12096310170154348
2 3 0.0023 0.10319322158523557
8 12 0.0018000000000000002 0.11338943467429273
5 10 0.0013000000000000002 0.10961970136451829
1 4 0.0021000000000000003 0.14619701762573534
9 11 0.0019 0.14391915663149557
14 6 0.0024000000000000002 0.1036295908288605
0 12 0.0016 0.14682080972525385
8 1 0.0023 0.10921129735340221
9 0 0.0013000000000000002 0.13346229595939038
11 0 0.0016 0.10905249122684495
3 13 0.0016 0.12422646927335852
8 9 0.0014 0.13969336947211577
10 14 0.0023 0.14536275371122803
