25
10 6 16 7 21 10 22 12 22 14 13 15 24 17 24 21 13 23 20 24 16
10 2 20 4 23 6 15 8 24 9 22 11 22 15 16 20 21 21 16 22 19
7 4 24 6 14 11 13 13 23 16 15 19 23 23 20
15 0 12 1 14 2 16 6 12 9 16 12 15 13 13 14 19 15 12 18 13 19 16 20 13 21 15 22 17 24 22
9 0 17 1 14 2 23 9 18 10 23 11 17 12 21 13 12 20 12
1 16 16
6 4 12 7 16 11 24 20 19 22 22 23 24
13 1 23 3 18 4 20 6 21 9 12 11 21 13 22 16 20 19 22 20 16 21 23 22 18 23 20
20 0 17 1 21 2 17 4 14 6 13 7 24 9 21 10 16 11 19 13 19 14 19 15 20 16 20 17 23 18 22 20 15 21 24 22 21 23 14 24 19
8 0 19 1 15 5 21 12 15 16 20 22 12 23 17 24 17
22 0 18 2 14 3 12 5 18 6 21 7 16 8 24 9 16 11 12 12 12 13 20 14 13 15 20 16 15 17 20 18 14 19 12 20 14 21 20 22 22 23 23 24 24
8 1 24 6 17 7 20 9 14 10 16 17 21 22 17 23 21
5 4 18 8 18 9 24 14 22 23 20
10 0 12 7 14 12 20 16 18 17 21 19 24 20 23 21 16 23 18 24 14
1 10 12
22 0 20 1 22 2 21 3 16 5 19 6 19 8 14 9 15 10 16 11 12 12 17 13 21 14 19 16 15 17 20 18 20 19 22 20 15 21 24 22 24 23 19 24 17
16 0 14 1 17 3 19 4 17 5 15 6 19 8 24 11 21 13 19 17 22 18 16 19 15 20 12 21 17 23 12 24 14
17 0 15 1 19 3 16 4 24 6 20 8 24 9 22 10 22 12 19 13 19 14 19 16 18 18 22 19 21 21 23 22 20 23 20
16 3 18 4 23 5 22 7 16 8 22 9 18 11 15 14 17 15 24 16 19 17 22 19 13 20 21 21 16 22 24 24 23
21 0 20 1 12 2 12 3 14 4 17 5 19 6 21 7 21 8 19 10 14 11 15 12 13 13 20 15 19 16 16 17 16 18 24 21 12 22 21 23 12 24 14
9 6 15 8 18 9 23 12 17 15 19 16 16 17 16 19 15 22 22
18 0 20 2 15 3 18 4 15 5 23 6 20 7 18 8 15 9 19 10 13 11 18 12 13 13 24 15 24 16 20 19 21 20 16 24 12
7 0 12 2 21 3 24 4 21 9 19 10 15 18 15
19 0 15 1 16 2 15 3 13 4 18 5 12 6 19 7 23 8 12 10 18 14 18 15 17 16 16 18 19 19 16 20 19 21 19 22 24 24 24
23 0 15 1 16 2 13 3 13 4 15 5 16 6 23 7 20 8 13 9 19 10 22 11 14 12 21 13 21 14 21 15 16 16 22 17 20 18 21 19 24 20 24 21 21 23 24
10
20 15 2
1 17 2
6 22 6
4 3 2
23 22 5
18 4 3
21 6 3
7 8 2
12 20 6
19 22 4
44
22 17 5 0.7894723711136652
14 16 2 0.007833818744100718
1 15 5 0.7098229566789065
8 17 6 0.07715101538306968
18 5 2 0.4489632727381986
21 15 2 0.8432862226812735
5 20 5 0.47602176200623325
20 0 1 0.3396073857532135
1 3 5 0.2953665342693964
11 4 3 0.2125502025075049
0 1 2 0.396680007643211
12 1 2 0.9153370964981326
18 16 4 0.15227268508425507
3 5 5 0.7132447258007281
24 14 3 0.893393442040739
8 23 6 0.48177880771857495
1 4 5 0.8839744807644363
22 1 1 0.2572131683627935
20 13 4 0.8501227052487794
11 7 2 0.03106967524428561
4 16 1 0.47262235356674764
12 7 1 0.14083813922440414
6 0 2 0.9718078435540753
23 9 3 0.015611037269559591
14 24 3 0.3121394079817469
20 9 2 0.23253219851073914
19 17 6 0.2001941608166815
10 18 3 0.432242041488035
11 14 5 0.4213563522069167
18 3 1 0.5128021959251663
19 12 4 0.2887861251927335
21 7 4 0.5090041904960951
2 0 5 0.006279276130247813
19 5 5 0.42145741098919676
22 20 3 0.2570738736452435
13 19 6 0.8177682913226423
19 1 5 0.9841647380519122
20 18 2 0.06238892079060676
1 20 2 0.7929101627448206
16 11 1 0.766174004422958
15 23 5 0.16784162403559377
15 21 5 0.8481846882214487
0 1 3 0.08992950395239085
17 22 6 0.7502939396959216
