20
10 2 18 3 23 4 15 7 23 8 15 9 16 13 15 14 18 16 17 19 15
15 0 16 2 23 3 12 5 21 6 16 7 19 8 19 9 19 10 12 14 21 15 21 16 22 17 24 18 13 19 19
3 1 19 7 12 8 18
3 7 24 9 12 15 22
6 10 13 11 16 14 21 17 19 18 21 19 23
5 1 14 3 23 4 13 9 12 19 18
3 2 15 16 17 18 23
16 0 13 1 15 2 14 4 12 5 24 6 14 8 23 10 21 11 21 12 12 13 17 14 12 16 18 17 24 18 21 19 13
13 0 12 4 14 5 22 6 16 7 12 9 23 11 24 12 13 14 19 15 21 16 12 17 16 19 19
14 1 13 2 15 4 18 5 21 8 19 10 14 11 12 12 21 13 17 15 16 16 21 17 21 18 22 19 15
10 3 22 4 18 5 20 6 24 7 21 9 14 15 17 16 21 17 19 19 17
17 2 18 3 13 4 19 5 23 6 24 7 16 8 15 9 16 10 13 12 18 13 23 14 13 15 16 16 14 17 12 18 16 19 23
5 0 22 7 14 9 14 14 13 18 20
16 1 16 2 19 3 14 4 15 5 16 6 17 7 24 8 23 9 17 10 24 11 19 14 24 15 19 16 20 18 22 19 13
15 0 12 2 12 3 19 4 13 5 12 6 13 7 24 9 19 10 21 11 20 12 23 13 18 17 22 18 13 19 24
13 0 24 1 23 2 22 4 13 5 16 6 17 7 14 9 20 13 20 14 18 16 24 17 21 18 24
17 0 20 1 15 2 22 3 22 4 24 5 23 6 23 7 16 8 16 9 20 11 17 12 21 13 16 15 12 17 12 18 17 19 13
9 2 21 4 20 5 17 6 15 11 20 13 17 14 22 16 24 18 12
9 0 13 3 23 4 22 5 15 7 21 10 16 11 22 14 15 16 14
16 0 16 1 18 2 19 3 15 4 24 5 17 6 19 7 21 8 20 11 21 12 12 13 13 14 13 15 12 16 18 17 23
11
9 6 0.002
5 18 0.0024000000000000002
11 19 0.0013000000000000002
1 13 0.0019
2 14 0.0023
13 10 0.002
4 11 0.0021000000000000003
17 18 0.0023
1 19 0.0021000000000000003
19 16 0.0024000000000000002
2 10 0.002
22
15 16 0.0023 0.12218482464369008
16 12 0.0024000000000000002 0.10166757797878309
15 11 0.0013000000000000002 0.1264650692894337
1 17 0.002 0.13858891163876283
15 3 0.0013000000000000002 0.11161168687145591
10 15 0.0022 0.10110239927109506
6 1 0.0019 0.12479625475783
13 14 0.0015 0.1016529152899959
1 10 0.0015 0.14996793643524314
11 18 0.002 0.14672037345522526
10 7 0.0021000000000000003 0.14373837324162014
9 3 0.002 0.10240933698353613
16 1 0.0017000000000000001 0.14195121350737774
4 1 0.0015 0.13975831851672382
8 19 0.0017000000000000001 0.10922269302967402
16 6 0.002 0.1442910879516772
14 10 0.0016 0.14751533264063432
8 17 0.0015 0.14112209463641223
17 14 0.0013000000000000002 0.1294280937320183
16 2 0.0012000000000000001 0.14307657894443362
9 5 0.0018000000000000002 0.13242360155896535
2 10 0.0016 0.12824379320735313
