20
12 1 13 4 19 5 14 6 14 7 22 9 18 11 17 12 22 13 12 16 17 18 23 19 13
9 0 17 2 12 3 16 4 16 7 12 10 24 13 14 14 19 19 16
5 8 21 9 18 12 18 14 19 17 14
8 1 18 2 24 4 22 9 23 11 20 12 15 14 21 19 21
15 0 24 1 24 2 23 5 14 6 21 7 18 8 15 9 22 10 15 13 22 15 23 16 19 17 14 18 18 19 23
8 0 19 3 16 9 13 10 19 11 23 12 13 13 18 18 21
6 1 21 3 19 7 15 10 12 13 19 16 18
10 0 15 1 13 3 15 4 12 5 16 9 17 10 24 12 22 14 13 19 12
17 0 18 1 12 2 23 3 19 4 18 6 24 7 14 9 21 11 13 12 12 13 16 14 12 15 12 16 14 17 24 18 13 19 15
10 1 22 2 15 3 18 6 19 7 12 10 16 13 22 16 13 18 21 19 21
6 0 15 2 22 5 19 12 13 15 13 16 20
6 2 22 10 17 12 23 15 24 16 19 18 18
10 0 13 3 14 4 19 5 16 10 14 11 17 14 12 15 19 18 16 19 22
15 1 24 2 16 3 13 4 15 5 12 7 21 8 16 10 22 12 15 14 20 15 19 16 19 17 23 18 22 19 21
9 0 24 1 12 2 16 3 24 4 15 5 23 13 22 15 21 17 13
9 1 22 2 16 3 24 5 19 7 13 10 24 13 13 16 24 18 14
2 0 12 6 17
2 8 24 19 16
15 0 12 1 19 2 12 3 19 6 15 7 12 9 24 10 23 12 18 13 18 14 18 15 14 16 14 17 13 19 14
18 0 20 1 19 2 14 3 21 4 13 5 22 6 17 7 12 8 14 9 20 11 18 12 15 13 12 14 14 15 22 16 22 17 14 18 22
11
8 1 0.0019
7 13 0.0019
7 4 0.002
0 15 0.0013000000000000002
14 5 0.0012000000000000001
1 10 0.0021000000000000003
11 3 0.0014
16 5 0.0024000000000000002
14 8 0.0019
8 6 0.0024000000000000002
10 16 0.0021000000000000003
22
11 1 0.0023 0.10661712608838322
19 14 0.0014 0.1356740864490338
10 1 0.0016 0.109073520671528
18 7 0.0022 0.10467098080633472
5 18 0.0013000000000000002 0.14135706694740208
0 1 0.0013000000000000002 0.1263197080513493
12 14 0.0022 0.12191728990619276
9 6 0.0015 0.1499075237217211
19 15 0.0021000000000000003 0.1487216524576006
13 4 0.0019 0.10009327946847903
15 14 0.0022 0.11733444039291635
3 15 0.0023 0.10005846196196645
4 16 0.002 0.13050144234013455
9 14 0.0023 0.10450074696053303
3 13 0.0018000000000000002 0.13165172228832173
2 13 0.0021000000000000003 0.12177814986004687
16 2 0.0019 0.11964261946720073
9 3 0.0015 0.10006413087429061
9 11 0.0021000000000000003 0.10985821795500075
11 14 0.0013000000000000002 0.10008410291365548
17 19 0.0022 0.13642246732885005
0 8 0.0023 0.12265223098856508
