20
16 1 19 3 12 5 16 7 20 8 13 9 17 10 14 11 21 12 21 13 12 14 16 15 21 16 15 17 19 18 12 19 15
5 0 20 4 13 7 14 9 19 17 15
18 0 22 1 22 3 16 4 15 5 21 6 12 8 16 9 16 10 24 11 14 12 20 13 22 14 14 15 18 16 23 17 18 18 17 19 22
16 1 21 2 23 4 19 5 15 7 16 8 16 9 22 10 23 11 19 12 17 13 12 14 22 15 19 16 19 17 12 19 15
18 0 15 1 20 2 23 3 13 6 24 7 13 8 16 9 22 10 12 11 16 12 14 13 14 14 22 15 19 16 19 17 15 18 22 19 23
11 1 19 3 16 6 23 8 12 9 23 10 14 11 14 12 20 14 13 16 23 19 13
16 0 20 1 16 2 15 3 15 7 20 8 20 9 20 10 21 11 23 12 13 13 20 14 21 15 14 17 14 18 16 19 16
11 0 21 1 13 3 13 4 15 6 21 9 18 10 12 11 21 13 24 17 13 19 24
17 0 17 1 21 2 21 3 14 4 15 5 14 6 22 7 15 9 19 10 13 12 13 13 23 15 22 16 18 17 16 18 24 19 21
12 1 18 2 13 3 18 4 19 5 18 8 16 10 21 14 24 15 21 17 13 18 20 19 15
15 0 13 2 17 3 16 4 16 5 19 6 15 7 21 8 19 11 23 13 19 14 14 15 12 16 17 17 12 19 23
9 0 20 1 20 4 18 5 13 9 22 10 23 14 24 15 17 17 17
6 2 17 3 12 9 19 10 24 14 13 19 24
4 9 15 14 22 15 21 17 16
11 0 20 1 15 2 19 3 24 4 18 5 17 8 20 12 18 16 22 17 14 19 12
2 1 13 14 18
10 4 23 6 24 7 16 9 20 10 14 13 19 14 12 15 16 17 22 18 22
10 0 20 1 13 2 24 3 21 10 19 11 13 12 23 13 16 18 19 19 16
17 0 14 3 14 4 21 5 18 6 23 7 18 8 14 9 22 10 23 11 22 12 13 13 12 14 21 15 12 16 12 17 18 19 23
14 0 15 1 22 3 12 6 12 7 13 8 24 9 15 10 20 11 19 12 20 13 14 16 22 17 13 18 20
11
0 2 0.0022
10 19 0.0022
4 1 0.0021000000000000003
2 11 0.0022
12 2 0.002
5 13 0.0022
4 18 0.0018000000000000002
17 16 0.0021000000000000003
11 7 0.0014
9 5 0.0014
5 10 0.002
22
7 3 0.0023 0.10151933270224739
13 9 0.0017000000000000001 0.1449466119954147
1 3 0.0019 0.1147183514956845
1 14 0.0013000000000000002 0.10326810446613795
2 11 0.0015 0.12141518972002992
16 12 0.0015 0.11102817840927102
19 18 0.0024000000000000002 0.12959827065278157
3 0 0.0022 0.11271048986569145
0 16 0.0015 0.10492985883862142
11 8 0.0021000000000000003 0.10175368609929182
2 3 0.0014 0.13478377181626872
3 14 0.0014 0.11684369191535623
12 9 0.0012000000000000001 0.12060762228540212
11 1 0.002 0.14155799161910154
2 10 0.0018000000000000002 0.12767824894513866
9 10 0.0021000000000000003 0.11627030798732008
0 11 0.0014 0.11209696425602524
14 9 0.0012000000000000001 0.11800404937048022
17 10 0.0021000000000000003 0.13594737164075368
0 11 0.0018000000000000002 0.12865014632900504
4 2 0.002 0.14952653299531016
6 5 0.0016 0.14677511059332093
