20
10 2 12 5 18 8 12 12 18 13 16 14 20 15 22 16 18 18 17 19 24
13 0 20 3 20 4 24 7 23 8 22 9 22 10 20 11 22 12 22 14 19 16 19 17 17 19 24
15 0 16 1 20 3 20 5 19 6 20 7 18 8 20 10 18 11 13 12 23 13 12 14 22 15 13 16 20 18 20
7 2 22 4 14 7 17 8 17 12 16 13 15 15 16
5 2 15 9 19 10 14 12 17 19 20
8 0 19 1 23 2 24 6 20 8 18 11 14 15 16 19 17
16 0 14 2 21 3 21 4 21 7 23 8 18 9 12 10 21 11 23 12 16 13 12 14 14 15 13 17 16 18 18 19 18
2 9 12 16 21
7 0 19 5 22 6 12 9 16 14 20 15 15 18 16
4 2 15 5 22 18 23 19 24
6 1 16 8 15 9 23 13 15 14 18 15 19
6 0 13 1 20 6 17 10 21 17 21 19 19
5 0 13 1 16 16 14 17 21 19 24
1 16 12
9 1 21 2 24 3 23 6 16 7 17 9 18 10 24 11 19 19 24
16 2 13 3 13 4 13 5 14 6 14 7 21 8 13 9 13 10 19 11 12 12 18 13 12 16 12 17 22 18 21 19 20
14 0 17 2 15 3 14 4 22 7 14 8 13 9 19 10 12 11 18 12 18 13 20 14 16 18 13 19 17
17 0 21 1 13 2 18 3 12 4 24 5 22 6 23 7 19 9 18 10 13 11 20 12 15 13 15 14 23 16 17 18 14 19 19
6 0 15 1 17 2 13 5 15 7 15 17 21
16 0 14 1 13 3 15 4 15 5 19 6 14 7 13 8 20 9 18 10 15 11 17 12 17 15 21 16 17 17 18 18 24
11
18 17 0.0019
15 9 0.0016
7 17 0.0012000000000000001
0 15 0.0023
9 11 0.0017000000000000001
19 13 0.0015
12 8 0.0012000000000000001
7 10 0.0018000000000000002
9 4 0.0022
18 3 0.002
6 5 0.0024000000000000002
22
4 0 0.0019 0.1401149223325653
19 12 0.0023 0.10466884796002421
13 4 0.0015 0.11961396154304893
9 16 0.0019 0.1480666608636663
15 14 0.0022 0.11789503751189566
8 18 0.0019 0.12357753431785279
0 19 0.0013000000000000002 0.11741078872537557
13 1 0.0023 0.10762781940138041
15 18 0.0018000000000000002 0.14914723681140363
3 9 0.0016 0.1464204506536346
3 8 0.0016 0.11556982049899947
16 13 0.0014 0.10703625164352298
3 6 0.0012000000000000001 0.1435242521693179
0 12 0.0017000000000000001 0.1286943494639261
12 11 0.0013000000000000002 0.1054211094940805
11 13 0.002 0.1246997589096208
13 19 0.0012000000000000001 0.12156005684503235
14 7 0.0023 0.11125263699766787
6 4 0.0024000000000000002 0.14871142966101966
4 16 0.0014 0.1491682565264993
4 1 0.0017000000000000001 0.11149188910640252
5 4 0.0024000000000000002 0.12388956199349624
