20
14 2 21 3 19 4 21 5 15 7 17 9 20 11 14 12 24 13 22 14 17 15 14 16 20 17 15 18 18
15 0 22 2 20 3 20 4 23 5 13 6 13 7 24 8 18 9 20 10 21 12 16 13 13 14 22 16 24 18 18
1 7 18
11 4 15 5 24 6 14 7 18 8 19 9 13 10 15 11 19 14 13 15 12 16 15
10 2 14 7 16 8 19 10 19 11 12 14 19 15 12 16 17 18 18 19 24
17 0 12 1 13 2 22 3 18 4 24 6 16 7 19 9 23 10 22 11 15 12 14 13 17 14 19 15 19 16 12 17 17 19 12
1 16 24
10 0 16 2 24 3 18 8 18 10 18 11 13 13 16 16 24 17 17 18 12
17 0 19 1 22 2 18 3 22 4 19 5 13 6 15 7 21 9 22 10 18 11 14 12 13 14 24 15 20 17 24 18 22 19 13
10 3 17 5 22 7 14 10 22 12 20 14 14 15 16 16 16 18 21 19 18
10 2 22 4 16 6 17 7 14 11 15 13 19 15 22 17 23 18 18 19 14
6 4 13 5 19 9 19 10 14 14 22 19 13
10 1 21 2 24 3 13 4 24 5 19 6 24 7 22 13 17 14 20 16 14
2 4 14 6 24
3 11 14 12 12 19 23
5 3 13 9 23 12 19 13 20 16 15
7 0 21 2 17 10 17 12 13 13 24 14 20 18 17
1 1 13
10 0 23 5 21 6 16 8 20 9 14 10 15 13 21 14 14 15 22 16 24
7 0 16 2 13 4 16 5 13 7 18 14 20 15 23
11
2 7 0.0019
12 16 0.0021000000000000003
2 8 0.0018000000000000002
10 15 0.0022
4 12 0.0016
4 17 0.0024000000000000002
11 4 0.0021000000000000003
10 18 0.0017000000000000001
17 5 0.002
9 5 0.0016
12 8 0.0024000000000000002
22
6 0 0.0012000000000000001 0.12241050576010279
4 8 0.0023 0.1463334745861138
7 17 0.0012000000000000001 0.11170602438436276
16 7 0.0012000000000000001 0.12780118098240573
10 18 0.0017000000000000001 0.12339539543525152
15 8 0.0022 0.10356052158000213
6 14 0.0012000000000000001 0.13296173712821507
6 18 0.002 0.1492328635281548
2 16 0.0017000000000000001 0.14242705189960436
11 7 0.002 0.14328151815781787
14 1 0.0013000000000000002 0.12345023262424981
13 17 0.002 0.13624747851526495
7 0 0.0022 0.1309248832977222
1 9 0.002 0.14079432254029461
9 14 0.0015 0.13284972159591138
17 18 0.0012000000000000001 0.14450274229050816
7 17 0.0022 0.10126674315510883
12 9 0.0023 0.1029423307772803
9 4 0.002 0.10344209616624243
15 6 0.0022 0.1484702674052353
10 1 0.0017000000000000001 0.11752653845659702
13 12 0.0015 0.12340802310430096
