20
6 2 20 3 20 7 13 14 20 16 14 19 16
15 0 22 2 16 3 20 4 23 5 14 7 15 8 14 9 20 10 21 11 21 13 16 14 22 15 18 16 15 18 12
2 12 24 13 16
1 4 13
2 0 21 14 21
17 0 15 1 18 3 13 6 20 7 24 8 16 9 17 10 24 11 15 12 18 13 23 14 22 15 18 16 15 17 17 18 22 19 16
16 1 13 2 22 3 19 5 15 7 16 8 18 9 22 10 16 12 16 13 15 14 20 15 24 16 20 17 22 18 16 19 16
13 1 18 3 22 5 14 6 23 8 15 10 19 12 15 13 19 14 24 16 22 17 19 18 16 19 22
8 4 24 5 18 7 20 9 17 12 20 14 13 16 13 19 14
10 0 15 2 13 3 15 4 23 5 16 11 21 12 20 14 24 16 13 17 13
3 0 13 1 24 6 12
17 0 21 1 17 2 20 3 17 4 17 5 20 6 19 7 24 8 24 9 21 10 15 12 14 13 23 14 20 16 14 18 19 19 18
4 0 15 4 21 5 18 7 17
13 0 22 2 20 3 16 4 12 5 14 6 14 7 17 8 17 9 12 10 12 14 17 16 20 17 19
4 6 22 11 17 17 23 19 14
14 0 16 1 20 2 13 3 16 4 18 6 13 7 17 9 22 12 18 13 20 14 16 16 23 17 13 18 12
13 2 12 3 16 5 18 6 24 7 19 8 21 9 13 13 13 14 15 15 17 17 19 18 16 19 22
13 1 18 2 15 3 16 4 16 6 20 8 24 9 21 10 15 11 20 14 23 15 14 18 23 19 21
5 3 24 5 21 6 17 16 19 19 24
16 1 18 2 24 3 15 4 20 6 18 7 12 8 14 9 16 10 17 11 16 12 16 13 21 14 13 15 20 16 19 18 18
11
8 10 0.0022
1 0 0.0023
7 12 0.0014
16 4 0.0017000000000000001
8 2 0.0024000000000000002
13 15 0.0016
14 2 0.0012000000000000001
0 19 0.0013000000000000002
2 5 0.0013000000000000002
7 16 0.0016
13 5 0.0014
22
6 0 0.0024000000000000002 0.12424565019009849
10 18 0.0012000000000000001 0.11710854496248238
18 4 0.0014 0.12201946414270434
2 1 0.0019 0.11436464740978237
7 2 0.002 0.12185398438829916
7 16 0.0015 0.1059359106981686
10 11 0.0014 0.13462215234346783
5 3 0.0015 0.1094715336389573
2 0 0.0019 0.13590483411333226
9 12 0.0021000000000000003 0.1119986781761629
14 16 0.0022 0.12831943400197227
3 4 0.0021000000000000003 0.13334692686332034
13 7 0.0016 0.12218070325125131
4 11 0.0017000000000000001 0.13507927594650437
9 12 0.002 0.1157426120693615
5 6 0.0012000000000000001 0.14762186360999077
16 1 0.0024000000000000002 0.13130632618213128
10 3 0.0012000000000000001 0.1499454958836322
3 14 0.0015 0.1104263508805056
3 6 0.0023 0.1355757948451054
17 18 0.0018000000000000002 0.11277964649592288
9 11 0.0019 0.10934406630767651
