20
10 1 16 2 14 5 24 6 23 9 13 11 18 13 23 14 15 17 14 18 23
10 0 14 2 21 6 14 9 21 10 20 13 14 14 18 16 23 17 13 19 17
13 1 12 5 22 7 20 8 15 9 19 10 24 11 19 12 19 14 19 15 13 16 14 17 15 19 13
6 2 18 4 12 6 14 8 15 11 14 12 12
16 0 15 1 12 2 17 3 24 5 23 6 13 7 14 8 24 9 12 11 15 13 23 15 22 16 18 17 15 18 17 19 21
6 2 21 6 24 7 20 9 22 11 13 16 15
2 2 19 19 17
4 2 16 8 19 14 16 18 18
15 0 14 1 18 3 21 4 16 6 21 7 13 9 16 10 12 11 13 12 20 14 21 15 22 16 14 17 16 19 22
17 0 13 1 22 2 15 3 18 4 22 5 16 7 17 8 24 10 21 11 13 12 23 13 22 14 24 15 20 16 20 17 13 18 16
17 0 20 1 17 2 16 3 12 4 14 5 14 6 13 7 24 8 12 9 22 11 13 12 19 13 19 14 19 15 22 17 20 18 22
5 6 14 7 17 12 22 14 12 19 16
2 16 21 18 18
6 0 21 4 15 11 18 16 18 17 13 19 16
5 3 22 6 21 8 21 13 14 19 23
5 0 12 1 14 6 12 8 17 17 16
9 3 20 6 12 8 21 9 17 11 14 12 24 13 17 17 20 18 17
12 3 13 4 16 5 14 6 22 7 22 8 20 10 17 11 20 12 17 14 17 15 18 16 15
16 0 19 1 18 2 13 3 24 4 12 5 24 6 22 7 16 9 13 10 18 11 12 12 14 13 13 14 22 17 13 19 19
4 1 15 3 23 8 21 17 14
11
2 0 0.0023
14 13 0.0022
9 3 0.0022
13 7 0.0015
9 3 0.0018000000000000002
5 12 0.0023
15 14 0.0015
8 16 0.0014
14 1 0.0016
2 12 0.0016
19 13 0.0018000000000000002
22
19 4 0.0018000000000000002 0.10817681476032402
1 4 0.0017000000000000001 0.1263275683201501
2 6 0.0013000000000000002 0.12434832190384221
18 15 0.0018000000000000002 0.13725044359962535
0 19 0.0013000000000000002 0.10387205695289926
15 6 0.0015 0.14688617889211703
19 6 0.002 0.12671101079382238
1 0 0.0013000000000000002 0.10921731358375456
13 6 0.002 0.11388514182253355
19 1 0.0023 0.118217277893155
19 3 0.0015 0.10525617407387611
4 19 0.0014 0.10583820184999497
4 8 0.0022 0.14766456260934724
17 14 0.0013000000000000002 0.1091318136271406
8 13 0.0013000000000000002 0.11830238750029205
15 3 0.0017000000000000001 0.12344333468142701
8 16 0.0014 0.12173797766717244
7 5 0.002 0.11587093014321746
17 6 0.0012000000000000001 0.12721148216848058
0 13 0.0024000000000000002 0.13396874239176898
8 4 0.0018000000000000002 0.1047454635957603
4 19 0.0012000000000000001 0.13500833468792267
