20
18 1 17 2 16 3 18 4 16 5 18 6 22 7 23 8 24 9 24 10 23 11 13 12 22 14 13 15 21 16 12 17 24 18 22 19 12
15 0 18 4 24 5 21 7 23 8 18 9 17 10 20 11 22 12 17 13 24 14 15 15 18 16 16 17 24 18 17
13 0 19 3 21 4 23 5 21 6 24 9 15 10 12 11 23 12 13 15 24 16 24 17 14 18 23
18 0 13 1 12 2 12 4 16 5 23 6 21 7 23 8 14 9 12 10 22 11 20 12 24 13 22 14 24 15 19 16 19 17 22 18 20
16 0 22 2 22 3 19 5 23 6 13 7 22 9 15 10 20 12 22 13 18 14 18 15 16 16 21 17 18 18 13 19 22
17 0 15 1 21 4 12 6 16 7 23 8 20 9 16 10 15 11 16 12 13 13 23 14 21 15 21 16 15 17 14 18 14 19 20
8 3 13 4 23 7 23 8 21 9 16 13 23 14 20 17 15
14 1 16 3 16 4 19 5 21 6 22 8 20 9 13 10 18 11 24 13 21 15 20 16 20 17 20 19 23
6 1 22 2 16 7 17 16 19 17 24 19 16
15 1 22 2 12 3 22 5 18 6 24 7 19 8 22 10 16 12 12 13 22 14 20 15 17 17 24 18 19 19 20
12 0 15 1 21 3 24 4 24 7 14 9 12 11 13 13 23 15 14 16 15 17 19 19 18
17 0 12 1 13 3 20 5 16 6 14 7 12 8 24 9 23 10 23 12 24 13 13 14 16 15 24 16 12 17 15 18 21 19 17
3 4 16 6 24 7 14
18 0 22 1 15 2 13 3 14 4 16 5 13 6 23 8 18 9 21 10 21 11 16 12 12 14 15 15 24 16 13 17 17 18 13 19 24
8 0 19 3 18 6 12 7 12 9 14 10 18 12 19 16 15
8 1 16 2 12 6 20 8 19 13 16 14 20 18 13 19 17
16 0 19 1 20 2 13 3 13 4 13 5 20 7 14 8 24 9 17 10 14 12 15 13 23 14 23 17 15 18 16 19 14
5 0 13 2 24 4 19 8 18 15 20
5 0 15 1 22 7 13 9 13 15 13
9 0 24 2 23 4 18 7 12 8 23 9 16 10 22 11 23 17 22
11
13 1 0.0019
14 13 0.0017000000000000001
19 2 0.0012000000000000001
0 4 0.0023
6 0 0.0013000000000000002
0 7 0.0017000000000000001
15 16 0.0017000000000000001
18 9 0.0018000000000000002
10 15 0.0024000000000000002
4 13 0.0012000000000000001
6 15 0.0013000000000000002
22
9 17 0.002 0.11986433642516234
12 13 0.0018000000000000002 0.13071354509670585
13 15 0.0018000000000000002 0.14504509902270254
3 8 0.0017000000000000001 0.13727782474172065
17 8 0.0017000000000000001 0.14262053613255235
13 0 0.0019 0.14843901576236884
3 19 0.0017000000000000001 0.14433457229768507
14 3 0.0013000000000000002 0.10827374726311552
17 15 0.0022 0.1331689699171098
1 10 0.002 0.10826322249389166
9 13 0.0014 0.11933556084689356
9 19 0.0024000000000000002 0.1159635974588442
8 3 0.0013000000000000002 0.13070665875755957
8 6 0.0017000000000000001 0.10053551571487258
10 11 0.0013000000000000002 0.13368405366098834
2 15 0.0017000000000000001 0.12426246364078299
13 2 0.0017000000000000001 0.1135247774667363
7 5 0.0024000000000000002 0.10509290784385987
3 18 0.002 0.11377377572502585
15 1 0.0023 0.13461542747659086
4 12 0.0024000000000000002 0.11556837816423718
16 10 0.0017000000000000001 0.10138419582531027
