20
13 1 18 2 13 4 18 5 15 6 16 7 12 8 15 10 24 11 21 12 23 13 20 16 17 17 15
17 3 18 4 15 5 17 6 17 7 20 8 13 9 24 10 20 11 22 12 15 13 22 14 13 15 12 16 20 17 12 18 23 19 24
3 0 24 17 18 18 24
3 0 23 4 22 15 24
12 1 21 2 23 5 21 6 24 8 18 10 21 11 23 12 24 13 20 14 17 15 21 19 16
14 0 16 1 17 2 23 3 24 4 15 6 22 8 18 9 24 11 16 12 20 13 14 14 12 15 15 17 15
18 0 22 1 14 2 12 3 24 4 17 7 17 8 18 9 13 10 24 11 22 12 22 13 17 14 18 15 17 16 14 17 15 18 15 19 23
14 0 18 3 15 4 13 8 23 9 22 10 17 12 17 13 22 14 23 15 21 16 22 17 17 18 23 19 16
2 5 21 13 23
4 3 23 13 14 14 16 18 18
8 0 18 3 13 5 17 8 17 9 12 11 21 17 22 19 19
18 0 21 1 16 2 14 3 20 4 24 5 22 6 17 7 18 8 23 9 16 10 20 12 12 14 13 15 13 16 12 17 15 18 21 19 17
5 0 23 5 14 14 21 17 16 19 17
3 7 15 10 18 12 17
7 1 24 2 15 5 21 8 23 11 20 12 13 18 19
6 4 19 7 18 11 15 16 15 17 19 19 13
10 0 19 1 13 5 21 7 19 8 18 9 15 11 21 15 17 18 21 19 13
1 7 14
3 9 22 10 23 14 12
6 5 15 10 12 12 13 13 21 15 20 16 18
11
6 4 0.0015
19 5 0.0015
16 9 0.0016
17 16 0.002
11 6 0.0017000000000000001
13 0 0.0017000000000000001
5 3 0.0018000000000000002
3 18 0.0014
1 5 0.0016
18 19 0.0013000000000000002
13 16 0.0017000000000000001
22
9 6 0.0014 0.1403298559740142
9 15 0.0022 0.13501372339493317
19 4 0.0013000000000000002 0.13447889754176606
17 12 0.0012000000000000001 0.12456950995088602
8 0 0.002 0.1065481531187234
19 7 0.0024000000000000002 0.1191975944680631
19 13 0.0013000000000000002 0.14563995827883008
10 15 0.0013000000000000002 0.1110671580346881
16 1 0.0013000000000000002 0.10268158187031881
9 12 0.0013000000000000002 0.13217356785258852
10 7 0.0021000000000000003 0.10581176260400395
6 2 0.0024000000000000002 0.1160954932495055
8 9 0.0017000000000000001 0.14211722683203798
16 14 0.002 0.13222549895300853
18 19 0.0016 0.1391304861420839
2 11 0.0017000000000000001 0.13429631512030735
12 2 0.0014 0.1282922011524382
12 18 0.0012000000000000001 0.12932011068608965
15 2 0.0015 0.1314221639989584
8 9 0.0016 0.14917317918892858
0 17 0.0019 0.13893402385685708
10 11 0.0016 0.1488464353490333
