20
4 2 17 11 22 13 15 18 13
2 6 16 18 13
10 0 15 1 21 5 13 6 24 8 14 9 22 10 12 15 12 16 17 18 21
13 0 22 1 16 2 20 4 14 5 20 6 20 9 15 11 14 12 18 13 15 14 17 17 22 19 23
11 0 22 1 23 2 19 6 20 7 20 9 18 10 13 12 19 13 12 18 24 19 19
10 1 20 4 19 11 12 12 16 13 13 14 13 15 20 16 12 17 16 19 19
11 0 19 1 13 3 13 5 21 8 12 9 16 13 13 15 12 16 13 17 16 18 16
6 6 18 11 13 12 23 13 19 14 20 19 15
15 2 15 3 19 4 24 5 21 6 20 7 12 10 14 11 24 12 20 13 21 14 24 15 15 16 19 18 15 19 13
4 3 13 6 22 10 21 17 23
2 3 22 11 16
9 0 20 4 22 5 13 8 16 9 24 10 19 13 15 14 20 18 20
9 3 22 5 18 6 15 9 13 10 13 13 14 17 21 18 22 19 13
4 2 24 6 16 10 18 17 19
14 0 24 1 23 2 21 3 17 4 14 6 13 9 13 10 22 11 12 12 13 13 21 15 21 18 15 19 16
5 4 20 9 19 10 19 14 23 18 16
11 0 22 1 19 2 14 5 22 8 22 9 21 10 19 13 23 14 24 15 16 18 19
11 0 15 2 15 4 22 7 24 11 13 12 13 13 22 14 22 15 18 16 23 19 15
10 0 21 1 17 5 13 6 13 7 13 8 23 10 20 11 17 16 18 19 21
14 2 15 4 18 5 12 6 22 7 18 8 23 9 15 11 24 12 24 13 19 14 22 16 22 17 21 18 15
11
1 3 0.0015
9 18 0.002
2 16 0.0017000000000000001
1 12 0.0018000000000000002
1 17 0.0021000000000000003
4 9 0.0013000000000000002
2 19 0.0019
3 1 0.002
19 16 0.0015
7 14 0.0024000000000000002
12 4 0.0017000000000000001
22
16 11 0.0013000000000000002 0.1418922817715457
17 2 0.0012000000000000001 0.1250423501520495
17 1 0.002 0.1337336779303913
0 16 0.0022 0.13768277545749644
3 16 0.0018000000000000002 0.1422183093749539
18 8 0.0017000000000000001 0.1493384902048498
9 17 0.0012000000000000001 0.129674905873627
12 3 0.0019 0.1141620329671926
11 17 0.0018000000000000002 0.11080779695987376
1 16 0.0019 0.1447681484769332
10 5 0.002 0.10262166629445368
10 2 0.0017000000000000001 0.12756103376699476
9 17 0.0012000000000000001 0.1254829509645884
0 14 0.0021000000000000003 0.13755272480624292
17 8 0.0021000000000000003 0.11724718353179894
8 1 0.0021000000000000003 0.10423643549855481
13 8 0.002 0.1390311359283748
6 8 0.0021000000000000003 0.12160408848428735
3 8 0.0021000000000000003 0.149625476765273
5 1 0.0013000000000000002 0.12070778670457054
15 9 0.0014 0.11643950909107229
16 6 0.002 0.10153613432997646
