20
11 1 13 2 16 4 12 7 23 9 14 13 21 15 14 16 15 17 17 18 20 19 17
14 0 13 2 17 3 12 4 22 5 22 6 23 7 20 8 16 9 16 10 19 14 17 15 23 16 19 17 12
2 6 13 11 12
2 5 20 8 22
18 0 23 1 20 2 19 3 24 5 17 6 19 7 19 8 23 9 20 10 23 11 14 12 16 14 17 15 15 16 24 17 20 18 18 19 14
4 7 12 9 21 14 22 15 18
14 0 18 4 15 5 21 7 22 9 21 10 21 12 19 13 24 14 14 15 17 16 20 17 24 18 16 19 19
4 1 19 6 21 11 13 12 16
14 0 24 1 13 2 12 4 22 5 14 6 17 9 23 10 23 11 17 12 23 13 16 15 18 16 14 18 16
4 1 17 2 21 7 24 8 17
7 0 15 2 23 4 24 5 19 15 17 16 23 18 17
9 2 21 3 22 5 16 6 20 7 12 13 16 16 21 18 21 19 14
8 1 23 6 21 11 24 13 12 15 19 16 18 17 14 19 23
11 0 21 1 15 2 14 3 23 5 24 6 19 8 23 9 12 15 14 16 16 18 15
4 1 20 9 24 17 24 18 13
4 9 15 11 13 16 12 18 17
7 4 14 6 24 9 22 13 23 14 24 15 22 17 18
1 12 13
18 0 24 1 17 2 19 3 21 4 14 5 18 6 20 8 24 9 21 10 20 11 12 12 20 13 22 14 20 15 12 16 19 17 15 19 24
17 0 18 1 16 4 18 5 20 6 18 7 23 8 18 9 18 10 12 11 22 12 23 13 17 14 18 15 13 16 24 17 14 18 13
11
14 17 0.0018000000000000002
10 1 0.0017000000000000001
6 2 0.0018000000000000002
9 12 0.0017000000000000001
11 3 0.002
18 6 0.0012000000000000001
8 0 0.0021000000000000003
15 0 0.0022
15 4 0.0019
19 13 0.0015
2 7 0.0016
22
8 1 0.002 0.10109733220341843
7 14 0.0019 0.1202021812655717
8 17 0.0022 0.14572911926847607
0 4 0.0012000000000000001 0.10829267557635054
14 1 0.0022 0.1096425885063374
0 17 0.0022 0.14003783364102973
3 14 0.0015 0.11121461419316
15 9 0.0021000000000000003 0.12462048811527479
4 8 0.0017000000000000001 0.12899603184175748
3 4 0.0015 0.11697481648370832
2 16 0.0017000000000000001 0.14349170515211604
13 16 0.0014 0.1364532609186914
5 1 0.0013000000000000002 0.1306493850474874
13 11 0.0017000000000000001 0.11700756901501516
5 1 0.0015 0.14692567603591805
7 3 0.0014 0.1411823178685159
1 8 0.0018000000000000002 0.12720932795250695
7 2 0.0017000000000000001 0.13198929647808522
6 5 0.002 0.14235287476731856
14 19 0.0012000000000000001 0.10486001303875819
5 13 0.002 0.10671456417794065
4 19 0.0023 0.13276535583149565
