20
2 9 14 13 15
7 2 16 3 14 6 18 9 21 11 15 12 23 19 15
6 5 20 6 15 8 12 11 18 15 17 17 24
1 14 17
9 1 12 2 13 5 23 7 14 9 16 12 21 14 15 17 24 19 22
1 15 16
15 0 18 1 17 4 14 5 18 7 20 8 12 9 14 10 16 11 16 12 14 14 20 15 12 16 20 17 13 19 15
6 1 21 9 17 11 17 12 22 13 16 19 23
7 9 24 10 16 13 22 14 18 15 23 18 17 19 12
14 0 21 1 23 3 13 4 15 5 15 7 14 8 16 11 16 12 21 13 15 15 12 16 17 17 23 18 15
18 0 15 1 16 2 21 4 14 5 19 6 20 7 19 8 24 9 21 11 24 12 14 13 14 14 13 15 24 16 18 17 12 18 22 19 17
8 0 23 4 23 5 18 8 12 9 23 12 16 13 24 19 14
15 1 19 2 20 3 23 4 19 6 18 7 15 8 21 9 18 10 17 11 21 13 14 14 23 16 16 17 18 18 21
3 0 12 2 16 5 14
1 9 14
3 6 14 12 17 18 17
16 0 17 1 14 2 14 3 24 7 18 8 13 9 21 10 16 11 20 12 20 13 15 14 21 15 22 17 16 18 22 19 18
11 1 22 2 13 4 24 5 16 6 16 7 18 10 14 12 19 13 18 14 16 18 16
14 0 16 1 13 3 13 4 16 5 24 7 22 9 24 10 12 11 24 12 23 13 14 14 23 16 19 19 18
2 3 13 15 23
11
10 11 0.0012000000000000001
11 18 0.002
13 16 0.002
1 18 0.0019
19 16 0.0022
9 1 0.0013000000000000002
8 1 0.0014
2 11 0.0013000000000000002
17 19 0.0014
1 0 0.0015
15 3 0.0016
22
18 4 0.0017000000000000001 0.12791121173326886
15 13 0.0019 0.14987802943474304
5 13 0.0018000000000000002 0.11798768199478218
19 8 0.0012000000000000001 0.11210173122721039
16 8 0.0013000000000000002 0.12692541536433538
8 4 0.002 0.10513976798184033
1 11 0.0014 0.1004367630234494
2 17 0.0018000000000000002 0.14166907359972483
2 1 0.0022 0.13898571312580682
17 2 0.0014 0.11194798365541853
2 6 0.0022 0.11823811693850007
5 6 0.0024000000000000002 0.11168987400178738
0 4 0.0012000000000000001 0.11678970784280171
15 9 0.0024000000000000002 0.1312113635016156
11 10 0.002 0.14371532435285117
19 8 0.0022 0.12866816054130856
8 2 0.0021000000000000003 0.10154596771780415
19 10 0.0022 0.1269253769254642
1 3 0.0022 0.12136702395674048
4 12 0.0023 0.14935185805151907
9 17 0.0014 0.1180190430446438
5 17 0.0018000000000000002 0.12722552728049008
