20
1 5 18
7 3 19 10 17 11 21 13 24 14 21 15 21 17 17
13 3 22 4 17 5 14 7 24 8 12 10 16 11 21 12 17 14 14 15 15 16 23 17 21 19 22
16 1 18 2 23 5 14 6 21 7 15 8 16 9 15 10 19 11 17 13 24 14 15 15 20 16 12 17 13 18 12 19 14
4 3 22 12 24 13 23 16 17
2 2 23 6 17
11 0 18 2 22 5 24 11 21 12 20 13 23 14 20 15 24 16 20 18 22 19 19
7 1 16 3 13 4 18 10 19 11 18 12 15 19 18
17 0 22 1 24 2 21 3 14 4 14 5 23 6 22 9 19 10 15 11 23 13 17 14 18 15 19 16 23 17 12 18 19 19 23
10 1 12 3 16 4 18 5 19 7 14 8 17 10 23 11 19 12 12 14 24
3 11 15 12 13 13 19
13 0 24 1 20 2 13 4 13 7 18 10 15 12 15 13 19 14 16 15 18 16 23 17 16 19 19
14 0 23 1 23 3 21 4 19 7 16 9 13 10 17 11 24 13 12 15 12 16 16 17 13 18 15 19 12
15 0 23 1 14 2 18 3 14 4 18 7 17 8 13 10 16 11 15 14 14 15 20 16 24 17 21 18 17 19 12
1 5 24
1 0 23
1 13 16
5 6 22 7 19 8 21 11 15 16 21
13 1 17 3 22 4 19 7 15 8 22 9 20 10 12 11 21 12 21 13 19 16 20 17 16 19 15
13 0 23 1 21 2 20 3 20 4 23 5 16 6 12 7 16 10 24 11 19 14 16 16 18 18 13
11
7 19 0.0022
1 18 0.0012000000000000001
7 5 0.0017000000000000001
7 15 0.0015
9 15 0.0013000000000000002
0 16 0.0014
17 16 0.0018000000000000002
6 18 0.0019
19 17 0.0022
12 2 0.0024000000000000002
18 1 0.0015
22
12 2 0.0022 0.13990519740614218
11 4 0.0023 0.11736405046314227
13 6 0.0019 0.11211161507154763
0 14 0.0012000000000000001 0.142488836491111
1 8 0.0024000000000000002 0.14286986382733313
14 12 0.0023 0.1111291229434296
5 17 0.0013000000000000002 0.12662707989138175
10 3 0.0023 0.10575276925210818
18 2 0.0024000000000000002 0.13252222823413304
6 13 0.0012000000000000001 0.12978045534394222
9 17 0.0015 0.14355493935486469
10 18 0.0013000000000000002 0.12664668978286608
6 1 0.0016 0.12154274609057332
8 6 0.0017000000000000001 0.1335238181314064
16 7 0.0016 0.13142303093223823
12 10 0.0017000000000000001 0.12246376059753056
13 7 0.0021000000000000003 0.12443850357092197
19 16 0.0017000000000000001 0.14453474690482382
8 3 0.0014 0.11383880708158821
5 1 0.0012000000000000001 0.12039447654945291
0 3 0.0016 0.12349536194897508
5 9 0.0023 0.10079906281792642
