20
3 4 15 10 24 12 16
16 0 14 2 14 3 19 4 19 5 12 6 18 7 18 9 15 10 17 11 18 12 19 14 24 15 22 17 20 18 16 19 15
6 1 12 6 17 12 12 13 16 14 13 18 14
11 0 14 2 12 5 19 8 21 10 22 11 17 12 13 14 19 15 19 18 12 19 21
3 5 18 12 18 18 18
16 2 22 3 23 4 15 6 19 7 17 8 13 9 19 10 24 11 17 12 16 13 19 14 21 15 18 16 17 17 21 19 13
12 0 22 1 21 3 12 7 16 8 17 9 14 10 23 12 12 15 17 16 19 17 17 19 13
14 0 12 1 14 3 15 4 18 5 16 6 19 9 15 10 23 12 24 13 20 16 13 17 20 18 16 19 23
18 1 22 2 18 3 22 4 22 5 22 6 24 7 19 9 14 10 12 11 15 12 16 13 13 14 20 15 24 16 17 17 22 18 22 19 21
4 1 19 2 14 7 21 15 12
16 0 20 2 20 4 18 5 21 6 23 7 12 8 19 11 13 12 22 13 18 14 19 15 22 16 15 17 21 18 22 19 13
1 14 14
16 0 20 1 23 2 22 3 24 4 20 5 21 7 15 9 23 10 12 11 21 13 17 15 19 16 18 17 16 18 24 19 21
5 0 23 6 19 8 20 15 13 18 17
3 7 12 13 15 18 12
14 0 24 2 19 3 14 4 17 6 12 7 24 8 12 9 16 10 14 14 12 16 17 17 23 18 12 19 14
8 1 16 2 18 3 14 7 17 11 14 13 16 14 18 15 13
13 1 12 4 24 5 24 6 15 7 24 8 13 9 15 10 18 11 12 13 12 14 23 16 17 19 24
10 0 20 2 19 3 21 5 22 8 19 10 22 13 15 14 20 17 16 19 23
16 0 15 2 18 3 13 4 19 5 15 6 19 7 21 8 14 10 19 12 14 13 19 14 23 15 12 16 24 17 16 18 21
11
15 0 0.0014
4 3 0.0018000000000000002
7 19 0.0023
0 19 0.0022
17 9 0.0014
9 3 0.0014
4 1 0.0012000000000000001
15 1 0.0018000000000000002
0 9 0.0021000000000000003
14 2 0.0022
5 7 0.0021000000000000003
22
17 9 0.0017000000000000001 0.1338666006401306
12 0 0.0016 0.12404709427908271
10 6 0.0021000000000000003 0.14365597930464247
11 13 0.0012000000000000001 0.11629490910410596
7 18 0.0022 0.11535947229999863
18 9 0.0012000000000000001 0.11063846111916353
4 1 0.0014 0.13115964312314574
8 14 0.0019 0.12538506756883994
0 2 0.0015 0.1142465632962345
12 15 0.0021000000000000003 0.12006219149964259
4 18 0.0021000000000000003 0.13443903136126925
10 12 0.0018000000000000002 0.1472667514813341
1 4 0.0013000000000000002 0.1030166658444993
6 11 0.0017000000000000001 0.14277970416599425
16 13 0.0021000000000000003 0.1304733749025887
10 9 0.0019 0.13282917673857922
6 4 0.0018000000000000002 0.1345465036564446
1 9 0.0013000000000000002 0.14260877147810827
4 0 0.0014 0.11609514333493531
2 1 0.0018000000000000002 0.12038691451454768
11 5 0.002 0.1323954284815778
4 3 0.0021000000000000003 0.1433907116220276
