20
12 1 22 2 12 3 22 6 16 7 21 8 21 9 17 10 17 12 14 16 23 17 14 19 15
8 3 22 4 21 6 15 10 15 12 20 14 17 16 18 18 17
5 0 21 1 14 3 18 5 22 11 24
17 0 14 2 16 4 15 5 17 7 14 8 13 9 22 10 18 11 19 12 17 13 22 14 15 15 19 16 12 17 14 18 24 19 23
15 0 22 1 23 2 15 5 17 6 18 7 22 8 16 11 22 12 19 13 21 14 16 15 17 16 18 17 19 19 15
15 0 13 3 20 6 18 7 16 8 23 9 17 10 24 11 16 13 13 14 21 15 15 16 20 17 18 18 13 19 21
17 0 12 1 23 2 24 3 21 4 20 5 14 7 12 9 23 10 23 11 24 12 14 13 20 14 12 16 23 17 12 18 24 19 16
15 1 19 3 14 4 16 5 19 6 22 8 15 9 18 10 19 11 24 13 20 15 17 16 18 17 12 18 12 19 21
3 1 15 14 13 15 20
12 1 21 3 24 5 12 6 21 8 13 10 13 11 13 14 19 15 17 17 17 18 23 19 22
3 0 13 7 18 18 19
13 0 14 2 24 3 13 5 20 6 22 8 13 9 13 13 24 14 13 16 21 17 16 18 15 19 24
14 2 22 4 16 5 20 6 17 7 17 8 24 9 13 10 16 13 14 14 12 15 14 17 13 18 20 19 23
3 15 19 17 24 18 18
16 1 13 2 16 3 23 4 14 5 17 6 22 7 24 8 21 9 18 10 22 11 15 12 15 13 17 15 21 16 13 19 16
16 1 23 2 19 3 19 4 12 5 15 6 23 7 15 9 21 10 12 11 20 12 16 13 23 14 21 17 17 18 22 19 18
13 0 17 2 14 4 15 6 24 8 22 9 22 10 20 11 21 13 19 14 18 15 16 18 18 19 18
4 1 23 4 12 12 18 14 16
2 1 24 2 18
3 5 21 17 17 18 14
11
9 8 0.0016
18 7 0.0014
5 3 0.0021000000000000003
19 0 0.0018000000000000002
8 19 0.0018000000000000002
13 19 0.0021000000000000003
17 8 0.0018000000000000002
3 10 0.0023
11 10 0.0013000000000000002
10 5 0.0013000000000000002
4 13 0.0017000000000000001
22
13 3 0.0015 0.11013076634487481
13 12 0.0014 0.13654405774102044
7 2 0.0017000000000000001 0.12293060309127808
1 6 0.0017000000000000001 0.11202102434051335
9 19 0.0024000000000000002 0.10243090035373514
10 9 0.0023 0.10645149590102154
10 0 0.0018000000000000002 0.111817927249465
10 12 0.0019 0.10385699286240156
5 2 0.0017000000000000001 0.11879927984861433
0 1 0.0022 0.13751569034028516
6 10 0.0024000000000000002 0.1176528826483486
17 16 0.0022 0.14519517665727527
6 16 0.0013000000000000002 0.11687751742464958
5 10 0.0014 0.1350243356236207
7 5 0.0024000000000000002 0.11057057220565507
10 15 0.0016 0.11975736420014423
16 0 0.0016 0.1432549396675661
16 1 0.0014 0.1182381705516279
15 3 0.0014 0.14598878750585606
15 17 0.0012000000000000001 0.14284906967316718
0 17 0.0016 0.13065639639661758
6 12 0.0015 0.10057573732303367
