20
8 3 16 4 22 5 23 9 13 12 13 13 23 16 15 18 23
15 0 17 4 22 5 17 6 13 7 22 8 16 10 24 11 22 12 12 13 23 14 22 15 24 17 23 18 21 19 18
2 4 24 11 13
16 0 13 1 14 2 23 4 19 5 17 6 15 7 15 9 24 10 17 11 21 12 19 13 24 14 16 17 21 18 19 19 16
6 2 23 7 23 8 20 9 12 10 15 17 23
7 0 23 3 22 4 18 9 23 15 22 16 23 17 22
16 0 22 1 14 2 24 3 24 4 16 7 22 8 23 9 17 10 12 12 21 13 12 14 20 15 18 16 18 17 18 19 22
17 1 12 2 16 3 12 4 22 5 17 6 19 8 13 9 20 10 18 11 24 12 15 13 21 14 24 15 21 17 18 18 24 19 12
2 3 17 17 18
7 2 17 6 23 7 21 10 19 14 18 15 24 19 24
3 4 12 7 16 13 22
14 0 21 1 15 2 18 3 23 4 13 6 19 8 24 9 20 10 13 14 17 15 20 16 21 17 19 18 12
7 2 12 9 24 11 17 13 14 14 23 16 18 19 15
7 0 16 3 16 7 23 11 24 14 18 17 13 18 16
8 1 13 6 20 8 12 9 12 15 19 17 16 18 19 19 16
5 4 19 5 15 6 17 7 18 13 13
17 0 16 1 24 3 23 4 18 5 13 6 19 7 22 8 16 9 15 10 23 11 19 12 21 13 17 15 13 17 20 18 22 19 23
12 1 17 2 14 4 14 5 15 7 19 11 24 12 12 13 23 15 17 16 13 18 23 19 12
1 11 18
12 0 24 2 24 5 12 6 22 7 20 9 14 10 21 12 15 13 18 14 15 15 16 17 15
11
14 6 0.0014
7 8 0.0018000000000000002
19 18 0.0013000000000000002
3 2 0.0019
0 1 0.0018000000000000002
9 8 0.0013000000000000002
5 4 0.0021000000000000003
18 11 0.0014
1 14 0.0015
6 15 0.0024000000000000002
17 7 0.0012000000000000001
22
15 12 0.0023 0.11815440212348677
6 16 0.0016 0.10781805182925026
12 15 0.0017000000000000001 0.10199023936521426
7 18 0.0014 0.14820067850799704
6 10 0.0014 0.11637070100575624
2 13 0.0024000000000000002 0.1394240564815737
12 8 0.0016 0.10425228802698597
3 16 0.0012000000000000001 0.11708540889690548
13 17 0.0017000000000000001 0.13672798247843576
4 5 0.0012000000000000001 0.1444095553171123
4 14 0.002 0.13879014613614227
5 1 0.0017000000000000001 0.10777559501557615
2 14 0.0014 0.12487169417039652
12 14 0.0015 0.12957741725864724
13 2 0.0013000000000000002 0.11976861531620173
16 0 0.0019 0.1475277668707468
14 16 0.0019 0.10870934936925526
3 4 0.0018000000000000002 0.13378363782614167
0 7 0.0017000000000000001 0.13477505760569042
6 4 0.0014 0.13983001853945293
1 8 0.0014 0.13938958608900137
11 14 0.0015 0.13547521202862772
