20
17 1 23 2 18 3 15 4 12 7 18 8 15 9 24 10 17 11 22 12 21 13 23 14 17 15 17 16 15 17 18 18 21 19 12
12 0 12 2 21 4 15 6 24 8 12 10 15 11 16 12 19 16 21 17 22 18 17 19 13
17 0 19 1 21 4 12 5 15 6 23 7 13 8 23 9 23 10 20 11 16 12 19 13 13 14 22 15 20 16 21 17 16 18 13
14 0 17 2 12 4 16 5 15 6 15 7 23 8 15 9 23 10 18 12 15 13 16 16 19 17 15 18 15
10 0 18 2 12 3 19 6 12 9 15 12 24 14 15 15 15 16 21 19 15
13 0 15 1 19 2 15 4 14 6 21 7 14 8 15 12 12 13 15 14 17 15 12 16 21 18 21
15 0 20 1 24 2 12 3 21 4 24 5 20 7 20 8 19 9 20 10 24 11 15 12 23 13 18 17 15 19 15
4 1 23 10 13 14 18 16 20
16 0 18 1 15 2 13 3 12 5 21 6 20 9 23 10 17 11 23 12 21 13 14 14 14 15 23 16 16 18 23 19 17
1 10 23
10 0 19 2 24 4 18 6 18 9 17 12 21 13 22 15 22 18 24 19 23
3 9 18 10 19 19 22
14 1 21 3 12 4 12 5 13 6 14 8 14 9 16 10 22 11 18 15 12 16 24 17 16 18 13 19 14
11 0 18 2 18 4 22 8 19 9 24 10 16 12 23 14 18 15 24 16 23 18 17
6 3 22 7 13 13 23 16 19 17 20 18 23
7 4 12 7 17 8 20 9 13 13 13 16 22 18 14
9 0 24 9 12 10 23 12 13 14 21 15 12 17 19 18 15 19 12
2 6 13 11 20
6 0 18 2 13 5 15 9 24 15 12 16 13
16 0 17 1 20 3 19 4 16 5 18 6 22 7 21 8 24 9 19 10 19 11 19 13 20 15 15 16 13 17 24 18 15
11
6 13 0.0014
10 18 0.0012000000000000001
6 0 0.0023
16 3 0.0022
10 15 0.0014
1 16 0.0012000000000000001
0 7 0.0019
2 0 0.0024000000000000002
2 15 0.0017000000000000001
13 17 0.0015
6 14 0.0024000000000000002
22
9 18 0.0021000000000000003 0.12260215855724481
3 8 0.0021000000000000003 0.13545957578141882
2 15 0.0015 0.11986683443189451
3 8 0.002 0.138301600104466
12 17 0.0017000000000000001 0.14216540282200232
12 7 0.0015 0.1009008336328158
9 14 0.0016 0.1235605720193578
6 12 0.0023 0.1273843949570387
6 12 0.0023 0.14018379769882386
4 17 0.0017000000000000001 0.12231877123657879
9 17 0.002 0.12573146827799306
3 19 0.0022 0.1158936467257155
17 7 0.0022 0.1355039757326345
15 14 0.0015 0.14269566420637889
2 15 0.0019 0.11003129666787956
19 8 0.0013000000000000002 0.11848391609574788
1 6 0.0018000000000000002 0.14052196163938796
16 3 0.0022 0.10619333582301996
3 19 0.0016 0.13007702364837276
18 13 0.0012000000000000001 0.1089742378135311
5 15 0.0024000000000000002 0.13087490348060438
19 18 0.0024000000000000002 0.1357884900418767
