1 0 1 16.979 0 17
1 1 2 39.958 9 5 19
1 2 2 40.955 9 5 15
1 3 2 32.976 11 7 13
1 4 3 61.955 19 18 3 23
1 5 2 45.962 21 4 18
1 6 2 39.974 11 16 1
1 7 2 35.958 20 9 6
2 0 2 46 17 0 5
2 1 2 40 1 5 11
2 2 1 22 15 10
2 3 1 15 12 11
2 4 2 32 5 3 14
2 5 3 57 2 22 4 14
2 6 1 21.987 16 1
2 7 2 38 23 3 8
2 8 2 36 6 1 16
2 9 2 33.971 9 5 24
2 10 1 13 0 3
2 11 1 16.985 3 23
2 12 2 33 22 4 8
2 13 1 12 6 1
2 14 2 37.985 13 3 23
2 15 1 23 3 5
2 16 2 35 14 15 9
2 17 2 29.988 11 7 19
2 18 1 15 4 13
2 19 2 36 6 1 16
2 20 1 15 17 9
2 21 1 13 16 13
2 22 2 32 22 4 0
2 23 2 26 7 0 10
