15
2 6 23 11 15
9 0 19 3 15 4 21 7 16 8 14 11 17 12 18 13 18 14 24
4 0 15 10 24 12 21 13 12
12 0 18 1 19 5 17 6 22 7 21 8 17 9 23 10 22 11 21 12 22 13 22 14 20
4 3 18 9 13 10 16 14 24
8 2 14 4 21 6 14 8 24 10 12 11 15 12 13 13 16
13 0 16 1 24 2 24 3 18 4 17 5 17 7 19 8 13 9 19 11 21 12 15 13 18 14 20
11 0 16 1 18 3 23 4 24 6 16 8 16 9 18 10 20 11 14 13 13 14 22
13 0 20 1 13 2 12 3 24 4 17 5 14 6 20 7 22 10 15 11 24 12 23 13 20 14 14
7 0 19 2 22 3 20 4 17 7 20 12 15 13 19
11 0 17 2 17 3 19 4 24 6 21 7 21 8 20 9 16 11 17 12 12 14 18
9 0 19 2 19 5 19 8 14 9 21 10 12 12 20 13 24 14 18
9 0 15 3 15 4 13 5 15 7 16 8 15 9 21 11 21 14 12
9 1 17 2 16 3 19 4 23 6 17 7 18 10 14 11 20 14 15
6 3 18 4 23 7 17 8 21 10 17 12 12
15
3 7 0.0017000000000000001
7 4 0.0019
7 11 0.0017000000000000001
6 9 0.0017000000000000001
11 14 0.0024000000000000002
2 13 0.0016
7 2 0.002
9 4 0.0014
0 8 0.0016
3 6 0.0014
0 9 0.0012000000000000001
6 9 0.0018000000000000002
6 0 0.002
0 11 0.0013000000000000002
11 4 0.0017000000000000001
15
9 2 0.0012000000000000001 0.10143483058989014
5 3 0.0017000000000000001 0.14930040840071362
10 7 0.0023 0.13807669764387262
3 0 0.002 0.13474909209275895
3 7 0.0022 0.14187245968879902
8 12 0.0019 0.10585346141003414
13 11 0.0017000000000000001 0.1014552937953727
12 5 0.0015 0.12341052149524843
10 13 0.0017000000000000001 0.10381325562289823
2 6 0.0015 0.10025972021980997
8 1 0.0019 0.14765982912348052
9 1 0.0019 0.13641302299616345
3 12 0.0017000000000000001 0.14021662084255787
3 12 0.0023 0.10878648953504788
7 10 0.0016 0.10505265137105727
