15
3 5 18 11 24 13 20
1 5 23
9 3 14 4 21 6 23 8 21 9 17 10 24 12 19 13 13 14 13
13 0 17 1 19 2 18 4 14 5 24 6 20 7 20 8 20 9 15 10 22 11 13 12 14 14 13
10 1 18 3 17 5 13 6 20 7 24 9 20 11 15 12 21 13 24 14 23
4 3 16 4 15 7 24 14 15
7 1 20 2 18 4 20 8 16 9 18 13 20 14 22
4 6 19 10 18 13 21 14 15
1 4 21
13 0 17 1 17 2 19 3 19 4 19 6 20 7 12 8 14 10 19 11 20 12 12 13 12 14 19
2 2 17 3 13
2 3 22 7 22
9 0 16 2 20 3 15 5 16 7 16 9 13 11 20 13 18 14 17
2 7 17 10 15
13 0 13 1 14 2 24 3 16 5 24 6 16 7 21 8 17 9 12 10 24 11 22 12 15 13 24
15
3 0 0.002
10 11 0.0024000000000000002
7 4 0.0022
7 6 0.0016
8 2 0.0023
2 11 0.0021000000000000003
7 8 0.0022
1 14 0.0013000000000000002
12 3 0.0019
5 7 0.0021000000000000003
0 2 0.0024000000000000002
1 6 0.0013000000000000002
0 12 0.0017000000000000001
1 2 0.0015
2 9 0.0018000000000000002
15
4 13 0.0012000000000000001 0.13437985609299147
9 1 0.0023 0.11192868189510237
12 13 0.0022 0.11710240884749161
4 11 0.0018000000000000002 0.1317833488321835
8 10 0.0021000000000000003 0.14964349585288844
10 9 0.0021000000000000003 0.14342107315418223
4 8 0.0023 0.11387581512028047
9 10 0.002 0.11756991829991148
14 10 0.0019 0.1226665493668963
6 8 0.0023 0.1395581676805912
13 2 0.0019 0.13664986668762868
1 11 0.0017000000000000001 0.13596704751840055
5 6 0.0014 0.1420125341658824
8 1 0.0017000000000000001 0.10880262275823284
9 12 0.0013000000000000002 0.12647347167956188
