15
4 1 12 4 23 6 21 11 16
4 3 22 5 13 6 22 13 21
1 14 18
1 14 15
10 0 18 2 22 3 17 5 21 6 21 8 20 9 20 11 22 12 21 14 18
8 1 18 2 21 4 12 6 14 8 15 11 23 13 22 14 18
9 0 21 1 16 2 14 3 24 4 18 5 15 8 15 11 24 13 24
10 0 21 1 22 2 19 5 17 6 18 8 21 9 14 10 17 13 14 14 22
12 0 18 1 17 2 19 3 13 4 18 5 21 6 15 10 16 11 19 12 24 13 13 14 21
7 1 13 3 20 4 20 7 19 8 14 11 24 13 22
9 0 16 1 15 2 22 3 24 6 15 9 19 11 16 12 19 13 22
12 0 22 1 14 2 13 3 14 4 22 5 19 7 13 8 19 9 19 10 12 13 23 14 19
11 1 12 2 22 3 16 4 12 5 22 7 21 8 14 9 17 10 20 11 14 13 16
10 1 22 3 22 5 22 6 13 7 15 8 21 9 23 11 16 12 14 14 16
5 0 17 4 16 5 16 7 12 12 18
15
0 2 0.0012000000000000001
6 12 0.0023
11 0 0.0018000000000000002
8 4 0.002
11 5 0.0022
5 11 0.0015
6 10 0.0019
11 8 0.0022
14 3 0.0015
2 10 0.0016
0 6 0.002
4 11 0.0012000000000000001
11 4 0.0014
0 5 0.0014
4 12 0.0018000000000000002
15
4 2 0.0012000000000000001 0.12051645832710337
3 13 0.0021000000000000003 0.14891170578820634
3 0 0.0012000000000000001 0.11057091726938113
11 13 0.0017000000000000001 0.11108523993996164
0 7 0.0015 0.11110150241298711
8 14 0.0016 0.1306038679491786
6 0 0.0017000000000000001 0.13567263861997814
2 4 0.0017000000000000001 0.11761125799020768
5 4 0.0016 0.11291258345105433
8 10 0.0019 0.10104859827394996
4 3 0.0013000000000000002 0.13935270881856407
4 7 0.0017000000000000001 0.14858114155078356
3 1 0.0015 0.10938080778209638
9 6 0.0024000000000000002 0.11040993401219512
2 10 0.0016 0.14531015601796105
