15
5 2 21 3 24 7 23 8 15 14 21
11 0 23 3 17 4 20 5 23 6 20 7 13 8 24 9 14 10 19 12 15 14 22
8 1 13 4 16 5 22 7 16 9 23 10 17 12 12 13 13
9 0 15 2 24 5 24 6 21 7 23 10 19 12 15 13 21 14 12
3 6 16 10 23 11 20
9 0 12 1 13 2 21 3 16 6 23 8 12 10 12 13 14 14 18
12 0 17 1 20 2 18 3 19 4 13 5 19 7 12 8 22 9 14 10 14 11 15 13 24
13 0 20 1 13 2 23 3 20 4 21 5 22 6 14 8 15 10 18 11 19 12 14 13 23 14 18
7 1 16 3 24 4 15 5 17 7 16 9 20 13 13
1 6 18
12 0 19 1 23 2 14 3 15 4 22 6 20 7 15 8 22 9 20 11 14 12 18 13 13
1 1 20
5 4 19 5 21 7 16 9 22 14 19
9 3 12 4 15 6 12 7 18 8 13 9 22 10 19 12 24 14 21
9 0 17 3 17 4 19 5 19 6 15 7 14 8 12 9 19 10 17
15
6 5 0.0024000000000000002
3 12 0.0014
7 8 0.0016
8 6 0.0018000000000000002
0 9 0.0022
9 13 0.0013000000000000002
5 2 0.0012000000000000001
7 1 0.0016
14 6 0.0012000000000000001
0 2 0.0016
10 13 0.0013000000000000002
7 3 0.0022
0 5 0.0014
11 0 0.002
8 5 0.002
15
3 10 0.0013000000000000002 0.1325955607415723
14 10 0.0022 0.11321276646283497
3 2 0.0019 0.12523430022874188
11 3 0.0014 0.14810864595106704
11 13 0.002 0.1371941957925652
11 4 0.0013000000000000002 0.10354421981092174
8 1 0.0012000000000000001 0.13239588799180502
4 7 0.0019 0.11076032764531181
4 2 0.0015 0.12014452733586944
9 7 0.0012000000000000001 0.11273805097282967
0 10 0.0021000000000000003 0.14555050531807648
9 0 0.0018000000000000002 0.10042022133615508
4 6 0.0017000000000000001 0.11111037506420629
10 2 0.0012000000000000001 0.1166374292985744
5 4 0.0017000000000000001 0.14737010283999802
