15
9 3 14 5 14 6 19 7 16 9 18 10 13 11 13 12 20 13 12
10 0 21 2 13 3 23 4 16 5 17 6 13 8 12 9 14 11 12 12 18
13 0 12 1 21 3 14 4 13 5 18 6 15 7 22 8 23 10 21 11 18 12 23 13 17 14 22
4 2 24 4 18 11 18 13 24
3 2 24 3 22 13 18
3 9 23 10 21 13 24
1 11 14
12 0 21 2 19 3 23 5 15 6 17 8 19 9 21 10 13 11 12 12 21 13 21 14 23
4 0 23 1 23 2 12 4 17
9 1 14 3 15 4 24 5 21 7 23 8 21 10 23 11 16 12 14
5 0 24 6 15 7 14 12 18 13 17
12 0 13 1 24 2 20 3 14 5 18 6 20 7 23 8 19 9 17 10 12 13 19 14 22
5 2 15 6 20 7 21 11 16 14 24
13 0 14 1 18 2 15 3 24 4 14 5 23 6 21 7 24 8 23 9 12 10 23 11 18 12 23
2 1 13 4 23
15
10 2 0.002
9 13 0.0012000000000000001
0 7 0.0019
7 0 0.0017000000000000001
14 4 0.0019
9 1 0.0015
7 8 0.0018000000000000002
7 2 0.0012000000000000001
5 10 0.0013000000000000002
10 4 0.0024000000000000002
14 2 0.0014
0 1 0.0017000000000000001
10 2 0.0022
2 4 0.0015
4 10 0.0013000000000000002
15
7 5 0.0012000000000000001 0.12843980134794533
14 6 0.0023 0.11638623130550935
3 10 0.0023 0.10725920495010696
7 4 0.0022 0.14931158857723142
10 9 0.0015 0.10821411817384112
11 3 0.0012000000000000001 0.14819567774007206
3 12 0.0019 0.1347949129791977
14 5 0.0012000000000000001 0.14795885606514791
12 10 0.0013000000000000002 0.14050156385261975
9 2 0.0021000000000000003 0.13814470620207414
1 2 0.0015 0.13425243193917902
11 5 0.0023 0.12935347882831597
14 10 0.0019 0.10710548418656726
4 9 0.0013000000000000002 0.12431740010555296
11 4 0.0023 0.13733563922720063
