15
12 1 14 2 23 3 19 4 13 5 17 6 13 7 18 8 17 10 12 12 16 13 12 14 20
6 2 13 3 24 4 23 10 23 11 17 14 17
3 1 23 7 21 13 17
4 0 15 1 24 7 15 13 23
6 3 13 5 17 7 14 10 12 11 12 14 24
9 1 20 2 21 3 14 4 19 7 13 10 21 11 23 12 13 13 12
1 0 21
4 3 21 11 15 12 18 14 22
11 0 14 2 18 3 20 4 14 5 23 7 12 9 23 10 24 11 13 13 17 14 22
9 0 15 1 14 3 21 4 16 5 17 7 23 8 15 11 24 14 24
7 1 24 2 22 4 24 5 18 6 15 9 19 14 18
13 0 15 1 12 3 17 4 19 5 13 6 21 7 12 8 13 9 20 10 22 12 24 13 16 14 18
11 0 23 2 12 3 14 4 19 6 15 7 23 9 18 10 18 11 20 13 18 14 16
6 0 19 1 12 8 16 10 22 11 13 14 12
8 3 13 4 18 5 18 8 24 9 23 10 24 11 23 13 20
15
13 1 0.0015
0 4 0.0019
4 8 0.002
14 9 0.0016
0 5 0.0022
7 9 0.0016
12 14 0.0012000000000000001
6 1 0.0017000000000000001
6 5 0.0024000000000000002
10 7 0.0017000000000000001
0 5 0.0023
4 7 0.0016
10 3 0.0013000000000000002
2 12 0.0016
11 4 0.0022
15
14 5 0.0018000000000000002 0.11566624583069769
9 2 0.0023 0.1114987689048284
12 3 0.0016 0.12284720206829586
13 5 0.0023 0.10390463617083148
7 1 0.0014 0.12497514898126448
12 2 0.002 0.10703731366972527
4 13 0.0018000000000000002 0.1252163540203443
6 9 0.0012000000000000001 0.11710117468550374
4 5 0.0012000000000000001 0.11054813088188986
13 14 0.0014 0.13866246303497398
6 13 0.0018000000000000002 0.13243413923587377
0 6 0.002 0.13241277715355673
4 13 0.0013000000000000002 0.10587458740079692
12 14 0.0019 0.1418741980517357
1 9 0.0017000000000000001 0.11372531278200022
