15
8 2 23 4 13 5 13 7 15 8 23 9 14 10 16 12 17
10 0 15 3 21 4 24 5 21 7 15 9 21 10 17 12 24 13 21 14 13
8 1 20 5 24 6 19 8 13 9 18 10 19 11 24 13 14
8 0 17 5 24 6 20 7 21 9 21 11 15 12 24 14 18
6 3 18 6 15 8 14 9 22 10 13 11 20
9 0 16 2 19 3 16 4 23 9 20 10 20 12 13 13 22 14 18
7 2 18 3 13 4 24 5 16 9 24 12 15 14 24
12 0 22 1 13 2 15 3 13 4 17 5 24 6 13 8 12 9 23 10 17 13 13 14 13
4 0 17 5 19 13 17 14 19
13 1 15 2 16 3 14 4 17 5 23 6 17 7 24 8 16 10 12 11 17 12 21 13 15 14 14
4 2 16 5 23 9 24 14 24
2 3 18 5 14
4 6 22 7 13 11 12 14 17
6 2 19 5 21 6 19 9 16 10 14 14 20
11 0 17 2 16 3 13 4 24 5 12 6 12 7 14 9 22 10 12 11 18 12 19
15
5 2 0.0017000000000000001
2 5 0.002
6 2 0.0024000000000000002
1 9 0.0021000000000000003
8 10 0.0018000000000000002
14 11 0.0023
4 9 0.0017000000000000001
14 1 0.0017000000000000001
3 6 0.0017000000000000001
4 3 0.002
1 5 0.0018000000000000002
4 13 0.0013000000000000002
5 9 0.0024000000000000002
9 1 0.0024000000000000002
13 7 0.0015
15
13 12 0.0014 0.12939944009118495
8 12 0.0019 0.14455054641484433
7 8 0.0015 0.11218777654562305
8 11 0.0017000000000000001 0.13883206249277458
11 2 0.0021000000000000003 0.14480401634162415
12 14 0.0014 0.1425365658769177
2 6 0.0018000000000000002 0.11941044150865296
2 8 0.002 0.1007133511669224
8 13 0.0023 0.12724586417329506
11 2 0.002 0.11737606496083397
2 1 0.0024000000000000002 0.1156989349351494
1 5 0.0018000000000000002 0.1430236267299777
13 0 0.002 0.112606795350054
6 10 0.0019 0.13736742378738098
6 1 0.0018000000000000002 0.13220982324280242
