15
8 2 15 3 22 8 21 9 20 10 17 11 20 12 13 14 15
10 0 19 2 23 5 19 7 24 9 18 10 16 11 23 12 21 13 16 14 19
9 0 16 1 15 3 16 4 24 5 22 10 17 11 12 12 12 14 21
7 4 12 5 12 7 13 8 24 9 21 10 13 14 23
11 0 16 1 22 2 23 5 17 6 18 8 23 9 15 10 15 11 14 13 23 14 21
13 0 18 1 13 2 22 3 14 4 17 7 22 8 13 9 21 10 17 11 12 12 18 13 20 14 24
13 0 17 1 24 2 15 4 19 5 14 7 19 8 23 9 17 10 14 11 21 12 23 13 20 14 21
7 0 21 1 20 3 17 6 13 9 19 10 20 12 21
2 6 21 14 16
6 1 15 2 13 3 17 12 20 13 12 14 21
6 0 19 5 16 6 22 11 12 13 18 14 15
4 4 13 6 20 7 23 8 17
12 0 21 1 18 2 18 5 23 6 14 7 19 8 16 9 12 10 23 11 14 13 20 14 20
8 1 20 2 16 3 16 5 24 7 13 8 15 9 15 11 18
1 0 19
15
5 4 0.0015
5 12 0.002
14 9 0.002
8 14 0.0018000000000000002
12 14 0.0022
7 6 0.0018000000000000002
9 8 0.0023
11 0 0.0018000000000000002
13 1 0.0015
7 0 0.0015
2 0 0.0018000000000000002
14 6 0.0016
13 14 0.0023
8 9 0.0013000000000000002
5 0 0.0022
15
3 1 0.0016 0.12359706418945829
1 10 0.0013000000000000002 0.1436999764725602
10 0 0.0018000000000000002 0.10851839581926576
0 1 0.0022 0.10834650754688639
10 2 0.0015 0.12835863303553954
0 2 0.0021000000000000003 0.11313688446889393
6 7 0.0013000000000000002 0.10308753181690195
12 11 0.0017000000000000001 0.11708576289406333
12 0 0.0015 0.14737327595903033
12 13 0.0015 0.14594468081937295
7 14 0.0024000000000000002 0.10262312515544342
6 13 0.002 0.144396321567217
2 13 0.0016 0.11474225615528293
3 7 0.0024000000000000002 0.1361994923438959
9 5 0.0016 0.1275395569065506
