15
1 13 16
12 0 23 2 18 4 23 5 16 6 13 7 18 9 14 10 18 11 18 12 16 13 19 14 19
8 0 22 3 16 4 23 5 15 6 15 7 24 9 22 11 12
3 0 20 2 21 5 22
8 1 16 5 15 7 15 8 16 10 12 11 24 12 13 14 18
4 2 22 9 23 10 14 14 16
2 9 15 11 23
10 0 21 1 18 3 18 6 17 8 17 9 18 11 14 12 21 13 13 14 12
9 0 15 2 24 4 20 7 24 9 16 11 19 12 20 13 17 14 24
7 0 17 1 21 2 21 4 22 5 22 7 14 13 24
7 0 16 1 21 2 13 5 21 6 17 9 17 14 17
10 0 16 1 15 2 16 3 24 5 14 7 13 8 23 12 20 13 15 14 23
8 0 17 6 19 7 19 8 23 9 20 10 13 11 15 13 17
7 1 18 5 15 6 16 8 17 9 17 11 19 14 12
1 9 16
15
5 11 0.002
6 14 0.0018000000000000002
12 3 0.002
1 5 0.0018000000000000002
7 12 0.0013000000000000002
7 10 0.0013000000000000002
8 7 0.0015
13 4 0.0015
8 5 0.0018000000000000002
3 7 0.0018000000000000002
12 7 0.0018000000000000002
12 13 0.0012000000000000001
5 6 0.0024000000000000002
8 2 0.0013000000000000002
12 2 0.0017000000000000001
15
14 12 0.0016 0.14463670667589115
11 7 0.002 0.13448560593844533
14 10 0.0022 0.10744532361771811
9 6 0.0024000000000000002 0.1268207627166827
12 5 0.0024000000000000002 0.10835865518870416
4 1 0.0014 0.14479174272919326
0 11 0.0016 0.12796535629100744
11 13 0.0019 0.10057468288465084
6 8 0.0023 0.12999886976398595
9 14 0.0014 0.13956129732920836
2 12 0.0023 0.1319761491169713
7 11 0.0016 0.1424884210023805
12 4 0.0022 0.1307895425923007
6 5 0.0015 0.10843163357008466
11 12 0.0018000000000000002 0.11998441740192754
