15
7 1 16 4 12 5 15 6 18 8 15 9 17 11 20
7 2 16 4 15 5 12 7 12 9 13 10 19 13 13
8 1 13 5 13 7 17 9 13 10 13 11 23 13 19 14 17
9 1 19 2 23 4 18 6 22 7 12 11 22 12 14 13 16 14 20
6 0 14 5 12 7 16 8 16 12 22 13 15
2 9 13 11 23
9 0 20 1 24 4 19 5 20 8 18 9 13 11 24 12 16 14 23
9 1 15 2 14 4 19 5 13 6 15 8 20 10 15 12 21 13 22
1 11 18
6 0 15 3 13 6 16 8 12 11 13 12 12
5 0 13 1 20 2 13 7 24 12 24
2 6 23 13 15
5 5 22 6 12 7 14 8 21 10 17
4 0 20 1 19 3 16 12 19
7 0 19 1 20 3 18 5 22 6 17 9 23 11 22
15
4 5 0.0014
2 14 0.002
10 4 0.002
1 4 0.0013000000000000002
2 1 0.0016
3 12 0.0021000000000000003
5 7 0.0017000000000000001
6 0 0.0017000000000000001
2 8 0.0023
13 9 0.0015
10 12 0.002
11 9 0.0016
3 10 0.0015
0 10 0.0016
11 2 0.002
15
6 3 0.0021000000000000003 0.1365941840440897
7 3 0.002 0.11567393766626728
0 14 0.0012000000000000001 0.10891100307770578
10 3 0.0015 0.1139940544398849
9 14 0.0016 0.14621804755244217
1 11 0.0014 0.13397573970646792
4 14 0.0021000000000000003 0.14447096617190672
0 2 0.0015 0.14036817590658032
9 13 0.0023 0.1035941201584224
14 1 0.0016 0.12486241828557626
7 1 0.0014 0.10439544952150481
10 5 0.0018000000000000002 0.11409200114686727
1 12 0.0021000000000000003 0.12163129850716818
10 2 0.0019 0.14250558502630717
14 6 0.0021000000000000003 0.14655022606127957
