15
8 3 19 4 23 7 22 8 18 9 15 12 14 13 20 14 24
9 0 21 3 21 4 21 5 23 6 13 9 12 10 20 13 12 14 13
11 0 23 3 14 4 21 5 18 6 19 7 21 8 15 9 24 11 23 12 14 13 20
5 1 21 8 24 10 20 13 15 14 24
11 0 22 1 14 2 13 3 18 5 21 8 21 10 24 11 15 12 16 13 18 14 20
7 0 21 2 14 7 23 10 13 11 12 12 17 14 14
8 0 21 1 15 3 18 4 16 7 13 9 18 13 20 14 12
4 1 22 6 19 12 17 13 20
7 2 24 3 22 5 15 7 18 9 20 11 15 12 17
8 0 23 2 23 4 16 5 19 10 19 12 14 13 16 14 20
8 0 17 3 22 4 21 8 16 9 24 11 19 12 20 14 16
6 0 17 1 18 2 24 5 16 6 17 13 14
12 0 21 1 13 3 13 4 16 5 22 6 21 7 23 8 16 9 17 11 13 13 17 14 24
3 0 21 9 18 14 12
9 0 21 2 12 3 16 4 20 6 20 9 14 10 24 11 17 12 18
15
9 12 0.0021000000000000003
7 12 0.0015
7 2 0.0014
9 12 0.0012000000000000001
2 6 0.0018000000000000002
2 9 0.0015
3 5 0.0021000000000000003
3 8 0.0023
0 6 0.0016
8 4 0.0023
12 13 0.0024000000000000002
14 6 0.0019
2 6 0.0017000000000000001
11 14 0.0024000000000000002
2 0 0.0021000000000000003
15
0 11 0.0014 0.1356978126483456
13 11 0.0024000000000000002 0.14511998857384928
3 6 0.0024000000000000002 0.10852060327865866
5 9 0.0017000000000000001 0.13073574625684653
9 5 0.0017000000000000001 0.11733685271774878
12 1 0.0018000000000000002 0.13051070957077673
10 8 0.002 0.12481792035198375
8 13 0.0023 0.13459451528348873
9 7 0.0012000000000000001 0.13872238114594382
7 10 0.0024000000000000002 0.10798277671453993
12 2 0.0016 0.11564689833676167
3 6 0.0023 0.11196141486250458
4 11 0.0022 0.12751358236113927
7 13 0.0024000000000000002 0.1358809095681343
14 4 0.0018000000000000002 0.14054280324925644
