15
1 8 20
2 3 22 10 22
8 1 17 4 20 5 22 8 19 9 24 10 16 12 12 14 21
1 11 17
9 0 20 1 22 2 22 7 16 9 19 10 16 12 24 13 15 14 13
11 0 16 1 22 2 13 3 15 6 21 8 20 9 17 11 17 12 21 13 16 14 16
6 0 20 1 20 8 23 9 20 11 19 12 13
3 0 16 8 14 10 24
5 1 23 3 23 4 22 11 16 13 24
7 0 24 1 17 3 16 4 17 7 22 8 15 11 24
12 0 12 1 17 2 20 3 20 5 24 7 19 8 12 9 14 11 16 12 23 13 17 14 18
4 4 20 6 14 8 20 10 22
12 0 22 1 13 2 17 3 13 5 21 6 21 8 13 9 16 10 14 11 22 13 23 14 19
10 0 12 1 21 2 12 4 23 5 15 6 17 7 17 9 23 10 15 14 24
10 1 23 2 18 3 16 5 15 6 12 7 24 9 12 10 19 12 16 13 18
15
13 12 0.0021000000000000003
6 11 0.0023
14 8 0.0022
13 6 0.0017000000000000001
1 7 0.0013000000000000002
6 5 0.0016
6 11 0.0012000000000000001
14 0 0.0022
9 14 0.0023
11 9 0.0022
3 1 0.0013000000000000002
11 4 0.0012000000000000001
7 9 0.0012000000000000001
8 1 0.0012000000000000001
1 9 0.0022
15
1 9 0.0022 0.11913017959682673
8 7 0.0023 0.10415201925444559
0 4 0.0014 0.11160263985751748
7 13 0.0013000000000000002 0.14913798554939062
4 2 0.002 0.11343021711374891
2 7 0.0018000000000000002 0.10967937557707615
11 12 0.0021000000000000003 0.14545800619336166
13 8 0.0019 0.12686725545306085
0 8 0.0022 0.14254052074125975
0 5 0.002 0.14460550137505418
11 13 0.0023 0.10753170196868245
1 2 0.0017000000000000001 0.10848293303957299
1 11 0.0017000000000000001 0.13789683850967557
0 9 0.0015 0.11002468704117449
12 4 0.0015 0.14198031005304063
