15
10 1 17 3 24 4 24 5 16 6 19 7 20 9 12 11 12 12 12 13 18
10 0 22 4 14 5 14 6 15 8 13 10 18 11 24 12 21 13 24 14 21
11 0 18 1 22 3 20 4 19 5 17 7 23 9 16 11 23 12 16 13 18 14 15
6 0 17 1 13 4 24 7 20 11 12 13 22
9 0 15 1 21 2 20 3 20 5 20 6 17 10 12 11 12 14 24
10 0 24 1 15 2 17 3 24 4 15 6 21 8 20 9 18 10 13 14 16
4 0 14 5 18 10 17 12 18
11 2 24 3 13 4 13 5 20 6 13 8 24 9 23 10 14 11 22 13 20 14 14
13 0 14 1 22 2 20 3 12 4 16 5 21 6 17 7 15 9 20 11 17 12 12 13 13 14 16
13 0 17 1 22 2 22 3 20 4 23 5 24 6 21 7 16 8 18 10 14 11 21 12 12 13 14
12 0 19 1 18 2 13 3 18 5 18 6 12 7 17 9 16 11 15 12 21 13 18 14 13
1 13 21
8 0 15 5 22 6 15 7 23 8 14 9 22 10 21 13 24
6 1 17 6 21 7 17 9 20 12 18 14 23
5 2 13 4 19 9 21 12 16 13 16
15
10 1 0.0021000000000000003
9 3 0.0021000000000000003
4 10 0.0023
8 4 0.0018000000000000002
4 5 0.0024000000000000002
0 3 0.0019
0 6 0.0012000000000000001
5 11 0.0013000000000000002
9 10 0.0018000000000000002
3 1 0.0022
12 3 0.0012000000000000001
10 4 0.0024000000000000002
10 8 0.0024000000000000002
3 5 0.0012000000000000001
13 9 0.002
15
1 7 0.0017000000000000001 0.11788320116603941
9 10 0.0024000000000000002 0.14097099090011578
14 8 0.0024000000000000002 0.11025130319031842
3 8 0.0018000000000000002 0.14956263627878352
10 8 0.0021000000000000003 0.1311085131559732
14 7 0.0018000000000000002 0.14597215760461793
1 12 0.0018000000000000002 0.12103632308378941
7 3 0.0022 0.14955370443187557
9 14 0.0014 0.12485130246399324
11 3 0.0022 0.11415895005299598
11 8 0.0021000000000000003 0.12729101511779078
11 14 0.0018000000000000002 0.10914513686102345
14 2 0.0013000000000000002 0.1377857276407518
3 2 0.0014 0.13422956898496524
2 3 0.0019 0.14031222393517567
