15
1 9 23
11 0 18 2 18 3 20 4 24 6 19 7 19 8 14 9 15 11 16 13 13 14 18
3 4 19 7 21 11 19
13 0 21 1 22 2 15 4 24 5 20 6 20 7 12 9 22 10 20 11 14 12 14 13 15 14 16
7 1 12 2 16 3 23 5 17 8 12 9 13 12 13
5 0 17 2 20 4 19 6 19 13 14
10 2 13 3 24 4 22 5 22 7 20 9 12 10 16 11 18 13 15 14 13
6 0 18 4 14 6 16 11 12 12 12 14 14
13 0 15 1 19 2 14 3 22 4 13 5 18 6 23 7 24 9 14 10 16 11 12 12 19 13 14
6 3 17 4 19 5 22 7 13 8 15 11 20
11 0 20 1 19 2 23 3 21 4 16 5 15 7 23 9 20 11 14 12 22 14 22
5 0 14 2 13 8 13 9 12 14 17
3 0 18 6 15 13 20
13 0 17 1 14 2 18 4 21 5 17 6 14 7 22 8 19 9 24 10 13 11 18 12 13 14 20
2 4 24 13 12
15
3 1 0.0013000000000000002
6 8 0.0023
13 9 0.0024000000000000002
3 7 0.0013000000000000002
4 6 0.0023
14 2 0.0018000000000000002
11 3 0.0013000000000000002
2 9 0.0019
4 0 0.0014
2 12 0.0017000000000000001
0 9 0.0017000000000000001
1 14 0.0018000000000000002
3 1 0.0022
0 7 0.0018000000000000002
10 9 0.0021000000000000003
15
0 9 0.0022 0.1113932190011854
7 4 0.0014 0.13101662992813615
8 10 0.0016 0.14334837658424923
13 0 0.0018000000000000002 0.10758076871043519
5 1 0.0014 0.10832535435144072
6 4 0.0022 0.12729296903865608
13 9 0.0018000000000000002 0.10371676599865537
5 12 0.0019 0.11534092435241489
10 6 0.0012000000000000001 0.12776832513799394
10 7 0.0018000000000000002 0.10286879691800382
0 4 0.0023 0.12134926214936721
1 3 0.0012000000000000001 0.1396238152642218
5 13 0.0012000000000000001 0.1295299914045711
3 13 0.0017000000000000001 0.1352786739038433
6 10 0.002 0.10619411710852657
