15
11 1 14 2 15 4 14 5 17 7 16 8 17 9 13 10 24 11 20 12 21 13 21
7 2 18 4 12 7 12 8 12 9 20 11 13 14 17
13 0 15 1 18 3 12 4 17 5 12 6 14 7 12 8 14 9 24 10 20 12 23 13 22 14 22
2 10 24 12 17
7 0 15 1 15 3 21 7 23 9 20 11 15 13 21
5 2 16 9 16 10 22 13 22 14 24
9 1 17 4 15 5 22 7 21 9 17 10 14 11 24 13 20 14 19
4 0 13 1 19 4 15 14 17
5 1 20 2 21 4 18 6 15 10 16
1 12 15
7 1 13 4 18 5 20 7 18 8 12 12 24 14 21
11 0 17 1 13 2 21 4 23 5 17 6 22 7 16 8 24 10 14 13 21 14 24
9 0 18 1 24 2 20 3 16 4 19 5 16 7 13 9 12 14 18
9 1 21 2 21 4 22 5 17 6 16 7 18 9 20 10 18 12 21
12 0 13 1 13 2 18 3 23 4 18 5 20 7 14 8 24 9 12 10 19 11 13 12 21
15
1 4 0.0021000000000000003
7 6 0.0017000000000000001
2 4 0.0014
10 8 0.0014
3 6 0.0017000000000000001
10 12 0.0014
7 3 0.0024000000000000002
0 6 0.0012000000000000001
5 6 0.002
13 3 0.0019
10 8 0.0012000000000000001
2 4 0.0016
9 7 0.0023
0 2 0.0017000000000000001
0 1 0.0017000000000000001
15
0 11 0.0015 0.11285844992251176
10 2 0.0013000000000000002 0.12740758400517543
9 1 0.0013000000000000002 0.1011572407420994
11 7 0.0021000000000000003 0.12084584739483041
12 13 0.0023 0.14589590345532136
13 5 0.0022 0.10479811192485045
13 2 0.0015 0.1379881311683469
3 12 0.002 0.1350238607640516
12 10 0.0014 0.10598928001939682
3 4 0.002 0.14541064981427704
11 5 0.0012000000000000001 0.11363635644751287
4 9 0.0016 0.11323878163798833
11 1 0.0016 0.14699523318249838
0 12 0.0024000000000000002 0.13219509673049884
0 8 0.0012000000000000001 0.11438929102045099
