15
9 2 23 3 19 4 17 5 22 6 13 7 22 8 21 9 14 12 21
13 0 16 2 14 3 12 4 12 5 16 6 18 7 24 8 20 10 21 11 15 12 24 13 12 14 16
12 0 22 1 15 3 24 5 18 6 24 7 15 8 14 9 21 10 23 11 24 12 24 14 17
7 1 14 2 18 5 18 6 13 12 16 13 21 14 13
3 8 18 11 17 13 20
4 0 14 8 16 10 17 12 22
11 0 24 1 17 2 16 3 17 4 18 7 16 8 12 9 15 10 12 12 14 14 16
12 0 18 1 20 2 18 3 15 4 14 5 14 8 24 9 12 10 19 11 17 13 18 14 13
5 1 20 2 16 4 15 6 13 12 12
3 5 12 12 19 14 12
1 11 23
12 0 12 1 21 2 21 4 18 5 24 6 17 7 23 8 17 9 18 10 17 12 24 14 17
11 0 21 1 21 2 18 4 18 5 20 7 22 8 18 9 13 10 20 13 19 14 13
2 8 24 9 20
11 0 17 1 16 3 17 5 23 7 24 8 14 9 18 10 19 11 15 12 18 13 15
15
2 3 0.0023
12 11 0.0015
0 5 0.0021000000000000003
7 2 0.0013000000000000002
2 7 0.0016
11 13 0.0012000000000000001
13 2 0.0016
7 13 0.0013000000000000002
10 0 0.0023
1 2 0.0021000000000000003
5 14 0.0015
2 3 0.0018000000000000002
5 13 0.0013000000000000002
11 10 0.0016
7 12 0.0017000000000000001
15
4 11 0.0013000000000000002 0.12651991682175087
3 0 0.0014 0.13096396678969768
10 5 0.0015 0.10669964630127704
11 1 0.0012000000000000001 0.10360948607995084
6 3 0.0019 0.10830964928714155
9 0 0.002 0.1409874698209012
14 6 0.0017000000000000001 0.10616702355380088
10 6 0.0023 0.1436302649084716
10 14 0.0017000000000000001 0.10558555213624396
8 3 0.0017000000000000001 0.1054178564402227
8 3 0.002 0.13219297377734568
8 13 0.0017000000000000001 0.13549872397777069
12 6 0.0023 0.12015964075489148
7 6 0.0022 0.14771501514620752
3 13 0.0023 0.10486187196208534
