15
6 3 16 5 18 6 13 8 20 9 19 11 22
11 0 22 4 15 5 24 6 17 7 19 8 12 9 12 10 17 12 18 13 18 14 20
2 11 15 14 17
3 2 24 8 14 13 24
5 0 14 8 22 11 14 13 23 14 14
3 2 15 4 20 8 16
5 3 20 4 18 5 24 7 13 12 22
13 0 23 1 15 2 21 3 18 4 16 5 16 6 19 8 14 9 22 10 24 11 16 12 24 13 17
3 3 18 5 15 12 19
8 1 13 2 23 3 12 5 14 7 12 10 24 11 15 12 14
9 0 13 3 19 4 18 8 18 9 16 11 22 12 22 13 17 14 18
2 1 17 9 12
4 2 19 3 16 9 18 13 24
13 0 18 1 20 2 17 3 21 4 20 5 22 6 18 7 15 8 24 10 15 11 24 12 13 14 23
11 0 21 1 24 2 15 3 21 4 18 6 13 7 19 10 15 11 13 12 17 13 13
15
0 13 0.0016
13 8 0.0023
3 13 0.0018000000000000002
7 1 0.0013000000000000002
6 8 0.0023
5 12 0.0013000000000000002
10 4 0.0013000000000000002
9 7 0.0012000000000000001
1 8 0.0022
2 12 0.0015
10 12 0.0021000000000000003
11 9 0.0016
12 5 0.0021000000000000003
3 11 0.0014
3 12 0.0016
15
7 13 0.0019 0.11374123055659713
1 8 0.0022 0.12032456405819324
7 8 0.0017000000000000001 0.1449813077423083
6 0 0.0021000000000000003 0.1237905756875545
5 0 0.0013000000000000002 0.10744900841817309
5 13 0.0015 0.10602665861634272
5 7 0.0024000000000000002 0.13292720567227062
8 6 0.002 0.11683511818553019
13 5 0.0016 0.120196819583774
8 1 0.0024000000000000002 0.1253444376836679
6 9 0.0024000000000000002 0.12338623100087938
13 1 0.0012000000000000001 0.12586370026462657
7 8 0.0013000000000000002 0.11232625003027769
10 8 0.0017000000000000001 0.13722944776723545
11 5 0.0021000000000000003 0.1455834066271955
