15
10 1 17 2 14 3 13 5 19 6 12 8 12 9 13 11 18 13 22 14 15
9 2 14 3 20 4 12 6 13 7 24 8 14 9 14 10 19 11 13
8 1 15 3 23 5 16 7 12 9 19 10 20 11 22 13 13
10 0 13 2 18 4 18 5 22 6 18 7 20 9 18 10 20 13 16 14 13
3 8 18 9 23 11 22
9 2 17 3 21 4 17 7 14 8 22 9 23 11 19 12 20 14 24
11 0 23 1 20 3 24 4 19 5 18 7 22 9 16 10 17 11 16 12 15 13 21
13 1 14 2 13 3 21 4 18 5 24 6 22 8 15 9 24 10 16 11 20 12 17 13 16 14 19
5 0 16 1 21 2 20 4 22 13 18
8 0 23 2 23 3 23 8 20 10 20 11 22 13 13 14 15
8 1 24 2 15 7 20 8 23 9 12 11 13 12 23 13 24
10 0 24 1 19 2 21 3 21 4 12 8 19 9 13 10 17 12 14 13 14
2 10 20 13 14
6 2 20 6 21 9 16 10 20 12 23 14 17
7 0 23 1 20 3 13 4 17 5 17 9 21 13 24
15
9 4 0.0017000000000000001
10 4 0.0012000000000000001
13 10 0.0013000000000000002
2 0 0.0022
5 11 0.002
1 4 0.0018000000000000002
4 13 0.0022
14 10 0.0013000000000000002
11 4 0.0024000000000000002
2 10 0.0024000000000000002
12 14 0.0018000000000000002
14 7 0.0013000000000000002
2 5 0.0019
6 9 0.0021000000000000003
4 2 0.0012000000000000001
15
13 11 0.0012000000000000001 0.1020651449423075
4 3 0.0016 0.13586988622945606
11 1 0.0024000000000000002 0.11117761062587825
12 2 0.0019 0.10175514524847189
3 6 0.0023 0.13007241809437756
13 1 0.0017000000000000001 0.1304892186602937
5 11 0.0021000000000000003 0.141596914889045
11 6 0.0013000000000000002 0.14218598408072472
11 5 0.0023 0.1203789687339299
12 13 0.0021000000000000003 0.1463390192515271
6 13 0.0012000000000000001 0.11083117314694495
12 6 0.0021000000000000003 0.14439106558754236
8 0 0.0024000000000000002 0.10921071819257659
1 2 0.0012000000000000001 0.11027120010634157
5 2 0.0015 0.12866303737908324
