15
3 1 17 11 24 13 17
2 4 24 9 13
2 0 22 3 19
3 0 19 1 12 14 24
9 0 18 1 24 3 13 6 17 7 17 8 13 9 12 10 20 12 20
10 0 24 1 24 4 19 7 19 8 15 9 24 10 12 12 20 13 22 14 23
4 1 15 3 23 10 15 14 13
2 3 16 10 13
11 0 19 1 24 2 18 4 19 6 21 7 16 9 20 10 19 11 17 13 19 14 12
1 2 13
4 5 23 6 22 12 17 13 17
2 3 20 10 18
5 3 16 5 12 8 23 13 17 14 17
8 0 12 3 22 6 20 8 23 9 13 11 14 12 22 14 19
4 0 15 6 16 12 18 13 19
15
13 14 0.0022
5 2 0.0016
11 4 0.0017000000000000001
13 8 0.0019
9 7 0.0019
10 9 0.0012000000000000001
14 3 0.0015
0 8 0.0019
12 14 0.0012000000000000001
14 4 0.0017000000000000001
7 9 0.0012000000000000001
6 2 0.0023
1 14 0.0018000000000000002
5 0 0.0013000000000000002
3 9 0.0024000000000000002
15
11 6 0.0013000000000000002 0.12894096170112143
0 7 0.0022 0.1412478626748094
13 12 0.0023 0.13954235440805368
13 4 0.002 0.14748660781383202
0 4 0.0012000000000000001 0.10642027839928911
12 0 0.0022 0.11298625030890776
5 14 0.0022 0.14893359948952078
10 2 0.0024000000000000002 0.13225238318731294
13 8 0.0017000000000000001 0.10641500956562877
6 5 0.0024000000000000002 0.14419896542924507
10 2 0.0012000000000000001 0.1487272696391727
6 13 0.0016 0.11549844202460695
7 10 0.0021000000000000003 0.1298293031807753
9 12 0.0023 0.11458005194567335
10 0 0.0015 0.14794928646856736
