10
7 2 16 3 20 4 18 6 13 7 15 8 24 9 15
4 3 18 4 22 7 13 9 24
3 3 22 4 16 9 15
6 0 20 1 21 4 20 6 15 7 20 8 22
3 2 13 7 15 9 20
4 2 13 3 13 6 20 8 22
6 0 12 1 15 2 23 5 23 7 18 8 16
3 3 14 4 18 9 19
3 0 13 4 15 6 15
3 2 13 5 24 8 19
5
7 5 0.0022
1 9 0.0012000000000000001
8 1 0.0016
8 3 0.0019
7 3 0.0017000000000000001
10
1 7 0.0016 0.13141517351890125
0 9 0.0017000000000000001 0.14290125119042968
6 5 0.0024000000000000002 0.11522714145413326
4 7 0.0019 0.10019800220596566
2 6 0.0015 0.14741474694957285
7 9 0.0013000000000000002 0.11042194256412315
4 0 0.0016 0.10650670749439237
6 1 0.0015 0.10735362954264371
4 5 0.0017000000000000001 0.10019211243311338
6 1 0.0019 0.12425297628335051
