10
7 1 18 3 16 4 14 5 18 6 19 7 12 8 13
5 2 17 3 22 5 13 6 16 8 19
7 0 24 1 12 3 23 4 23 5 14 6 19 9 14
2 5 13 8 23
3 1 19 2 16 8 23
4 0 21 6 14 8 24 9 20
7 0 13 2 22 4 12 5 24 7 14 8 13 9 19
3 0 21 3 22 5 20
7 1 24 2 19 4 14 5 21 6 17 7 21 9 13
3 4 21 6 14 7 20
5
6 2 0.0018000000000000002
3 2 0.0024000000000000002
1 9 0.0023
7 3 0.0017000000000000001
4 1 0.0018000000000000002
10
7 3 0.0016 0.11301673047137947
7 9 0.0024000000000000002 0.12646174763109658
7 1 0.002 0.14889826165376097
7 1 0.0017000000000000001 0.10613748502119982
2 3 0.0012000000000000001 0.14888921535893254
5 8 0.0015 0.10953216052683021
7 2 0.002 0.14245225534809555
5 2 0.0017000000000000001 0.14048158884299344
6 4 0.0015 0.14541845944875495
9 5 0.0013000000000000002 0.11490469132639808
