10
4 4 15 6 17 7 16 9 13
2 5 12 6 13
8 1 19 3 13 4 15 5 12 6 15 7 23 8 23 9 20
7 2 13 4 14 5 16 6 19 7 19 8 21 9 12
3 2 19 5 16 8 13
5 1 17 3 18 4 17 6 18 8 24
5 1 24 2 23 3 16 7 22 8 20
1 5 20
8 0 23 1 20 2 24 4 13 5 13 6 22 7 20 9 16
4 4 14 6 24 7 22 8 14
5
8 3 0.0012000000000000001
9 0 0.0012000000000000001
2 1 0.0013000000000000002
6 0 0.0012000000000000001
2 7 0.0023
10
9 1 0.0014 0.12373995515887119
6 1 0.0018000000000000002 0.12676466852837096
5 1 0.0018000000000000002 0.10867583897618796
5 8 0.0013000000000000002 0.11867591210865469
8 5 0.0024000000000000002 0.10637106086928057
1 3 0.0013000000000000002 0.12495726648269637
2 7 0.0013000000000000002 0.12083086169921291
5 1 0.0014 0.12885865415721623
4 2 0.0015 0.12162654115786273
4 2 0.0015 0.14737971698922442
