10
8 1 20 2 15 3 21 4 13 5 13 7 18 8 18 9 19
6 2 24 3 20 4 21 5 17 6 14 9 15
3 1 13 4 13 6 23
2 2 13 8 17
3 1 20 5 18 8 21
8 0 16 2 21 3 16 4 16 6 13 7 21 8 24 9 12
5 0 18 1 18 5 15 7 14 8 19
1 9 13
3 0 24 2 17 7 12
1 3 20
5
6 5 0.0014
7 2 0.0018000000000000002
5 3 0.0023
6 1 0.002
5 7 0.0012000000000000001
10
0 9 0.0015 0.10346966509011712
2 5 0.0013000000000000002 0.13970287929174172
8 1 0.0013000000000000002 0.13413003742738666
7 8 0.0024000000000000002 0.13973688102938323
6 5 0.002 0.10238402779602683
3 8 0.0014 0.14292632813820766
1 9 0.0013000000000000002 0.14389037855810044
7 9 0.0024000000000000002 0.12435182133527518
0 2 0.0017000000000000001 0.13621755517664527
5 0 0.0016 0.11838503379574593
