10
7 1 24 2 18 3 24 4 23 5 12 8 21 9 24
4 2 13 3 20 5 16 9 22
6 3 13 4 16 5 14 7 20 8 12 9 16
3 2 12 4 12 6 13
6 0 15 1 20 2 20 5 13 7 15 9 12
5 0 20 1 18 4 17 6 19 9 21
3 1 13 2 19 4 13
8 0 13 1 20 2 24 3 22 4 22 6 15 8 19 9 13
1 0 14
8 0 20 1 12 2 13 3 23 5 17 6 12 7 12 8 12
5
6 5 0.0016
3 8 0.0015
2 8 0.002
8 2 0.0014
4 1 0.0021000000000000003
10
2 6 0.0018000000000000002 0.13560365539590882
5 7 0.0017000000000000001 0.13121204300888945
2 6 0.002 0.13760650795035437
7 8 0.0014 0.10571282272073008
5 4 0.0013000000000000002 0.1397223278327814
9 0 0.0018000000000000002 0.12050810350094629
4 5 0.0019 0.14781157143447413
1 9 0.0019 0.12878645216673884
3 4 0.0016 0.11694488629315736
0 1 0.0023 0.12705779324277555
