10
3 4 20 7 14 8 13
4 0 13 4 23 5 21 7 17
5 4 15 5 18 6 21 7 20 9 16
4 2 23 4 17 5 13 9 21
1 3 17
8 0 16 1 20 2 14 3 18 4 15 6 18 7 12 8 14
5 0 19 1 15 3 13 4 23 9 13
1 2 13
7 0 24 1 18 2 17 3 23 4 17 5 23 6 13
1 7 17
5
1 4 0.0018000000000000002
5 8 0.0013000000000000002
6 2 0.0023
1 8 0.0021000000000000003
9 5 0.0021000000000000003
10
2 8 0.0021000000000000003 0.14201594076927582
6 9 0.0021000000000000003 0.11907894555760445
3 2 0.0016 0.147267298047828
0 5 0.0021000000000000003 0.10073255568172373
7 6 0.0018000000000000002 0.12759143647669857
2 1 0.0021000000000000003 0.13056842559677717
2 1 0.0022 0.14346838672022103
1 3 0.0018000000000000002 0.10356216270531347
6 1 0.0017000000000000001 0.1207752122059049
6 3 0.0024000000000000002 0.14776917519701432
