10
4 1 17 2 19 6 17 9 20
5 2 21 4 12 5 21 6 15 8 13
6 0 16 1 12 3 21 5 20 7 14 8 24
8 0 16 1 16 2 18 4 16 5 17 6 14 7 15 8 16
6 0 20 2 13 3 15 5 13 6 14 9 21
4 1 14 6 23 8 24 9 12
3 1 24 5 15 8 13
8 0 17 1 17 2 21 3 18 5 17 6 18 8 15 9 18
5 0 20 1 22 3 15 5 17 6 17
3 1 22 3 17 8 17
5
6 3 0.0018000000000000002
2 6 0.0021000000000000003
9 0 0.0018000000000000002
3 0 0.0012000000000000001
8 9 0.0021000000000000003
10
2 3 0.0018000000000000002 0.13600436476339478
6 5 0.002 0.12307602267720454
3 8 0.0015 0.126755444350304
3 7 0.0019 0.12924277125310635
7 2 0.0012000000000000001 0.1056848991785264
4 7 0.0023 0.14222575668703993
2 6 0.0022 0.12048189011641074
1 9 0.002 0.1288907857137591
0 8 0.0019 0.11795044336329615
1 0 0.0016 0.13948803164791734
