10
3 4 21 5 23 8 23
6 0 24 3 21 4 15 6 20 7 24 9 20
7 1 16 3 16 5 22 6 14 7 12 8 12 9 12
4 2 19 4 24 7 12 8 15
1 7 15
8 0 22 1 23 2 19 3 23 4 21 6 24 8 13 9 21
4 0 21 2 12 4 12 5 14
6 1 13 2 20 3 22 5 16 6 17 9 19
2 2 21 3 20
3 0 17 4 13 8 23
5
4 7 0.0012000000000000001
5 2 0.0023
7 3 0.0023
2 1 0.0014
2 7 0.0018000000000000002
10
0 8 0.0022 0.12211473568282576
6 4 0.0014 0.14344848921383627
0 2 0.0015 0.11519835183630685
6 2 0.002 0.14788262241939135
5 0 0.0023 0.10104036482318135
3 0 0.0017000000000000001 0.1364089752375962
4 5 0.0014 0.14352806185784817
2 5 0.0019 0.11342198305360411
7 4 0.0021000000000000003 0.13873601508602076
9 5 0.0024000000000000002 0.10573915082030103
