10
3 1 15 4 19 8 20
5 2 12 3 12 4 22 8 24 9 20
2 7 20 8 19
6 1 18 2 23 5 12 6 12 7 19 9 14
8 0 12 1 20 3 21 5 21 6 15 7 22 8 13 9 13
6 0 23 1 13 2 23 4 17 8 15 9 15
4 3 21 5 13 7 14 9 23
4 2 19 4 17 6 17 9 15
4 0 19 2 17 4 18 7 15
1 5 14
5
4 5 0.002
7 6 0.0017000000000000001
9 3 0.0024000000000000002
7 3 0.0012000000000000001
5 9 0.0012000000000000001
10
8 2 0.0016 0.14123947822445235
1 3 0.0013000000000000002 0.14910974085975837
8 9 0.002 0.13668481725445852
9 7 0.0019 0.13368186355267908
3 6 0.0016 0.1268566834385329
8 3 0.0019 0.1357371774091364
4 6 0.0014 0.11727323075787682
5 7 0.002 0.10552058295351865
2 6 0.0023 0.11634801620932575
8 5 0.002 0.10417199213466506
