10
8 1 18 2 21 4 14 5 20 6 24 7 22 8 23 9 21
4 0 13 3 16 5 23 8 22
1 8 15
3 1 20 2 19 7 12
4 1 12 5 14 8 23 9 15
1 0 24
7 0 20 1 21 3 18 4 20 5 22 8 16 9 21
3 0 23 2 13 4 20
3 2 21 3 14 7 23
1 0 14
5
4 3 0.0017000000000000001
6 9 0.0024000000000000002
1 3 0.0024000000000000002
5 7 0.0014
7 5 0.0015
10
1 5 0.0023 0.11596191217182208
9 8 0.002 0.113717250043875
3 4 0.0016 0.1444272088547914
1 5 0.0018000000000000002 0.14142598429851416
4 8 0.0014 0.13183176445792705
3 6 0.0017000000000000001 0.12771102990764974
9 6 0.0014 0.10636608688065587
4 9 0.0015 0.11556596038563986
2 5 0.0023 0.1291086792553096
9 0 0.0013000000000000002 0.12270950443078817
