10
8 1 16 3 16 4 21 5 19 6 23 7 17 8 18 9 16
4 0 14 3 15 7 20 8 15
8 0 20 1 22 4 19 5 17 6 19 7 19 8 16 9 17
2 0 17 2 12
1 8 24
7 0 21 2 13 3 17 4 23 6 15 7 20 8 13
2 4 22 9 13
5 0 15 1 18 4 19 8 13 9 24
2 6 17 9 17
8 0 13 1 22 2 22 3 18 5 24 6 19 7 23 8 16
5
7 8 0.0015
9 3 0.0012000000000000001
8 6 0.0012000000000000001
0 4 0.0024000000000000002
9 0 0.0017000000000000001
10
9 1 0.0023 0.11700609579822484
9 8 0.0013000000000000002 0.10028130087757242
7 5 0.0014 0.12648926451947037
8 5 0.0022 0.14724206777173787
1 5 0.0024000000000000002 0.13668126375277273
2 4 0.0023 0.14297371956883856
1 6 0.0012000000000000001 0.12621836460054317
1 3 0.0022 0.14298906759771296
0 4 0.0012000000000000001 0.11322115780291925
4 3 0.0016 0.12782964490915966
