10
4 1 17 4 23 6 24 8 17
6 2 21 3 24 4 24 6 13 8 17 9 15
6 0 20 3 17 4 23 5 15 6 21 7 22
3 4 13 5 24 8 18
7 0 21 1 12 5 16 6 22 7 16 8 16 9 17
5 1 19 2 24 4 20 6 15 9 15
5 3 20 4 12 5 15 8 18 9 17
5 0 16 1 12 3 12 5 12 9 15
1 0 13
2 5 12 8 18
5
6 0 0.0013000000000000002
1 6 0.0022
0 2 0.0013000000000000002
0 9 0.0018000000000000002
4 6 0.0015
10
8 0 0.0018000000000000002 0.13844182832891444
8 3 0.0015 0.11794337858415657
8 2 0.0016 0.13269350375484698
5 9 0.0014 0.12369610788568111
9 3 0.0012000000000000001 0.11104457975192733
5 3 0.0016 0.1253785239615342
5 4 0.0019 0.14803411001547498
5 0 0.0012000000000000001 0.13101514096934325
3 0 0.0018000000000000002 0.12801811806785449
6 4 0.0017000000000000001 0.12176289262542393
